PredictedProbability|PredictedLabel
0.4894957639938818|0.0
0.493430110274925|0.0
0.4946906918038435|0.0
0.48736388081974585|0.0
0.4903963109196537|0.0
0.4868281877222844|0.0
0.4904925531628368|0.0
0.49268371288987367|0.0
0.4886285975649269|0.0
0.49264579588324103|0.0
0.4937104595912394|0.0
0.49260876210425525|0.0
0.49038601298633067|0.0
0.49027249375907306|0.0
0.4910420702830343|0.0
0.48721850483764356|0.0
0.49115932865321976|0.0
0.4922139066612683|0.0
0.49172749554468825|0.0
0.4960467806902821|0.0
0.49677822629452667|0.0
0.49252373845419295|0.0
0.49235179665108736|0.0
0.49370526357700095|0.0
0.4940170956086482|0.0
0.49250736025495123|0.0
0.49281441716992785|0.0
0.49343227503415293|0.0
0.48889902159828996|0.0
0.494674905356578|0.0
0.49434625336371046|0.0
0.4926054774290919|0.0
0.49250736025495123|0.0
0.49262722052043906|0.0
0.4926218557239435|0.0
0.4928619446651804|0.0
0.4928619446651804|0.0
0.4953655427514309|0.0
0.49377589631816954|0.0
0.491749874255553|0.0
0.4928307956641759|0.0
0.49278278667258957|0.0
0.49308984846092824|0.0
0.49436859621152246|0.0
0.4946021744363661|0.0
0.49343227503415293|0.0
0.49258651697135053|0.0
0.4922376239219734|0.0
0.49225248672901273|0.0
