PredictedProbability|PredictedLabel
0.4876085225525383|0.0
0.48839672978525356|0.0
0.4873812583451371|0.0
0.4877639833670443|0.0
0.4881019411467885|0.0
0.4881019411467885|0.0
0.48896373982319336|0.0
0.49045014849661756|0.0
0.4962735615438383|0.0
0.4911665501478961|0.0
0.48859449350290723|0.0
0.48873392692241907|0.0
0.4898067677538841|0.0
0.4905008248336934|0.0
0.4888429363583357|0.0
0.488836609944617|0.0
0.4897255669644014|0.0
0.48917893320157013|0.0
0.4903464445914552|0.0
0.4887037588447564|0.0
0.48743882735882466|0.0
0.4889229172622924|0.0
0.48733615802300045|0.0
0.48859694484783783|0.0
0.48743882735882466|0.0
0.48719547846164524|0.0
0.4877056281963785|0.0
0.4881019411467885|0.0
0.48532522775655274|0.0
0.48910132510808646|0.0
0.489664889238302|0.0
0.48800884508809195|0.0
0.48733319453224083|0.0
0.48939957185184657|0.0
0.4876177996375649|0.0
0.4884543635420611|0.0
0.488796675086273|0.0
0.49347260000646453|0.0
0.4928607284356349|0.0
0.48939957185184657|0.0
0.489195277113512|0.0
0.48824136819949654|0.0
0.4880752101222225|0.0
0.48715909656941664|0.0
0.4882500860749907|0.0
0.4897255669644014|0.0
0.4885547210035935|0.0
0.488393594756281|0.0
0.4881019411467885|0.0
0.4893752626004671|0.0
0.48767664941740846|0.0
