PredictedProbability|PredictedLabel
0.4938528076011158|0.0
0.4914526399106695|0.0
0.49000798551527125|0.0
0.4902708601307209|0.0
0.4890549448629237|0.0
0.4901836915426009|0.0
0.49105310948707187|0.0
0.4869925934479404|0.0
0.486167531767479|0.0
0.49031092033553175|0.0
0.4915641463693308|0.0
0.4874517079252455|0.0
0.487029026504523|0.0
0.4880197742099375|0.0
0.486442811126935|0.0
0.48804543913580967|0.0
0.4861879398385222|0.0
0.48598206978641756|0.0
0.4871686383259444|0.0
0.4891923252778759|0.0
0.48743625684809827|0.0
0.48886703780191004|0.0
0.4911996481744346|0.0
0.48725245055147515|0.0
0.4879430973204666|0.0
0.4880288329993923|0.0
0.486993894917305|0.0
0.4865194762585449|0.0
0.4870459646120139|0.0
0.4874429591064086|0.0
0.48866903300691733|0.0
0.48876962897802567|0.0
0.49062489866652054|0.0
0.4029778063975276|0.0
0.40036238044822486|0.0
0.48914090754995937|0.0
0.4898320258363035|0.0
0.49404402528711694|0.0
0.49183346549368423|0.0
0.49147092444363644|0.0
0.49147092444363644|0.0
0.49100537971732916|0.0
0.4869734445297831|0.0
0.48743882735882466|0.0
0.4884829761406112|0.0
0.4877698533703641|0.0
0.48743127095864824|0.0
