PredictedProbability|PredictedLabel
0.48971439807630557|0.0
0.4918605904991515|0.0
0.48971314464332005|0.0
0.486567681398606|0.0
0.48721684675586846|0.0
0.4875355718500778|0.0
0.48714999227099026|0.0
0.49344381538248716|0.0
0.49269111835639373|0.0
0.49269111835639373|0.0
0.49291837516336284|0.0
0.4875169945069996|0.0
0.48570609204326254|0.0
0.48692734483749944|0.0
0.48834039372913773|0.0
0.48879394036371615|0.0
0.4864385196948063|0.0
0.4871045293093954|0.0
0.4864553716356626|0.0
0.48570609204326254|0.0
0.48635519677832434|0.0
0.48700186348478985|0.0
0.489842161436158|0.0
0.4873440080868528|0.0
0.488341604812594|0.0
0.4862871479591551|0.0
0.48691039950294307|0.0
0.4864553716356626|0.0
