PredictedProbability|PredictedLabel
0.487443676269562|0.0
0.48665271205036903|0.0
0.4878742205533231|0.0
0.48720640631580453|0.0
0.48676847227796793|0.0
0.48727347844210334|0.0
0.4879721364928673|0.0
0.48693972015261217|0.0
0.48665271205036903|0.0
0.48623577603380774|0.0
0.4860471792910501|0.0
0.4877423560920562|0.0
0.4866988591261737|0.0
0.49407713255033514|0.0
0.4954089495562786|0.0
0.4925021402875296|0.0
0.48723667291040534|0.0
0.4876711033422443|0.0
0.48651556246485755|0.0
0.4876543484208566|0.0
0.4885513827011638|0.0
0.48944986915653305|0.0
0.4864619234540569|0.0
0.4870130083635552|0.0
0.4858931850498669|0.0
0.4859262820114041|0.0
0.4864429727605824|0.0
0.4882583751682647|0.0
0.48974767230899513|0.0
0.48997658717565545|0.0
0.485124235257256|0.0
0.48485255361182833|0.0
0.4853202572921672|0.0
0.4859412240101913|0.0
0.4866160308043104|0.0
0.48716055559278515|0.0
0.48652092093503346|0.0
0.48627150798565144|0.0
0.48651556246485755|0.0
