PredictedProbability|PredictedLabel
0.4876840933425716|0.0
0.4881570654891459|0.0
0.4875074110348232|0.0
0.48602251749409114|0.0
0.4864825827835235|0.0
0.4853422612520238|0.0
0.4863128458160938|0.0
0.4878436006189971|0.0
0.4895666174294197|0.0
0.4872914785990682|0.0
0.48575279498872986|0.0
0.4860797557929839|0.0
0.48688331124824447|0.0
0.4869265332232155|0.0
0.48788069011512125|0.0
0.4893410223257459|0.0
0.48946921702909757|0.0
0.4888450513068084|0.0
0.4867947669337505|0.0
0.488882725691545|0.0
0.48980305595156165|0.0
0.4891570436878818|0.0
0.48705421882889305|0.0
0.48687512095036395|0.0
0.48766320172465477|0.0
0.48751536194041395|0.0
0.48725174484709644|0.0
0.4872369168020849|0.0
0.48694529648816415|0.0
0.4882184783635121|0.0
0.48694529648816415|0.0
0.4876012550419878|0.0
0.48921836851024014|0.0
0.487065863483749|0.0
0.4867952918582664|0.0
0.487138317598342|0.0
0.4868204267753746|0.0
0.4876723130756565|0.0
0.487522325458798|0.0
0.4881301133138042|0.0
0.48646079305915924|0.0
0.4856496707571384|0.0
0.4871912622800283|0.0
0.48610873243058206|0.0
0.4899182946162504|0.0
