PredictedProbability|PredictedLabel
0.4865819693798392|0.0
0.4845797925305248|0.0
0.4858116519145023|0.0
0.48710322162352326|0.0
0.4860108652764746|0.0
0.48651677624845263|0.0
0.48912495412252255|0.0
0.48669948022704107|0.0
0.4866260309554552|0.0
0.48673070642031513|0.0
0.48616068809678653|0.0
0.4873264964004997|0.0
0.486418753555541|0.0
0.48560462190216286|0.0
0.487537152672728|0.0
0.4857145882300332|0.0
0.48712789642939586|0.0
0.48730937082304326|0.0
0.4860381536141582|0.0
0.4844771266149148|0.0
0.48500306340147353|0.0
0.48545793445542895|0.0
0.4854488781381257|0.0
0.48587265114745826|0.0
0.4864237008107276|0.0
0.4864237008107276|0.0
0.48642073760400173|0.0
0.48719795665355903|0.0
0.4864594334965254|0.0
0.4882943832985265|0.0
0.4865160796195828|0.0
0.4865251498382947|0.0
