PredictedProbability|PredictedLabel
0.4866009567725857|0.0
0.48720550818677777|0.0
0.4854314463723394|0.0
0.4861878558175639|0.0
0.4856509323018547|0.0
0.48560034425022885|0.0
0.4850316617611073|0.0
0.4852586885518669|0.0
0.4862596135473883|0.0
0.4862596135473883|0.0
0.48467462086046265|0.0
0.48715501321066157|0.0
0.4859831590738917|0.0
0.4856880512290959|0.0
0.48297991557883085|0.0
0.487210711570854|0.0
0.4871954142237932|0.0
0.48648967543836813|0.0
0.4861380745063928|0.0
0.48625665039383553|0.0
0.48478718036486207|0.0
0.4853712559406936|0.0
0.4858008188373973|0.0
0.4851118240366616|0.0
0.48739506942528327|0.0
0.48651556246485755|0.0
0.48539580067153265|0.0
0.48591259139498955|0.0
0.48691805445549163|0.0
0.4893306879594768|0.0
