PredictedProbability|PredictedLabel
0.48685987843697204|0.0
0.4872025447354758|0.0
0.48881532250192716|0.0
0.48774162621914713|0.0
0.48617332913872296|0.0
0.48651556246485755|0.0
0.4870620578009929|0.0
0.4865996564571507|0.0
0.4852089835099426|0.0
0.48692901979434916|0.0
0.48651556246485755|0.0
0.4865876357226641|0.0
0.4848448161531012|0.0
0.48597991785275685|0.0
0.4860411682992656|0.0
0.4865109700269316|0.0
0.48794671090326147|0.0
0.48670669559186586|0.0
0.4862597871714733|0.0
0.48601603551180217|0.0
0.4856816302636845|0.0
0.48743031248051344|0.0
0.4896039220460012|0.0
0.48822663705816016|0.0
0.48877322489082486|0.0
0.48742275611031366|0.0
0.4878616322312961|0.0
0.4887235733017796|0.0
0.48704215534835205|0.0
0.48617332913872296|0.0
0.48605318831435135|0.0
0.48578226984837736|0.0
0.48485312067701214|0.0
0.48544006469447887|0.0
0.4865109700269316|0.0
0.4854445213007469|0.0
0.4863407420204149|0.0
0.48667370311067554|0.0
0.4863815718593788|0.0
0.48564796935112686|0.0
0.4859422285413744|0.0
0.4853712559406936|0.0
0.4867449284086148|0.0
0.4864955753195719|0.0
0.4863539377712849|0.0
0.4854445213007469|0.0
