PredictedProbability|PredictedLabel
0.4868288769191845|0.0
0.4869079796964091|0.0
0.48707898654828496|0.0
0.49196678917280473|0.0
0.4962616227050119|0.0
0.4886337909750113|0.0
0.4905300938496873|0.0
0.491146404876985|0.0
0.49280954767209856|0.0
0.4968280526171412|0.0
0.49791638096899216|0.0
0.492475356251366|0.0
0.4939637352656945|0.0
0.49053784214822815|0.0
0.4922212072906779|0.0
0.4916509181414912|0.0
0.4910996093146536|0.0
0.49011908095287327|0.0
0.48717827535238256|0.0
0.4901010949394256|0.0
0.4936088904016735|0.0
0.4897103418797238|0.0
0.4854673896170507|0.0
0.4853802587738043|0.0
0.4871925969295386|0.0
0.4858187758306386|0.0
0.4852653546137933|0.0
