PredictedProbability|PredictedLabel
0.4866009567725857|0.0
0.4878295783817649|0.0
0.48975502799876636|0.0
0.48864657203710715|0.0
0.48717422888293616|0.0
0.48654065948023906|0.0
0.4866731748136524|0.0
0.48625665039383553|0.0
0.4868462293191136|0.0
0.48689206273625785|0.0
0.4876313864696799|0.0
0.48742775935974514|0.0
0.48646025258035824|0.0
0.4868190014888623|0.0
0.4863168847107549|0.0
0.48593954860348065|0.0
0.4876877067187089|0.0
0.4865273939729267|0.0
0.4890298066046561|0.0
0.4876313864696799|0.0
0.4851369214984679|0.0
0.48639698321666214|0.0
0.48713909676826994|0.0
0.48467462086046265|0.0
0.48654627263574246|0.0
0.4865655639257056|0.0
0.48560034425022885|0.0
0.4875795079426773|0.0
0.4856203467380913|0.0
0.48511237751784714|0.0
0.4864620395009178|0.0
0.485906863861332|0.0
0.48678631360828506|0.0
0.4856665180554165|0.0
0.4868593746040588|0.0
0.4873379211245203|0.0
0.4886337909750113|0.0
0.4860826985649185|0.0
0.48726647392004274|0.0
0.48692561045763344|0.0
0.4861513771083866|0.0
0.4850316617611073|0.0
0.4856157542579272|0.0
0.4867600919972909|0.0
0.4850316617611073|0.0
0.4856157542579272|0.0
0.48703085015143116|0.0
0.4875795079426773|0.0
0.48720550818677777|0.0
0.4861513771083866|0.0
0.4861513771083866|0.0
0.48614841399025793|0.0
0.4858425009739314|0.0
0.4878882478511747|0.0
