PredictedProbability|PredictedLabel
0.4871154688786255|0.0
0.48857952454020814|0.0
0.4884152505172615|0.0
0.486886067068173|0.0
0.4863392159925984|0.0
0.48704652704098195|0.0
0.48912481540567|0.0
0.48621507632922656|0.0
0.48542500458637267|0.0
0.4882630040780485|0.0
0.48688903042221665|0.0
0.4864623411290991|0.0
0.48801890612598603|0.0
0.48808489385984416|0.0
0.48774776446477797|0.0
0.4866308176125759|0.0
0.48704652704098195|0.0
0.48717768559303054|0.0
0.4851941853144449|0.0
0.4848416242756316|0.0
0.4850969684196318|0.0
0.486886067068173|0.0
0.4863168847107549|0.0
0.4867205492982631|0.0
0.486886067068173|0.0
0.486414617058711|0.0
0.48700359993415104|0.0
0.4868604051307353|0.0
0.4876895667071492|0.0
0.48754916197909537|0.0
0.4866055223597238|0.0
0.4866055223597238|0.0
0.48774504024404397|0.0
0.48665271205036903|0.0
0.4875009545557692|0.0
0.4877726250281414|0.0
