PredictedProbability|PredictedLabel
0.4875239979136697|0.0
0.48549680112148175|0.0
0.48398989495268796|0.0
0.48484532914838696|0.0
0.4871790017889286|0.0
0.48743859541499385|0.0
0.48881560642012023|0.0
0.48743859541499385|0.0
0.4874129320189002|0.0
0.48574957424174464|0.0
0.48856745626510045|0.0
0.4882067661552101|0.0
0.4881256439173188|0.0
0.4867020340770659|0.0
0.48895596292055826|0.0
0.487637601274089|0.0
0.4863329732157493|0.0
0.48808399348225734|0.0
0.4877748845307228|0.0
0.48891087345337614|0.0
