PredictedProbability|PredictedLabel
0.48734548526862015|0.0
0.4905576211718887|0.0
0.4883386997452556|0.0
0.4868112993230053|0.0
0.48742958653983826|0.0
0.48941391611702445|0.0
0.48794671090326147|0.0
0.487467828913188|0.0
0.48854648435248826|0.0
0.4885824883870169|0.0
0.4888887987560693|0.0
0.48655338035295875|0.0
0.486283080268389|0.0
0.4882599861022668|0.0
0.4872025447354758|0.0
0.48644152697231646|0.0
0.4859173898871434|0.0
0.4867235126004944|0.0
0.4881370116652762|0.0
0.48818822606136153|0.0
0.4870099672823299|0.0
0.4867235126004944|0.0
0.48838911697329057|0.0
0.48639787603405626|0.0
0.4861878558175639|0.0
0.48706282344031565|0.0
0.4867145493208303|0.0
0.4869843057232724|0.0
0.4857309355863097|0.0
0.4851856406422183|0.0
0.48564796935112686|0.0
0.4853675318775605|0.0
0.4862200937384598|0.0
0.48741881766285616|0.0
0.48619845162175535|0.0
0.48539580067153265|0.0
0.4856628259263859|0.0
0.486821249411667|0.0
0.48955298472711123|0.0
0.4881972267789473|0.0
0.4865355272552481|0.0
0.48651556246485755|0.0
0.48783019990961135|0.0
0.48783540582758567|0.0
0.48737418577696234|0.0
0.485906863861332|0.0
