PredictedProbability|PredictedLabel
0.4874319540091654|0.0
0.4878266147456394|0.0
0.4891062908722836|0.0
0.4886337909750113|0.0
0.48624431180496464|0.0
0.4873335914654864|0.0
0.48833473601890026|0.0
0.48773571505595725|0.0
0.4868885629560062|0.0
0.4891173817316669|0.0
0.48476683329234804|0.0
0.4879794026151537|0.0
0.4860856616614039|0.0
0.48794421591270065|0.0
0.48720550818677777|0.0
0.485640299685218|0.0
0.48765257486781816|0.0
0.4886337909750113|0.0
0.48771409026959867|0.0
0.4884682446675144|0.0
0.4875167461466114|0.0
0.48793249307402253|0.0
0.4873641772129732|0.0
0.4865901451143164|0.0
0.48712833518897347|0.0
0.48738822954514543|0.0
0.4887435876346959|0.0
0.48740126161604813|0.0
0.48712833518897347|0.0
0.4884682446675144|0.0
0.48728664478607453|0.0
0.4876877605694417|0.0
0.4886763933810176|0.0
0.4886161572653833|0.0
0.48839969358214785|0.0
0.4879556860745406|0.0
0.4860788055298525|0.0
0.4852847747008559|0.0
0.4878295783817649|0.0
0.4868164714630258|0.0
0.4883733645830756|0.0
0.4873641772129732|0.0
0.48743586383734194|0.0
0.48657490371409307|0.0
0.4864214035616755|0.0
0.48743882735882466|0.0
0.4879676797367081|0.0
0.4858372572864977|0.0
0.4874319540091654|0.0
