PredictedProbability|PredictedLabel
0.48856596979582545|0.0
0.48881611742271214|0.0
0.48851854236950715|0.0
0.48595378780066256|0.0
0.48451050725711453|0.0
0.48555104551016737|0.0
0.4894036515580778|0.0
0.4865838287845577|0.0
0.4868429419770267|0.0
0.48672197621649055|0.0
0.48535727036453846|0.0
0.48543392612723707|0.0
0.4868429419770267|0.0
0.49040369641924875|0.0
0.49077992875178117|0.0
0.4903589830601143|0.0
0.4874108950955751|0.0
0.48607850782423223|0.0
0.4880607350177361|0.0
0.4887293248868642|0.0
0.48795659313436307|0.0
