PredictedProbability|PredictedLabel
0.008561937788414216|0.0
0.015816816876489913|0.0
0.015084925396730176|0.0
0.008847784142939817|0.0
0.00908930176764043|0.0
0.009679074272822847|0.0
0.00965771823038019|0.0
0.009166239918989275|0.0
0.009362570612500199|0.0
0.011936618628955793|0.0
0.010164737198918401|0.0
0.008327715102721843|0.0
0.009416367832792582|0.0
0.009186519240291898|0.0
0.008327715102721843|0.0
0.009038525894073552|0.0
0.008589410285109672|0.0
0.008327715102721843|0.0
0.00908930176764043|0.0
0.009679074272822847|0.0
0.007712688919313993|0.0
0.0077136813244469745|0.0
0.009230859067545682|0.0
0.009969896160121441|0.0
0.009374703267635651|0.0
0.008918342612767607|0.0
0.008327715102721843|0.0
0.008327715102721843|0.0
0.0076638306012083435|0.0
0.008381847703212979|0.0
0.009322348045427867|0.0
0.009322348045427867|0.0
0.008418112136321869|0.0
0.009412879889481772|0.0
0.008371447402548068|0.0
0.008645229151488215|0.0
0.008589410285109672|0.0
