PredictedProbability|PredictedLabel
0.011791565027677304|0.0
0.03968758238836074|0.0
0.03985560568518315|0.0
0.016510753782410695|0.0
0.06501028835396466|0.0
0.0801632275903283|0.0
0.10037477326388065|0.0
0.08833425246736916|0.0
0.05897257488767276|0.0
0.0694129205665946|0.0
0.05349757287086201|0.0
0.092117245256477|0.0
0.03335160869723909|0.0
0.01093636320939818|0.0
0.010493180304252024|0.0
0.011147267441142424|0.0
0.014757268503204019|0.0
0.014363315690667292|0.0
0.012902311596664287|0.0
0.013663760173825274|0.0
0.011739477394501157|0.0
0.009822106900388889|0.0
0.010935967796187098|0.0
0.010935967796187098|0.0
0.010935967796187098|0.0
0.010935967796187098|0.0
0.010935967796187098|0.0
0.010935967796187098|0.0
0.010935967796187098|0.0
0.012407693962815037|0.0
0.010765419409956649|0.0
0.011610493696384802|0.0
0.01243540309543021|0.0
0.013324082600457143|0.0
0.013490218383579607|0.0
0.013984230518375267|0.0
0.013306512088442402|0.0
0.018404950308720313|0.0
0.017757654343381526|0.0
0.014838149859676302|0.0
0.06469261497418531|0.0
0.040645908217902836|0.0
0.010521306475828591|0.0
0.013775209523838376|0.0
0.013057937284873988|0.0
0.011984960399429612|0.0
0.012202899952603857|0.0
0.009701509297864543|0.0
0.008710679153689567|0.0
0.008940904677491751|0.0
0.009822106900388889|0.0
0.009070954217234686|0.0
0.00878386958974095|0.0
0.010793592425842921|0.0
0.01481739579124193|0.0
0.011954122395471035|0.0
0.011299967280882083|0.0
