PredictedProbability|PredictedLabel
0.008309101092477945|0.0
0.008930397225315368|0.0
0.008725991021809551|0.0
0.008453421218906366|0.0
0.009786519803704312|0.0
0.008961482684141882|0.0
0.007826937057288801|0.0
0.008191496311196787|0.0
0.008725991021809551|0.0
0.007818100426497271|0.0
0.008018462608285308|0.0
0.008497030403642176|0.0
0.007309509648442539|0.0
0.007309509648442539|0.0
0.007309509648442539|0.0
0.00703774878350738|0.0
0.006419777372509548|0.0
0.006878460137215035|0.0
0.006482736526953443|0.0
0.006698824001221603|0.0
0.006945886175179653|0.0
0.006945886175179653|0.0
0.006482736526953443|0.0
0.007472536217978019|0.0
0.007465145064476068|0.0
0.007132099977305691|0.0
0.007021081201957555|0.0
0.0071037162628523835|0.0
0.0074074770101082415|0.0
0.009415316292927627|0.0
0.008809824780333885|0.0
0.007947831723252176|0.0
0.006990725421537674|0.0
0.007144114366024723|0.0
0.007818100426497271|0.0
0.006945886175179653|0.0
0.0074074770101082415|0.0
