PredictedProbability|PredictedLabel
0.01013539691926745|0.0
0.00818774746997798|0.0
0.007340529408163928|0.0
0.0063744148925368805|0.0
0.006586915646494734|0.0
0.024136635487129306|0.0
0.024536075427160565|0.0
0.008371526737053589|0.0
0.016173886691927097|0.0
0.0243958216168324|0.0
0.02351987795510958|0.0
0.01876974118914191|0.0
0.019789191641516504|0.0
0.020509076843233196|0.0
0.020509076843233196|0.0
0.01876974118914191|0.0
0.019789191641516504|0.0
0.020509076843233196|0.0
0.021908537519243185|0.0
0.021908537519243185|0.0
0.021908537519243185|0.0
0.021908537519243185|0.0
0.0243958216168324|0.0
0.0455657996077495|0.0
0.04301028801713992|0.0
0.025407147699181353|0.0
0.027411808727957863|0.0
0.02762224959469692|0.0
0.021908537519243185|0.0
0.022734983500984664|0.0
0.031330278958014345|0.0
0.031330278958014345|0.0
0.031330278958014345|0.0
0.03515399468980265|0.0
0.046617609086487655|0.0
0.043482338209933344|0.0
0.055502278948934475|0.0
0.0593543128263327|0.0
0.039113763306879004|0.0
0.07769162706381004|0.0
0.11496622580148882|0.0
0.03121961503560046|0.0
0.0303403034499749|0.0
0.03447159358221332|0.0
0.04752561410427228|0.0
0.01194807619210544|0.0
0.006325841127346341|0.0
0.005888617703605654|0.0
0.006105982001657592|0.0
0.006105982001657592|0.0
0.006811690703462473|0.0
0.0065628664970318286|0.0
0.006811690703462473|0.0
