PredictedProbability|PredictedLabel
0.010440136900101088|0.0
0.05464405387072191|0.0
0.047857727469858315|0.0
0.009322348045427867|0.0
0.008898649976843741|0.0
0.009645222866111252|0.0
0.009764999445086719|0.0
0.00960255550311587|0.0
0.012221368496373905|0.0
0.009357389374993213|0.0
0.008327715102721843|0.0
0.01348650557654798|0.0
0.01545835839392185|0.0
0.008587479770407982|0.0
0.008887127898309245|0.0
0.009310282511128852|0.0
0.008983221257283196|0.0
0.008669119608726987|0.0
0.008996496348183782|0.0
0.009322348045427867|0.0
0.009306506010970595|0.0
0.009267001102266829|0.0
0.009322348045427867|0.0
0.009322348045427867|0.0
0.00965771823038019|0.0
0.009253330585755268|0.0
0.008996496348183782|0.0
0.009322348045427867|0.0
0.009322348045427867|0.0
0.009322348045427867|0.0
0.008589410285109672|0.0
0.008327715102721843|0.0
0.008327715102721843|0.0
0.008327715102721843|0.0
0.008327715102721843|0.0
0.009363782124514915|0.0
0.00960255550311587|0.0
0.008589410285109672|0.0
0.008627615121214361|0.0
0.008887127898309245|0.0
0.009310282511128852|0.0
0.008574802995839417|0.0
0.012356714380326981|0.0
0.014337196726353477|0.0
0.009038525894073552|0.0
0.008983221257283196|0.0
0.008996496348183782|0.0
0.007712688919313993|0.0
0.00807665534639643|0.0
0.008996496348183782|0.0
0.007712688919313993|0.0
