PredictedProbability|PredictedLabel
0.008357083127194532|0.0
0.008348824419796081|0.0
0.006695120841963391|0.0
0.007254982151284566|0.0
0.007768579860723391|0.0
0.007768579860723391|0.0
0.007768579860723391|0.0
0.007768579860723391|0.0
0.007768579860723391|0.0
0.007768579860723391|0.0
0.007431811419523828|0.0
0.008658348165973873|0.0
0.007195768916872513|0.0
0.007254982151284566|0.0
0.007768579860723391|0.0
0.007250973788037902|0.0
0.007492475612186259|0.0
0.010192586093665594|0.0
0.009809736373632373|0.0
0.008664770758282703|0.0
0.007195768916872513|0.0
0.008092407141625907|0.0
0.00931132473434562|0.0
