PredictedProbability|PredictedLabel
0.010228658208031222|0.0
0.012123749077091853|0.0
0.014286649826229599|0.0
0.01479848029201835|0.0
0.013785700591912132|0.0
0.013314433324387764|0.0
0.012750492284032017|0.0
0.012398993768191466|0.0
0.010480233806825444|0.0
0.010456718703586866|0.0
0.011500507542643928|0.0
0.009157810652343992|0.0
0.00926904003787607|0.0
0.009993574034101567|0.0
0.009571828444839583|0.0
0.009646302218557097|0.0
0.010450960009609387|0.0
0.010950841945536348|0.0
0.01090037127564167|0.0
0.009916083818197072|0.0
0.009916083818197072|0.0
0.009916083818197072|0.0
0.008891956472405493|0.0
0.009649013964075021|0.0
0.01063903752311945|0.0
0.009247800633508345|0.0
0.010840864749656617|0.0
0.011495013613311799|0.0
0.010373800593578689|0.0
0.011194419221931063|0.0
0.01180737536468403|0.0
0.012461946453809748|0.0
0.011577386622144708|0.0
0.013314433324387764|0.0
0.014762847078694845|0.0
0.01380209826848269|0.0
0.012814102085582254|0.0
0.011544668778737437|0.0
0.01380209826848269|0.0
