PredictedProbability|PredictedLabel
0.00818920762510566|0.0
0.008898649976843741|0.0
0.008887127898309245|0.0
0.010304206984428601|0.0
0.010405203903319064|0.0
0.009841310346770972|0.0
0.012930149338959899|0.0
0.01852798018297249|0.0
0.012828719374692732|0.0
0.010840094120759416|0.0
0.009322348045427867|0.0
0.007712688919313993|0.0
0.007251888062887713|0.0
0.007491101326421329|0.0
0.00795623554699073|0.0
0.008226845724805386|0.0
0.009881365030977203|0.0
0.009735901368782952|0.0
0.007151641905425407|0.0
0.007432635290741594|0.0
0.0067738663058030555|0.0
0.0071063122532325045|0.0
0.010961742012651935|0.0
0.008778889545189822|0.0
0.008003310078598775|0.0
0.008398574243062881|0.0
0.008882538232981668|0.0
0.008210489244391697|0.0
0.008243918100020642|0.0
