PredictedProbability|PredictedLabel
0.009232230992914817|0.0
0.010391640127322325|0.0
0.01060475822514059|0.0
0.009916083818197072|0.0
0.010504868321376532|0.0
0.010228892096566205|0.0
0.009916083818197072|0.0
0.009916083818197072|0.0
0.009652184130401012|0.0
0.009476996235342849|0.0
0.012480267928095862|0.0
0.01262252570233349|0.0
0.008691828861232898|0.0
0.008901871754114629|0.0
0.009602511063097174|0.0
0.009916083818197072|0.0
0.009256728400054584|0.0
0.00956439052837669|0.0
0.009916083818197072|0.0
0.010162708264772972|0.0
0.009590111168801745|0.0
0.008832771077633542|0.0
0.009602511063097174|0.0
0.009157810652343992|0.0
0.008868001725110423|0.0
0.009602511063097174|0.0
0.009916083818197072|0.0
0.009916083818197072|0.0
0.009916083818197072|0.0
0.009916083818197072|0.0
0.009157810652343992|0.0
0.009516938907528314|0.0
0.009646302218557097|0.0
0.009571828444839583|0.0
0.009646302218557097|0.0
0.01018110992843118|0.0
0.009824614631856533|0.0
0.01003872293477273|0.0
0.00931132473434562|0.0
0.009646302218557097|0.0
0.009916083818197072|0.0
0.010882709307880966|0.0
