PredictedProbability|PredictedLabel
0.00852388165739539|0.0
0.00931132473434562|0.0
0.008348824419796081|0.0
0.008893817210621345|0.0
0.01003872293477273|0.0
0.008348824419796081|0.0
0.008664770758282703|0.0
0.013859930778850612|0.0
0.013666834102263306|0.0
0.00931132473434562|0.0
0.00931132473434562|0.0
0.007195768916872513|0.0
0.006698824001221603|0.0
0.006945886175179653|0.0
0.008390432493277871|0.0
0.008348824419796081|0.0
0.008664770758282703|0.0
0.00931132473434562|0.0
0.00931132473434562|0.0
0.022974406663450807|0.0
0.027925497443627368|0.0
0.009402548694738149|0.0
0.008390432493277871|0.0
0.007792861363612654|0.0
0.007492475612186259|0.0
0.008817849720749147|0.0
0.007673000451235581|0.0
0.006482736526953443|0.0
0.007254982151284566|0.0
0.007173334422841531|0.0
0.00938338408335371|0.0
0.010920305229597985|0.0
0.010092862999928637|0.0
0.00752240089089308|0.0
0.007768579860723391|0.0
0.007363248752770871|0.0
0.007489893993971255|0.0
0.006945886175179653|0.0
0.00752240089089308|0.0
0.007768579860723391|0.0
