PredictedProbability|PredictedLabel
0.009165710158967893|0.0
0.022887551103882783|0.0
0.022574728681344886|0.0
0.010632778461175538|0.0
0.008123989559651934|0.0
0.009026709091847903|0.0
0.009733413221049859|0.0
0.009733413221049859|0.0
0.00843556488711444|0.0
0.007743637051698243|0.0
0.007743637051698243|0.0
0.00877152380463034|0.0
0.008580046604469255|0.0
0.008105717557815043|0.0
0.012687994980276868|0.0
0.011654765905775424|0.0
0.007876361783315532|0.0
0.0070233660232705015|0.0
0.006446520814286568|0.0
0.006446520814286568|0.0
0.0070479724514956555|0.0
0.00840501649593609|0.0
