PredictedProbability|PredictedLabel
0.007939607845841665|0.0
0.008371447402548068|0.0
0.007671736417832648|0.0
0.007262623399893019|0.0
0.008239809560305301|0.0
0.007762854963860373|0.0
0.0074800308066235895|0.0
0.007951493014258267|0.0
0.008645229151488215|0.0
0.007712688919313993|0.0
0.007214202477102876|0.0
0.007709082249294435|0.0
0.007762854963860373|0.0
0.007151641905425407|0.0
0.006680635417669819|0.0
0.006690530799671927|0.0
0.006933445134040706|0.0
0.006933445134040706|0.0
0.007440920309043612|0.0
0.008036347606070235|0.0
0.008327715102721843|0.0
0.008327715102721843|0.0
0.0072050000721494605|0.0
0.006567119239840368|0.0
0.006933445134040706|0.0
0.007722277182133979|0.0
0.00870963316805074|0.0
0.007442678267766759|0.0
0.008142645544893091|0.0
0.014162446026040436|0.0
0.01321968384902694|0.0
0.008036347606070235|0.0
0.008327715102721843|0.0
0.008327715102721843|0.0
0.008024477823673132|0.0
0.007215666502991326|0.0
0.007526151426517932|0.0
0.00796509952899718|0.0
0.008024477823673132|0.0
0.007215666502991326|0.0
