PredictedProbability|PredictedLabel
0.008357083127194532|0.0
0.008348824419796081|0.0
0.007768579860723391|0.0
0.008001410973529311|0.0
0.008416641173918177|0.0
0.008896688311247344|0.0
0.018765416716799176|0.0
0.016741090643571058|0.0
0.09462793900783203|0.0
0.007021081201957555|0.0
0.007492475612186259|0.0
0.007768579860723391|0.0
0.007768579860723391|0.0
0.010739483922893641|0.0
0.012123209430996618|0.0
0.00770948512675426|0.0
0.00752240089089308|0.0
0.007250973788037902|0.0
0.007492475612186259|0.0
0.007976672277970219|0.0
0.007768579860723391|0.0
0.007250973788037902|0.0
