PredictedProbability|PredictedLabel
0.009287337268791709|0.0
0.013723047052807047|0.0
0.013441188417021934|0.0
0.02120049228637708|0.0
0.027785831472011076|0.0
0.02960511607631946|0.0
0.023565717040544963|0.0
0.020859933894470592|0.0
0.0305745737521787|0.0
0.015685157910113982|0.0
0.008125765863344419|0.0
0.009363782124514915|0.0
0.010195157998323691|0.0
0.00868492844250414|0.0
0.008024477823673132|0.0
0.008142750132728327|0.0
0.009819723274570672|0.0
0.009280638476788935|0.0
0.010980707574191166|0.0
0.009867925780920146|0.0
0.010494604077432693|0.0
0.009403655219076618|0.0
