PredictedProbability|PredictedLabel
0.008645229151488215|0.0
0.008371447402548068|0.0
0.008239809560305301|0.0
0.007151641905425407|0.0
0.007526151426517932|0.0
0.007762854963860373|0.0
0.007762854963860373|0.0
0.007989360363388763|0.0
0.008912770377970303|0.0
0.009322348045427867|0.0
0.008615556188014116|0.0
0.008003310078598775|0.0
0.007762854963860373|0.0
0.007989360363388763|0.0
0.008236773261259015|0.0
0.008003310078598775|0.0
0.008003310078598775|0.0
0.007711793505982205|0.0
0.007491101326421329|0.0
0.007762854963860373|0.0
0.007762854963860373|0.0
0.0074800308066235895|0.0
0.007491101326421329|0.0
0.007762854963860373|0.0
0.007762854963860373|0.0
0.007762854963860373|0.0
0.007762854963860373|0.0
0.007762854963860373|0.0
0.007762854963860373|0.0
0.007762854963860373|0.0
0.007762854963860373|0.0
0.007762854963860373|0.0
0.007762854963860373|0.0
0.007762854963860373|0.0
0.007989360363388763|0.0
0.008003310078598775|0.0
0.0074800308066235895|0.0
