PredictedProbability|PredictedLabel
0.007939607845841665|0.0
0.008276723425595713|0.0
0.007215666502991326|0.0
0.006933445134040706|0.0
0.006933445134040706|0.0
0.007568496098630402|0.0
0.0074259271589754|0.0
0.006933445134040706|0.0
0.006933445134040706|0.0
0.006680635417669819|0.0
0.006690530799671927|0.0
0.006933445134040706|0.0
0.006933445134040706|0.0
0.006933445134040706|0.0
0.006933445134040706|0.0
0.006933445134040706|0.0
0.0079405342611757|0.0
0.008063736767862014|0.0
0.008313756692044708|0.0
0.007151641905425407|0.0
0.006933445134040706|0.0
0.007568496098630402|0.0
0.008060391618837497|0.0
0.007151641905425407|0.0
0.006680635417669819|0.0
0.006446520814286568|0.0
0.007262623399893019|0.0
