PredictedProbability|PredictedLabel
0.008872190755111701|0.0
0.008898649976843741|0.0
0.008723554395442291|0.0
0.008887127898309245|0.0
0.008887127898309245|0.0
0.0085782851481834|0.0
0.008024477823673132|0.0
0.008036347606070235|0.0
0.008872190755111701|0.0
0.009322348045427867|0.0
0.00965771823038019|0.0
0.00960255550311587|0.0
0.009206720322158747|0.0
0.007442678267766759|0.0
0.006933445134040706|0.0
0.0073037690612061616|0.0
0.008036347606070235|0.0
0.008327715102721843|0.0
0.008174353043793518|0.0
0.007477503508243167|0.0
0.008381847703212979|0.0
0.008589410285109672|0.0
0.008468777309823112|0.0
0.009138992382785639|0.0
0.008589410285109672|0.0
0.007339682944140898|0.0
0.008000549902408357|0.0
0.008420347807353484|0.0
0.008327715102721843|0.0
0.007339682944140898|0.0
0.007722277182133979|0.0
0.007339682944140898|0.0
0.007579979560968361|0.0
0.008174353043793518|0.0
0.008627615121214361|0.0
0.008723554395442291|0.0
