PredictedProbability|PredictedLabel
0.005844927390247393|0.0
0.005170580875948512|0.0
0.005089207018834154|0.0
0.005170580875948512|0.0
0.005257173370848038|0.0
0.005170580875948512|0.0
0.005170580875948512|0.0
0.005170580875948512|0.0
0.005170580875948512|0.0
0.010199309221918288|0.0
0.010390823028298343|0.0
0.011318222909306085|0.0
0.010199309221918288|0.0
0.005170580875948512|0.0
0.005170580875948512|0.0
0.005170580875948512|0.0
0.006371037423520544|0.0
0.00661620168396183|0.0
0.00661620168396183|0.0
0.006493801603363175|0.0
0.006253144344334013|0.0
0.010839590881236864|0.0
0.009808030273960216|0.0
0.00768294189795902|0.0
0.00768294189795902|0.0
0.006504815159303344|0.0
0.006504815159303344|0.0
0.0050575029959394726|0.0
0.0050575029959394726|0.0
0.005413557705235341|0.0
0.005413557705235341|0.0
0.005152971050176734|0.0
0.005627280140279988|0.0
0.0059117101575801995|0.0
