PredictedProbability|PredictedLabel
0.00590239131247437|0.0
0.006560795364935973|0.0
0.011942414575172094|0.0
0.013252125797855717|0.0
0.008861578952216393|0.0
0.010001449268158378|0.0
0.008748806234331904|0.0
0.0062369641672979665|0.0
0.007172288998420162|0.0
0.010040020607869482|0.0
0.007876020424301536|0.0
0.00745488421607814|0.0
0.007624620875136891|0.0
0.006851616996541341|0.0
0.006947099705250033|0.0
0.013214676024713259|0.0
0.01055611119618315|0.0
0.01107898732896782|0.0
0.01049567489112875|0.0
0.009010358325405716|0.0
0.008986429799468683|0.0
0.008986429799468683|0.0
0.008986429799468683|0.0
0.009568216056035922|0.0
0.008986429799468683|0.0
0.008316226677713357|0.0
0.008316226677713357|0.0
0.008584264292343319|0.0
0.008584264292343319|0.0
0.008316226677713357|0.0
0.008316226677713357|0.0
0.008316226677713357|0.0
0.008983675184550188|0.0
0.008316226677713357|0.0
0.0090826006936867|0.0
0.00912339171848347|0.0
0.009588140451067324|0.0
0.010627141508289683|0.0
0.009277274032768852|0.0
0.008584264292343319|0.0
0.008584264292343319|0.0
0.008584264292343319|0.0
0.008316226677713357|0.0
