PredictedProbability|PredictedLabel
0.0429407117512574|0.0
0.022141342847200672|0.0
0.032042848808714004|0.0
0.016117848142798593|0.0
0.016117848142798593|0.0
0.016117848142798593|0.0
0.016117848142798593|0.0
0.016117848142798593|0.0
0.021552810723883986|0.0
0.019656440544213487|0.0
0.01560298421616273|0.0
0.013167117706815955|0.0
0.013167117706815955|0.0
0.013167117706815955|0.0
0.013167117706815955|0.0
0.013167117706815955|0.0
0.013167117706815955|0.0
0.023520305591645384|0.0
0.0348996185530746|0.0
0.036602118610417386|0.0
0.02662412057734531|0.0
0.019894646761663297|0.0
0.020024699216067348|0.0
0.006124653515290155|0.0
0.006124653515290155|0.0
0.006124653515290155|0.0
0.006678894236616622|0.0
0.006634930637328169|0.0
0.006199045782908802|0.0
0.020101429711188515|0.0
0.020839478832998137|0.0
0.02928995732826181|0.0
0.009872786507779644|0.0
0.009109943651835468|0.0
0.006984071966613177|0.0
0.007075051287763559|0.0
0.006869231624801689|0.0
0.028852957439499165|0.0
0.019775193646168768|0.0
0.008623264438065888|0.0
0.009109943651835468|0.0
0.008709705920632114|0.0
0.008970172793574855|0.0
0.008970172793574855|0.0
0.014713227599834231|0.0
0.0103398909836378|0.0
0.00902946924980714|0.0
0.007207234574536555|0.0
0.007253450149461427|0.0
