PredictedProbability|PredictedLabel
0.013585716813831713|0.0
0.008757699952042085|0.0
0.008431079629611229|0.0
0.009630376584440556|0.0
0.00924391444327519|0.0
0.00924391444327519|0.0
0.00924391444327519|0.0
0.008906867527538265|0.0
0.008431079629611229|0.0
0.008999487328096918|0.0
0.00924391444327519|0.0
0.009097131787790206|0.0
0.013429456391909471|0.0
0.12405355959361379|0.0
0.12405355959361379|0.0
0.12405355959361379|0.0
0.13079195183060788|0.0
0.1271653062946849|0.0
0.1271653062946849|0.0
0.1271653062946849|0.0
0.15983051996088882|0.0
0.1471127336428676|0.0
0.17634174676685002|0.0
0.20551601747101966|0.0
0.21799095618786116|0.0
0.23764768754798452|0.0
0.17185820499493695|0.0
0.14086784979125744|0.0
0.1929100707450332|0.0
0.32253201504945006|0.0
0.40821221853686157|0.0
0.41112609485743085|0.0
0.3271354397100109|0.0
0.21764342255516708|0.0
0.025996120410114856|0.0
0.2617199688510948|0.0
0.03547777983717118|0.0
0.31892236217069986|0.0
0.3512552154656898|0.0
0.36538392890028926|0.0
0.3952725697030067|0.0
0.23595587876811133|0.0
0.19756165846702453|0.0
0.20080488142515043|0.0
0.2053904275424792|0.0
0.21839152746329363|0.0
0.21839152746329363|0.0
0.2053904275424792|0.0
0.019964347416886314|0.0
0.18566693844791962|0.0
0.19625047988816138|0.0
0.19125309480377656|0.0
0.17949655831031708|0.0
0.019636999962762837|0.0
0.1863528252046585|0.0
0.19156024901860413|0.0
0.19598645646387539|0.0
0.017974221823702504|0.0
0.16444618267746108|0.0
0.019055898464755847|0.0
0.17279148143181933|0.0
0.017765356716019767|0.0
0.1735926282305297|0.0
0.17050752033330674|0.0
0.1581813238182529|0.0
0.1581813238182529|0.0
