PredictedProbability|PredictedLabel
0.007797977784269578|0.0
0.008721101349014366|0.0
0.009868623683135893|0.0
0.009663529562932802|0.0
0.009108024914048862|0.0
0.008097937147654373|0.0
0.008666177899067689|0.0
0.00948180543341919|0.0
0.00921328089795283|0.0
0.00969221224549966|0.0
0.009156055317227022|0.0
0.0082627052148408|0.0
0.007871686373008568|0.0
0.007286246444688621|0.0
0.007543359827916324|0.0
0.008019848218934545|0.0
0.007238314102133294|0.0
0.006520008531258792|0.0
0.007221923781859556|0.0
0.009846885684476597|0.0
0.011636840487440663|0.0
0.01350353487960226|0.0
0.014154310908943136|0.0
0.010974691875593664|0.0
0.009994290096085347|0.0
0.007598821609331139|0.0
0.006779931979288398|0.0
0.007494449069337446|0.0
0.007508323703685396|0.0
0.007583460530209357|0.0
0.007238990636190951|0.0
0.006810452525091628|0.0
0.006810452525091628|0.0
0.009858758616255344|0.0
0.011650846270726501|0.0
0.012072067718269935|0.0
