PredictedProbability|PredictedLabel
0.011410897968563321|0.0
0.008185902300870155|0.0
0.00608760658840943|0.0
0.006189461101604181|0.0
0.00816481677848654|0.0
0.010733129407658429|0.0
0.015364321064675389|0.0
0.01391729768161729|0.0
0.01670865609958088|0.0
0.019607943418284115|0.0
0.01670865609958088|0.0
0.017870234277805527|0.0
0.01391729768161729|0.0
0.015711293234739715|0.0
0.018863946392900326|0.0
0.022166470814342466|0.0
0.015364321064675389|0.0
0.015062701213227692|0.0
0.01624348476457316|0.0
0.014887760012219656|0.0
0.017893063307685524|0.0
0.017893063307685524|0.0
0.018226383536028394|0.0
0.01891906771938056|0.0
0.015186011498720696|0.0
0.01391729768161729|0.0
0.014887760012219656|0.0
0.014887760012219656|0.0
0.019005614464262077|0.0
0.017893063307685524|0.0
0.019135378566711637|0.0
0.0197451817151709|0.0
0.016369540420443397|0.0
0.016369540420443397|0.0
0.014182237800985742|0.0
0.014417562667068517|0.0
0.011021749118205406|0.0
0.011021749118205406|0.0
0.011792717596519946|0.0
0.011021749118205406|0.0
0.011021749118205406|0.0
0.011205228295335051|0.0
0.011021749118205406|0.0
0.011021749118205406|0.0
0.014182237800985742|0.0
0.015313214120608066|0.0
0.015313214120608066|0.0
0.015313214120608066|0.0
0.014182237800985742|0.0
