PredictedProbability|PredictedLabel
0.0069017482349198874|0.0
0.00522619988028117|0.0
0.005755020467575955|0.0
0.006439905519018221|0.0
0.0063795175759369036|0.0
0.006146262938636521|0.0
0.005434626301755129|0.0
0.007582209950907563|0.0
0.007417885927013249|0.0
0.007694169023714727|0.0
0.007694169023714727|0.0
0.007694169023714727|0.0
0.007453715055974079|0.0
0.007453715055974079|0.0
0.007453715055974079|0.0
0.006964416899423859|0.0
0.006964416899423859|0.0
0.0033683395945673746|0.0
0.0033683395945673746|0.0
0.0033752356290087794|0.0
0.0032693099187841583|0.0
0.003571867308333312|0.0
0.003358632212194793|0.0
0.004576137244145099|0.0
0.0048738030191555586|0.0
