PredictedProbability|PredictedLabel
0.006518109654579866|0.0
0.006347207836670899|0.0
0.00562998282319561|0.0
0.004631968563696667|0.0
0.0045461089086909455|0.0
0.00396067760025412|0.0
0.00396067760025412|0.0
0.005630710011529344|0.0
0.006352320685674234|0.0
0.007191120800948243|0.0
0.007191120800948243|0.0
0.0074842289227580495|0.0
0.005575414988817171|0.0
0.005094088098232265|0.0
0.0051360799862370495|0.0
0.0052420182359518295|0.0
0.004993228679390327|0.0
0.004993228679390327|0.0
0.004993228679390327|0.0
0.005395429123484386|0.0
0.005395429123484386|0.0
0.005395429123484386|0.0
0.005087489662136195|0.0
0.005216016957081667|0.0
0.004993228679390327|0.0
0.004993228679390327|0.0
0.004993228679390327|0.0
