PredictedProbability|PredictedLabel
0.01189060697987731|0.0
0.01661762453001563|0.0
0.014411232891154403|0.0
0.011932337269393975|0.0
0.010315359877115156|0.0
0.009087439092701375|0.0
0.009782747643955505|0.0
0.008420460690562554|0.0
0.007902740365053307|0.0
0.008257241968292296|0.0
0.007546149222946072|0.0
0.007188794405110755|0.0
0.006746286153460491|0.0
0.007382566454852876|0.0
0.0069399062176774915|0.0
0.006334987166425238|0.0
0.006750700497527169|0.0
0.007866479614819054|0.0
0.008420460690562554|0.0
0.007749478490570062|0.0
0.007226677412537809|0.0
0.007331049525275651|0.0
0.006869546721544066|0.0
0.007211147011848903|0.0
0.007211147011848903|0.0
0.007211147011848903|0.0
0.007211147011848903|0.0
0.007071201962562371|0.0
0.006767272217887609|0.0
0.006767272217887609|0.0
0.007211147011848903|0.0
0.007211147011848903|0.0
