PredictedProbability|PredictedLabel
0.007492709341494774|0.0
0.008101565347672325|0.0
0.009418287263990386|0.0
0.00869902985477607|0.0
0.008845818445443318|0.0
0.008980948396074391|0.0
0.009130768000210683|0.0
0.008764044826396892|0.0
0.007280702359589167|0.0
0.006888372216464796|0.0
0.006594627261667627|0.0
0.007813843128052373|0.0
0.007456281541690405|0.0
0.007560126584930239|0.0
0.00648751635247679|0.0
0.006581283816685539|0.0
0.006179981891366817|0.0
0.005888027609202345|0.0
0.007456281541690405|0.0
0.009284056080236086|0.0
0.008196339497168527|0.0
0.013103292995489006|0.0
0.01393938166371236|0.0
0.013286983452139516|0.0
0.013586254327317582|0.0
0.013224034140293437|0.0
0.015486379679815246|0.0
0.014761303385464209|0.0
0.014761303385464209|0.0
0.013798968696064607|0.0
0.015278133216811806|0.0
0.017058009319444897|0.0
0.01540922120604146|0.0
0.015006090387017884|0.0
0.012734845549610217|0.0
0.011389197753473999|0.0
0.01512481881757669|0.0
0.01108238804425478|0.0
0.010503599624835375|0.0
0.010841367018578178|0.0
0.010841367018578178|0.0
0.010841367018578178|0.0
0.007095567672439018|0.0
0.007095567672439018|0.0
0.006988605656931359|0.0
0.007214164431163178|0.0
0.006988605656931359|0.0
0.008291074177064088|0.0
0.008291074177064088|0.0
0.008719280050947896|0.0
0.009106795991817134|0.0
0.007642222606147291|0.0
