PredictedProbability|PredictedLabel
0.026265029463544715|0.0
0.027899304484475303|0.0
0.03490812924426575|0.0
0.027478186769433102|0.0
0.05755713842030047|0.0
0.04497468482185718|0.0
0.01906029629454924|0.0
0.012334172919202944|0.0
0.01069574953255156|0.0
0.01397653788620185|0.0
0.014549279958244014|0.0
0.017753259942147152|0.0
0.011620598863635622|0.0
0.011652411737860826|0.0
0.016154134832394428|0.0
0.013729441444273818|0.0
0.013356904868251704|0.0
0.012433436644685528|0.0
0.009350017415829295|0.0
0.011720947712520377|0.0
0.010226318848482225|0.0
0.009050454118327287|0.0
0.008378086167083172|0.0
0.008378086167083172|0.0
0.008378086167083172|0.0
0.009009986234991864|0.0
0.009618576143032286|0.0
0.008573018759933737|0.0
0.008051252622073811|0.0
0.007240106766688166|0.0
0.008328894237565498|0.0
0.00782186864557307|0.0
0.009093020001240274|0.0
0.0070639312368271775|0.0
0.007342052617732706|0.0
0.007299632226590173|0.0
0.007300603694941534|0.0
0.008877566448526721|0.0
0.007826870900881197|0.0
0.0077154946478304965|0.0
0.007099603721256779|0.0
0.0077055450123950575|0.0
0.00716455333749395|0.0
0.017426738890304678|0.0
0.01798308967967847|0.0
0.017439665380105916|0.0
0.017155872086338113|0.0
0.017155872086338113|0.0
0.016039969615384685|0.0
0.015800320980249558|0.0
0.01554278252256717|0.0
0.01554278252256717|0.0
0.01554278252256717|0.0
0.01749021342581734|0.0
