PredictedProbability|PredictedLabel
0.006625373064914117|0.0
0.006399347259479889|0.0
0.00607361963406582|0.0
0.00607361963406582|0.0
0.0062698334944228384|0.0
0.009299080155926535|0.0
0.007839512867503718|0.0
0.005080197733595683|0.0
0.004996505616134893|0.0
0.004745963795186111|0.0
0.0045972186746934905|0.0
0.005308341525723507|0.0
0.005592580830786348|0.0
0.006815358690235279|0.0
0.008218957553719465|0.0
0.008211567400912317|0.0
0.009003891460975508|0.0
0.007679813839621776|0.0
0.007679813839621776|0.0
0.008218957553719465|0.0
0.008218957553719465|0.0
0.008218957553719465|0.0
0.00835617285751853|0.0
0.00851337551747506|0.0
0.009945205522197114|0.0
0.008483886939099041|0.0
0.006815358690235279|0.0
0.0070353654964648085|0.0
0.006815358690235279|0.0
0.00719561958385404|0.0
0.008197806697227769|0.0
0.007385150100499778|0.0
0.007491793701373398|0.0
0.0070353654964648085|0.0
0.007896004786258862|0.0
0.007981622959977275|0.0
0.007495577890532422|0.0
0.007495577890532422|0.0
0.007003551044500763|0.0
0.006897966495535244|0.0
0.007382630762725852|0.0
