PredictedProbability|PredictedLabel
0.008257802593719877|0.0
0.008036485712054866|0.0
0.004483972852058974|0.0
0.004483972852058974|0.0
0.005305329821069427|0.0
0.005305329821069427|0.0
0.005207280260648688|0.0
0.004819037354041682|0.0
0.0048961125930776115|0.0
0.0048961125930776115|0.0
0.0048961125930776115|0.0
0.005290532010178737|0.0
0.0048961125930776115|0.0
0.0048961125930776115|0.0
0.0048961125930776115|0.0
0.0048961125930776115|0.0
0.003953004005688159|0.0
0.003953004005688159|0.0
0.003953004005688159|0.0
0.004692399930614749|0.0
0.005810884625840289|0.0
0.005810884625840289|0.0
0.005810884625840289|0.0
0.005810884625840289|0.0
0.005810884625840289|0.0
0.005810884625840289|0.0
0.005810884625840289|0.0
0.006278530992104933|0.0
0.006278530992104933|0.0
0.005810884625840289|0.0
0.006278530992104933|0.0
0.006278530992104933|0.0
0.005810884625840289|0.0
0.005810884625840289|0.0
0.006278530992104933|0.0
0.005810884625840289|0.0
0.005810884625840289|0.0
0.005810884625840289|0.0
0.005810884625840289|0.0
