PredictedProbability|PredictedLabel
0.021518123277431418|0.0
0.02574408447503575|0.0
0.024601263596882982|0.0
0.027286462548323853|0.0
0.009002172618792673|0.0
0.008164215276553402|0.0
0.008433789337697449|0.0
0.008433789337697449|0.0
0.00703794420431171|0.0
0.00703794420431171|0.0
0.0065757584498699765|0.0
0.0065757584498699765|0.0
0.0065757584498699765|0.0
0.00703794420431171|0.0
0.00703794420431171|0.0
0.0065757584498699765|0.0
0.0065757584498699765|0.0
0.0065757584498699765|0.0
0.0065757584498699765|0.0
0.00703794420431171|0.0
0.006685725513713285|0.0
0.0065757584498699765|0.0
0.0065757584498699765|0.0
0.0065757584498699765|0.0
0.006685725513713285|0.0
0.006685725513713285|0.0
0.007155584773701276|0.0
0.006685725513713285|0.0
0.0065757584498699765|0.0
0.006685725513713285|0.0
0.007801889034193567|0.0
0.00545899615369373|0.0
0.00545899615369373|0.0
0.005005796685615519|0.0
0.004599363497373197|0.0
0.004599363497373197|0.0
