PredictedProbability|PredictedLabel
0.008087874974372014|0.0
0.00795940196854652|0.0
0.008159888475558317|0.0
0.007812348035899592|0.0
0.007812348035899592|0.0
0.010145443828847349|0.0
0.010145443828847349|0.0
0.0075419093238614475|0.0
0.007667908714293931|0.0
0.0075419093238614475|0.0
0.0075419093238614475|0.0
0.0075419093238614475|0.0
0.0075419093238614475|0.0
0.0075419093238614475|0.0
0.0075419093238614475|0.0
0.0075419093238614475|0.0
0.0075419093238614475|0.0
0.0075419093238614475|0.0
0.0075419093238614475|0.0
0.0075419093238614475|0.0
0.0075419093238614475|0.0
0.0075419093238614475|0.0
0.0075419093238614475|0.0
0.0075419093238614475|0.0
0.0075419093238614475|0.0
0.00920517606098439|0.0
0.00920517606098439|0.0
0.012375725284034031|0.0
0.012375725284034031|0.0
0.052851880356825115|0.0
0.012375725284034031|0.0
0.012375725284034031|0.0
0.012375725284034031|0.0
0.012375725284034031|0.0
0.012375725284034031|0.0
0.012375725284034031|0.0
0.012375725284034031|0.0
0.012375725284034031|0.0
0.012375725284034031|0.0
0.012375725284034031|0.0
0.012375725284034031|0.0
0.012375725284034031|0.0
0.012375725284034031|0.0
0.012375725284034031|0.0
0.012375725284034031|0.0
0.012375725284034031|0.0
0.012375725284034031|0.0
0.012375725284034031|0.0
0.012375725284034031|0.0
0.012375725284034031|0.0
0.012375725284034031|0.0
0.012375725284034031|0.0
0.010573417935304185|0.0
0.010573417935304185|0.0
