PredictedProbability|PredictedLabel
0.007905235631400382|0.0
0.007905235631400382|0.0
0.007905235631400382|0.0
0.007905235631400382|0.0
0.007905235631400382|0.0
0.007905235631400382|0.0
0.00853998264067834|0.0
0.007905235631400382|0.0
0.007905235631400382|0.0
0.007905235631400382|0.0
0.007905235631400382|0.0
0.007905235631400382|0.0
0.007905235631400382|0.0
0.007905235631400382|0.0
0.007905235631400382|0.0
0.007905235631400382|0.0
0.0038016711924058312|0.0
0.003608123446858868|0.0
0.003608123446858868|0.0
0.003608123446858868|0.0
0.003608123446858868|0.0
0.003608123446858868|0.0
0.003608123446858868|0.0
0.003608123446858868|0.0
0.003608123446858868|0.0
0.003608123446858868|0.0
0.003608123446858868|0.0
0.003608123446858868|0.0
0.003608123446858868|0.0
0.003608123446858868|0.0
0.003608123446858868|0.0
0.003608123446858868|0.0
0.003608123446858868|0.0
