PredictedProbability|PredictedLabel
0.0038273270488649214|0.0
0.004213094051445682|0.0
0.010029166039736867|0.0
0.012095805914103872|0.0
0.014316581516264379|0.0
0.004806303506235421|0.0
0.004667425320336443|0.0
0.004354275080408988|0.0
0.004354275080408988|0.0
0.004354275080408988|0.0
0.004841031060931526|0.0
0.004841031060931526|0.0
0.004987431042345138|0.0
0.004987431042345138|0.0
0.004987431042345138|0.0
0.004987431042345138|0.0
0.004987431042345138|0.0
0.004987431042345138|0.0
0.004895014823999501|0.0
0.004685872714110943|0.0
0.004685872714110943|0.0
0.004685872714110943|0.0
0.004685872714110943|0.0
0.004685872714110943|0.0
0.004774359344855902|0.0
0.004987431042345138|0.0
0.005736403021221086|0.0
0.005630187013277421|0.0
0.005774447511255688|0.0
0.005736403021221086|0.0
0.005736403021221086|0.0
0.005736403021221086|0.0
0.004987431042345138|0.0
0.004895014823999501|0.0
0.004685872714110943|0.0
0.004685872714110943|0.0
0.004685872714110943|0.0
0.004685872714110943|0.0
0.004774359344855902|0.0
0.004987431042345138|0.0
0.004987431042345138|0.0
0.004987431042345138|0.0
0.005736403021221086|0.0
0.005736403021221086|0.0
0.005630187013277421|0.0
