PredictedProbability|PredictedLabel
0.008411918903813131|0.0
0.008354445879345402|0.0
0.010348390884557293|0.0
0.011730370644555534|0.0
0.010289131461939436|0.0
0.009286264004661596|0.0
0.053255571706701456|0.0
0.06304411198114236|0.0
0.08804019880168452|0.0
0.08719921631176566|0.0
0.019506092941080796|0.0
0.011756954649310973|0.0
0.009940888478616189|0.0
0.010578107389192497|0.0
0.007480711232837684|0.0
0.0068673641466870895|0.0
0.006652575805577361|0.0
0.8629438261125298|1.0
0.8610697898650794|1.0
0.8610697898650794|1.0
0.865261653788086|1.0
0.8784989917308378|1.0
0.8668139983097395|1.0
0.8703681438286351|1.0
0.8630550367239839|1.0
0.8610697898650794|1.0
0.8610697898650794|1.0
0.8610697898650794|1.0
0.8571981803268449|1.0
0.8610697898650794|1.0
0.8610697898650794|1.0
0.8610697898650794|1.0
0.8610697898650794|1.0
0.8610697898650794|1.0
0.8629438261125298|1.0
0.8610697898650794|1.0
0.8610697898650794|1.0
0.8610697898650794|1.0
0.8610697898650794|1.0
