PredictedProbability|PredictedLabel
0.006492017786724103|0.0
0.007939282830969141|0.0
0.008479780325049173|0.0
0.007561852827832401|0.0
0.006837550112695554|0.0
0.006837550112695554|0.0
0.006837550112695554|0.0
0.006837550112695554|0.0
0.006837550112695554|0.0
0.005762093132750929|0.0
0.005762093132750929|0.0
0.005762093132750929|0.0
0.006225837463498593|0.0
0.006225837463498593|0.0
0.005762093132750929|0.0
0.005762093132750929|0.0
0.006225837463498593|0.0
0.005762093132750929|0.0
0.005762093132750929|0.0
0.005762093132750929|0.0
0.005762093132750929|0.0
0.005762093132750929|0.0
0.005762093132750929|0.0
0.005762093132750929|0.0
0.005762093132750929|0.0
0.005762093132750929|0.0
0.005177276388611634|0.0
0.005082998373896028|0.0
0.005082998373896028|0.0
0.005082998373896028|0.0
0.005082998373896028|0.0
0.005082998373896028|0.0
0.0066209033600129474|0.0
0.0067456828842536514|0.0
0.006701282616833468|0.0
0.006701282616833468|0.0
0.006577318956146386|0.0
0.0066209033600129474|0.0
