PredictedProbability|PredictedLabel
0.006370050321788398|0.0
0.005720937824004523|0.0
0.00356151251471992|0.0
0.0034106394759818464|0.0
0.0034688507516653136|0.0
0.0035812183601029754|0.0
0.0035812183601029754|0.0
0.0038144152522810106|0.0
0.0034688507516653136|0.0
0.0035812183601029754|0.0
0.0035812183601029754|0.0
0.003949503824422597|0.0
0.004175336682384134|0.0
0.004383553986923137|0.0
0.0038229785348767626|0.0
0.0038144152522810106|0.0
0.004118061869219407|0.0
0.004322635085356461|0.0
0.004322635085356461|0.0
0.004603887472586734|0.0
