PredictedProbability|PredictedLabel
0.003559794687155848|0.0
0.003567255032058829|0.0
0.004275726352321247|0.0
0.0037220726735987973|0.0
0.011905877849902982|0.0
0.02254649412374198|0.0
0.02670565244970973|0.0
0.02415447051467227|0.0
0.022385356847860593|0.0
0.024639843393925526|0.0
0.023935063055431256|0.0
0.025420515795034324|0.0
0.02741529318790897|0.0
0.10462210629161248|0.0
0.12284370790012333|0.0
0.0451666518398805|0.0
0.03528925789414538|0.0
0.03148028136861872|0.0
0.03148028136861872|0.0
0.029190663173789388|0.0
0.029448779619466653|0.0
0.0282977998376965|0.0
0.030169544577916665|0.0
0.03224911562657927|0.0
0.029251162225406878|0.0
0.03126546233378913|0.0
0.03037706988748781|0.0
0.030169544577916665|0.0
0.03126546233378913|0.0
0.04002424010414794|0.0
0.03835631126007701|0.0
0.03955394336636924|0.0
0.043851181765457235|0.0
0.02200007640695333|0.0
0.020834877008926684|0.0
0.01512683196071235|0.0
0.00808527235176698|0.0
0.00814111138513966|0.0
0.00854148071470516|0.0
0.009077945758116938|0.0
0.00899308831363232|0.0
0.009741209317591063|0.0
0.009282737429186151|0.0
0.009461073232834485|0.0
