PredictedProbability|PredictedLabel
0.025197244334737443|0.0
0.008989200676406673|0.0
0.004734522875304999|0.0
0.006315393937415353|0.0
0.005917679905043032|0.0
0.005715658266336188|0.0
0.005715658266336188|0.0
0.005018153692321196|0.0
0.005195650652072345|0.0
0.005282660764841396|0.0
0.007413442212530627|0.0
0.007934035432351027|0.0
0.007934035432351027|0.0
0.007413442212530627|0.0
0.007537311658793986|0.0
0.008794386435314988|0.0
0.00894112190367346|0.0
0.008153598596430502|0.0
0.009033157077531134|0.0
0.00799190492125072|0.0
0.00837014035148037|0.0
0.007860623784559768|0.0
0.00799190492125072|0.0
0.03250240447567493|0.0
0.02760138369115741|0.0
0.012702505721862935|0.0
0.012103944975074265|0.0
0.009540259191583779|0.0
0.011126453130747503|0.0
0.011126453130747503|0.0
0.010944249574747232|0.0
0.010944249574747232|0.0
0.011126453130747503|0.0
0.00886117753735069|0.0
0.00886117753735069|0.0
0.00886117753735069|0.0
0.00886117753735069|0.0
0.008715742522137184|0.0
0.008715742522137184|0.0
0.00886117753735069|0.0
0.008715742522137184|0.0
0.008715742522137184|0.0
0.008715742522137184|0.0
0.008715742522137184|0.0
0.00886117753735069|0.0
0.008715742522137184|0.0
0.008715742522137184|0.0
0.010336747373510908|0.0
0.010336747373510908|0.0
0.01135036316782394|0.0
0.010336747373510908|0.0
0.010336747373510908|0.0
0.010336747373510908|0.0
0.010508944490613915|0.0
