PredictedProbability|PredictedLabel
0.0044482954323161825|0.0
0.010433817755546517|0.0
0.01774673793610805|0.0
0.023741222016063258|0.0
0.029822104195334275|0.0
0.02872055180619293|0.0
0.027975666336593683|0.0
0.023938521928463737|0.0
0.019929281553437803|0.0
0.057192072346177125|0.0
0.04387829946605311|0.0
0.06504609539896641|0.0
0.048920116283626726|0.0
0.039789218077351175|0.0
0.033257732647849626|0.0
0.029661288676048475|0.0
0.03763498859737994|0.0
0.044019843430516514|0.0
0.021780338696782805|0.0
0.02274450770335863|0.0
0.013205608245867513|0.0
0.013205608245867513|0.0
0.013205608245867513|0.0
0.01546135837654305|0.0
0.018217860850324924|0.0
0.022326622100826754|0.0
0.03648008527799794|0.0
0.03648008527799794|0.0
0.018278273211398466|0.0
0.016550647648383304|0.0
0.013398163040806288|0.0
0.012523566045659342|0.0
0.012523566045659342|0.0
0.013820951076687295|0.0
0.012919116975947654|0.0
0.012919116975947654|0.0
0.012919116975947654|0.0
0.013785893064487036|0.0
0.01415846220681176|0.0
0.032190663521084496|0.0
0.037597791620715325|0.0
0.058192723142926284|0.0
