PredictedProbability|PredictedLabel
0.05345860612032219|0.0
0.11564430902165845|0.0
0.0476189812390671|0.0
0.036051044971561405|0.0
0.03582696228041186|0.0
0.032423853149370616|0.0
0.03047567599627796|0.0
0.03559014103811886|0.0
0.031954730733605836|0.0
0.03413940985893546|0.0
0.031954730733605836|0.0
0.031954730733605836|0.0
0.005494763241612602|0.0
0.011314944257278045|0.0
0.020694624551913624|0.0
0.02159110613905079|0.0
0.00865649913186809|0.0
0.007956172799551556|0.0
0.006631957103270842|0.0
0.007165205227180288|0.0
0.006631957103270842|0.0
