PredictedProbability|PredictedLabel
0.004203399650387079|0.0
0.004238635888971419|0.0
0.004801023688279808|0.0
0.0040574235712462605|0.0
0.0041887768695829854|0.0
0.0041887768695829854|0.0
0.003790223155222839|0.0
0.003790223155222839|0.0
0.003790223155222839|0.0
0.0040574235712462605|0.0
0.003790223155222839|0.0
0.003790223155222839|0.0
0.003790223155222839|0.0
0.003790223155222839|0.0
0.003790223155222839|0.0
0.003790223155222839|0.0
0.003790223155222839|0.0
0.003790223155222839|0.0
0.003790223155222839|0.0
0.003790223155222839|0.0
0.003790223155222839|0.0
0.0040574235712462605|0.0
0.003790223155222839|0.0
0.003790223155222839|0.0
0.003790223155222839|0.0
0.004499309013789335|0.0
0.0048162563787932985|0.0
0.004644901004856249|0.0
0.004095921389465065|0.0
0.003790223155222839|0.0
0.003790223155222839|0.0
0.003790223155222839|0.0
0.0040574235712462605|0.0
0.0040574235712462605|0.0
0.0041887768695829854|0.0
0.0041887768695829854|0.0
0.0040574235712462605|0.0
0.003790223155222839|0.0
0.0040574235712462605|0.0
0.0040574235712462605|0.0
0.0040574235712462605|0.0
0.004458066019848903|0.0
0.0045264741631794395|0.0
0.004384577847860985|0.0
