PredictedProbability|PredictedLabel
0.4400440247100706|0.0
0.42308780803985824|0.0
0.4550143796855125|0.0
0.4380581630153001|0.0
0.4779717653871168|0.0
0.4531550763415855|0.0
0.4531550763415855|0.0
0.43818472136614356|0.0
0.42227285301289263|0.0
0.39066930095263447|0.0
0.4076255176228468|0.0
0.42308780803985824|0.0
0.39066930095263447|0.0
0.39066930095263447|0.0
0.40717593968660726|0.0
0.39066930095263447|0.0
0.39066930095263447|0.0
0.39066930095263447|0.0
0.39066930095263447|0.0
0.39066930095263447|0.0
0.39066930095263447|0.0
0.42308780803985824|0.0
0.42308780803985824|0.0
