PredictedProbability|PredictedLabel
0.5414028544670544|1.0
0.533588555901002|1.0
0.4963796026810339|0.0
0.6057336052583873|1.0
0.6178233334161636|1.0
0.5935569615870768|1.0
0.6545470939061364|1.0
0.6506589304015271|1.0
0.7008407639042725|1.0
0.580546260223815|1.0
0.5541199282213584|1.0
0.5828864130201165|1.0
0.5339971091620628|1.0
0.49019815263702426|0.0
0.5100691602621445|1.0
0.4696375967809015|0.0
0.5809888182072545|1.0
0.6026699592084102|1.0
0.5491377249750699|1.0
0.4797788908038386|0.0
0.43429445570384306|0.0
0.43429445570384306|0.0
0.4506798923976394|0.0
0.4510028053747176|0.0
0.49155235520899276|0.0
0.4510028053747176|0.0
0.4506798923976394|0.0
0.4510028053747176|0.0
0.47682207400434995|0.0
0.5082607048798673|1.0
0.4510028053747176|0.0
0.4506798923976394|0.0
0.4673882420685139|0.0
0.4935304236752245|0.0
0.4510028053747176|0.0
0.47682207400434995|0.0
0.4510028053747176|0.0
0.4506798923976394|0.0
0.4510028053747176|0.0
0.4506798923976394|0.0
0.4510028053747176|0.0
0.4506798923976394|0.0
0.4510028053747176|0.0
0.45254434573731184|0.0
0.43429445570384306|0.0
0.43429445570384306|0.0
0.43429445570384306|0.0
0.4506798923976394|0.0
0.43380927373595435|0.0
0.43429445570384306|0.0
0.4205485589563011|0.0
0.4179902164269544|0.0
0.43429445570384306|0.0
0.43429445570384306|0.0
0.43429445570384306|0.0
0.43429445570384306|0.0
0.43429445570384306|0.0
0.45254434573731184|0.0
