PredictedProbability|PredictedLabel
0.43336042612130604|0.0
0.4497752400671188|0.0
0.42279091898588517|0.0
0.43336042612130604|0.0
0.45439611155512927|0.0
0.45439611155512927|0.0
0.46619628674891134|0.0
0.49319963488174967|0.0
0.46619628674891134|0.0
0.46619628674891134|0.0
0.46619628674891134|0.0
0.4721639494479265|0.0
0.4451606013150882|0.0
0.43336042612130604|0.0
0.43336042612130604|0.0
0.42279091898588517|0.0
0.43336042612130604|0.0
0.43336042612130604|0.0
0.45439611155512927|0.0
0.572729985144608|1.0
0.5738651351688715|1.0
0.5289290405414139|1.0
0.47081092550094195|0.0
0.4885787633937393|0.0
0.46157541526090096|0.0
0.45123759351949655|0.0
0.45123759351949655|0.0
0.45123759351949655|0.0
0.4497752400671188|0.0
0.42279091898588517|0.0
0.45439611155512927|0.0
