PredictedProbability|PredictedLabel
0.40424431967941243|0.0
0.40424431967941243|0.0
0.4179902164269544|0.0
0.4205485589563011|0.0
0.4343756531207507|0.0
0.453642345320972|0.0
0.42095266935028697|0.0
0.4179902164269544|0.0
0.4205485589563011|0.0
0.40424431967941243|0.0
0.4467719379799194|0.0
0.42095266935028697|0.0
0.40424431967941243|0.0
0.3870507880406494|0.0
0.40424431967941243|0.0
0.4053006780741182|0.0
0.3870507880406494|0.0
0.40424431967941243|0.0
0.40424431967941243|0.0
0.40424431967941243|0.0
0.40424431967941243|0.0
