PredictedProbability|PredictedLabel
0.47015614287487156|0.0
0.47015614287487156|0.0
0.5576221961218775|1.0
0.6201313632653819|1.0
0.4710414132459775|0.0
0.4636130140578631|0.0
0.4363141893754139|0.0
0.589183718402975|1.0
0.5059969975288282|1.0
0.5082638860215358|1.0
0.43429445570384306|0.0
0.43429445570384306|0.0
0.43429445570384306|0.0
0.47413134558982045|0.0
0.43429445570384306|0.0
0.43429445570384306|0.0
0.43429445570384306|0.0
0.43429445570384306|0.0
0.43429445570384306|0.0
0.43429445570384306|0.0
0.43429445570384306|0.0
0.43429445570384306|0.0
0.4205485589563011|0.0
0.40424431967941243|0.0
0.40424431967941243|0.0
0.40424431967941243|0.0
0.40424431967941243|0.0
0.4179902164269544|0.0
0.4205485589563011|0.0
0.4179902164269544|0.0
0.4171009240650799|0.0
0.4033550273175381|0.0
0.3870507880406494|0.0
0.3870507880406494|0.0
0.3870507880406494|0.0
0.42318043504603164|0.0
0.40424431967941243|0.0
0.4062734118670086|0.0
0.42785734721316027|0.0
0.40424431967941243|0.0
