PredictedProbability|PredictedLabel
0.42308780803985824|0.0
0.39066930095263447|0.0
0.39066930095263447|0.0
0.39066930095263447|0.0
0.36713870381874336|0.0
0.44076755631592945|0.0
0.3735861173653605|0.0
0.43116199523711785|0.0
0.38364534255271615|0.0
0.3735861173653605|0.0
0.3735861173653605|0.0
0.40717593968660726|0.0
0.39066930095263447|0.0
0.4736596722662017|0.0
0.42863168583535793|0.0
0.48788134516331383|0.0
0.4871471565593503|0.0
0.4642899743016889|0.0
0.4380581630153001|0.0
0.42308780803985824|0.0
0.43818472136614356|0.0
0.43947328525615764|0.0
0.42308780803985824|0.0
0.4380581630153001|0.0
0.4380581630153001|0.0
0.43818472136614356|0.0
0.43818472136614356|0.0
0.42308780803985824|0.0
0.46287485206083145|0.0
0.40717593968660726|0.0
0.43818472136614356|0.0
0.42308780803985824|0.0
0.42308780803985824|0.0
0.4380581630153001|0.0
0.43947328525615764|0.0
0.42227285301289263|0.0
0.40717593968660726|0.0
0.42308780803985824|0.0
0.4380581630153001|0.0
0.42308780803985824|0.0
0.43818472136614356|0.0
0.43947328525615764|0.0
0.42308780803985824|0.0
0.42308780803985824|0.0
0.42308780803985824|0.0
0.42308780803985824|0.0
0.42308780803985824|0.0
0.42308780803985824|0.0
0.42308780803985824|0.0
