PredictedProbability|PredictedLabel
0.4531550763415855|0.0
0.4703067871101198|0.0
0.4531550763415855|0.0
0.4494645664911598|0.0
0.4531550763415855|0.0
0.4531550763415855|0.0
0.4531550763415855|0.0
0.4531550763415855|0.0
0.4531550763415855|0.0
0.4531550763415855|0.0
0.4531550763415855|0.0
0.4531550763415855|0.0
0.4531550763415855|0.0
0.4531550763415855|0.0
0.49998120093479753|0.0
0.4531550763415855|0.0
0.4645614798174452|0.0
0.43818472136614356|0.0
0.4531550763415855|0.0
0.4380581630153001|0.0
0.43818472136614356|0.0
0.43818472136614356|0.0
0.42308780803985824|0.0
0.42308780803985824|0.0
0.4380581630153001|0.0
0.4395416085054502|0.0
0.4531550763415855|0.0
0.4380581630153001|0.0
0.4531550763415855|0.0
0.4531550763415855|0.0
