PredictedProbability|PredictedLabel
0.42308780803985824|0.0
0.40717593968660726|0.0
0.40717593968660726|0.0
0.42308780803985824|0.0
0.4380581630153001|0.0
0.39066930095263447|0.0
0.4057662142789198|0.0
0.42308780803985824|0.0
0.4380581630153001|0.0
0.42308780803985824|0.0
0.43818472136614356|0.0
0.4380581630153001|0.0
0.4380581630153001|0.0
0.43806079091338324|0.0
0.4555089430251651|0.0
0.42227285301289263|0.0
0.4070547781689339|0.0
0.39066930095263447|0.0
0.4236297401521993|0.0
0.42308780803985824|0.0
0.40563965592807644|0.0
0.42308780803985824|0.0
0.42227285301289263|0.0
0.42308780803985824|0.0
0.42308780803985824|0.0
0.39066930095263447|0.0
0.36713870381874336|0.0
0.39066930095263447|0.0
0.36644099744776876|0.0
0.42308780803985824|0.0
0.3735861173653605|0.0
0.39066930095263447|0.0
0.3834881239339252|0.0
0.42308780803985824|0.0
0.3735861173653605|0.0
0.36713870381874336|0.0
0.39066930095263447|0.0
0.35005552023146935|0.0
0.3834881239339252|0.0
