PredictedProbability|PredictedLabel
0.5283770198394367|1.0
0.5698102629811305|1.0
0.6253415825144457|1.0
0.3919271829796124|0.0
0.4960796847986205|0.0
0.5082107215173031|1.0
0.5692915648370498|1.0
0.5091986879421584|1.0
0.5913572376445959|1.0
0.5217411325590342|1.0
0.5258468234372841|1.0
0.40740481822509605|0.0
0.4368795779274281|0.0
0.5905820023851306|1.0
0.5226087794782125|1.0
0.5656964563824036|1.0
0.48298866243198935|0.0
0.40740481822509605|0.0
0.40740481822509605|0.0
0.4218649421132972|0.0
0.4218649421132972|0.0
0.40740481822509605|0.0
0.43725104287408634|0.0
0.43725104287408634|0.0
0.42279091898588517|0.0
0.42279091898588517|0.0
0.42279091898588517|0.0
0.42279091898588517|0.0
0.42279091898588517|0.0
0.42279091898588517|0.0
0.42279091898588517|0.0
0.42279091898588517|0.0
0.42279091898588517|0.0
0.3813576758441914|0.0
0.454189083290277|0.0
0.42279091898588517|0.0
0.42279091898588517|0.0
0.41278712560413505|0.0
0.4811734043715107|0.0
0.42279091898588517|0.0
0.4846739043647621|0.0
0.454189083290277|0.0
