PredictedProbability|PredictedLabel
0.4871471565593503|0.0
0.5207206228452053|1.0
0.49455533595914397|0.0
0.5043351456289058|1.0
0.5207206228452053|1.0
0.5043351456289058|1.0
0.5036009570249423|1.0
0.5207206228452053|1.0
0.5207206228452053|1.0
0.5043351456289058|1.0
0.5468645873203426|1.0
0.4876890886716915|0.0
0.5259689236274003|1.0
0.4733929199920059|0.0
0.5043351456289058|1.0
0.49982495915226294|0.0
0.5207206228452053|1.0
0.4834394819359635|0.0
0.49840983691140545|0.0
0.4931402137182864|0.0
0.5079703747703761|1.0
0.5093854970112336|1.0
0.491516574304784|0.0
0.4342821651426207|0.0
0.4873414633516296|0.0
0.4508625239590561|0.0
0.47203603285269924|0.0
0.4613964677346759|0.0
0.43947328525615764|0.0
0.5396540742184572|1.0
0.4970612390708754|0.0
0.4779031064686487|0.0
0.4555977173680191|0.0
0.4833183204182901|0.0
0.4777819449509753|0.0
0.4613964677346759|0.0
0.4833183204182901|0.0
0.5259689236274003|1.0
0.49982495915226294|0.0
0.49428858368494827|0.0
0.45727419504990224|0.0
0.4871471565593503|0.0
0.5441221896498789|1.0
0.513488787332396|1.0
0.49300001979493413|0.0
0.49428858368494827|0.0
0.5036009570249423|1.0
0.5193055006043477|1.0
0.4781698587428445|0.0
