PredictedProbability|PredictedLabel
0.47635389370733805|0.0
0.49173999446812716|0.0
0.441041263229602|0.0
0.40740481822509605|0.0
0.40740481822509605|0.0
0.40740481822509605|0.0
0.40740481822509605|0.0
0.40740481822509605|0.0
0.40740481822509605|0.0
0.40740481822509605|0.0
0.40740481822509605|0.0
0.40740481822509605|0.0
0.40740481822509605|0.0
0.40740481822509605|0.0
0.6268811582039419|1.0
0.5390235934240252|1.0
0.5656964563824036|1.0
0.5374861218041507|1.0
0.40740481822509605|0.0
0.40740481822509605|0.0
0.40740481822509605|0.0
0.4522656786882172|0.0
0.40740481822509605|0.0
0.40740481822509605|0.0
0.42279091898588517|0.0
0.4218649421132972|0.0
0.40740481822509605|0.0
0.43920573293169785|0.0
0.42279091898588517|0.0
0.43920573293169785|0.0
0.42381963217090873|0.0
0.42279091898588517|0.0
0.45404586877420083|0.0
0.43725104287408634|0.0
0.42279091898588517|0.0
0.42279091898588517|0.0
0.40740481822509605|0.0
0.40740481822509605|0.0
0.42279091898588517|0.0
0.43920573293169785|0.0
0.42381963217090873|0.0
0.42381963217090873|0.0
0.40740481822509605|0.0
0.42279091898588517|0.0
