PredictedProbability|PredictedLabel
0.42308780803985824|0.0
0.42308780803985824|0.0
0.42308780803985824|0.0
0.4380581630153001|0.0
0.4380581630153001|0.0
0.4057662142789198|0.0
0.43818472136614356|0.0
0.42308780803985824|0.0
0.40563965592807644|0.0
0.39066930095263447|0.0
0.4057662142789198|0.0
0.4070547781689339|0.0
0.43569728738347824|0.0
0.43947328525615764|0.0
0.4070547781689339|0.0
0.4070547781689339|0.0
0.39066930095263447|0.0
0.42308780803985824|0.0
0.42308780803985824|0.0
0.4221462946620492|0.0
0.402805171433206|0.0
0.4508625239590561|0.0
0.42308780803985824|0.0
0.4607151173990934|0.0
0.4380581630153001|0.0
0.41931181016717883|0.0
0.4873414633516296|0.0
0.4380581630153001|0.0
0.47439690848452115|0.0
0.4531550763415855|0.0
0.4531550763415855|0.0
0.4531550763415855|0.0
0.4531550763415855|0.0
0.45457019858244296|0.0
0.45457019858244296|0.0
0.42308780803985824|0.0
0.4380581630153001|0.0
0.4380581630153001|0.0
0.4531550763415855|0.0
0.4531550763415855|0.0
0.4531550763415855|0.0
0.4531550763415855|0.0
0.4531550763415855|0.0
0.4531550763415855|0.0
0.4531550763415855|0.0
0.43818472136614356|0.0
0.43818472136614356|0.0
0.4380581630153001|0.0
0.4380581630153001|0.0
0.4531550763415855|0.0
0.4531550763415855|0.0
0.4531550763415855|0.0
