PredictedProbability|PredictedLabel
0.7003020368289032|1.0
0.665208902766137|1.0
0.5941774133122205|1.0
0.5478638231470607|1.0
0.5215119120588964|1.0
0.48553383096042674|0.0
0.48553383096042674|0.0
0.4255133610271676|0.0
0.4705634759849849|0.0
0.491117461224309|0.0
0.42687024816647423|0.0
0.4419671614927596|0.0
0.4531550763415855|0.0
0.4531550763415855|0.0
0.46960887680717756|0.0
0.4531550763415855|0.0
0.43063328878856344|0.0
0.491117461224309|0.0
0.4952386421925253|0.0
0.4381911636200801|0.0
0.4381911636200801|0.0
0.43960628586093764|0.0
0.4419671614927596|0.0
0.41041644770088215|0.0
0.4531550763415855|0.0
0.4531550763415855|0.0
0.46960887680717756|0.0
0.46994252845319284|0.0
0.6260404866177709|1.0
0.5589178050716094|1.0
0.48688231036974833|0.0
0.49807022521857425|0.0
0.5442243840797105|1.0
0.5742944510636223|1.0
0.48688231036974833|0.0
0.5116989994152796|1.0
0.4381911636200801|0.0
0.4939605756998796|0.0
0.4419671614927596|0.0
0.4255133610271676|0.0
0.4255133610271676|0.0
0.46960887680717756|0.0
0.46994252845319284|0.0
0.46960887680717756|0.0
0.4531550763415855|0.0
0.43818472136614356|0.0
0.4531550763415855|0.0
0.46105019292258176|0.0
0.4531550763415855|0.0
