PredictedProbability|PredictedLabel
0.011390914620364616|0.0
0.008483971202193342|0.0
0.009942433024755781|0.0
0.010476775815973378|0.0
0.009988681746663976|0.0
0.009570132024822604|0.0
0.009570132024822604|0.0
0.008156078720677749|0.0
0.010876443047155853|0.0
0.0090116165363637|0.0
0.011000321692142656|0.0
0.009791262486858934|0.0
0.010616631112297074|0.0
0.011086080698033556|0.0
0.011086080698033556|0.0
0.010572416908907563|0.0
0.010616631112297074|0.0
0.010616631112297074|0.0
0.011086080698033556|0.0
0.011545352184186886|0.0
0.010277010483188456|0.0
0.009517472531323656|0.0
0.00761533721345286|0.0
0.013725012693859043|0.0
0.014329918944014986|0.0
0.012661081639740508|0.0
0.014517403395395348|0.0
0.010653089033523687|0.0
0.012361388404479567|0.0
0.010653089033523687|0.0
0.018149071787226124|0.0
0.021188628505480284|0.0
0.022788507701126576|0.0
0.02183445016034275|0.0
0.02183445016034275|0.0
0.01884684004388052|0.0
0.018324517839979952|0.0
0.016198121515814297|0.0
0.018324517839979952|0.0
0.02295248475507492|0.0
0.02030015966200233|0.0
0.02030015966200233|0.0
0.02963322017678462|0.0
0.03081679298762794|0.0
0.04847482426327|0.0
0.03081679298762794|0.0
0.03297830730099881|0.0
0.028136517466445597|0.0
0.02400597832705713|0.0
0.02920205312159791|0.0
0.02400597832705713|0.0
0.04711173518544514|0.0
0.04711173518544514|0.0
0.0402258806333149|0.0
0.03848296390746985|0.0
0.030518131855828003|0.0
0.03853170356872348|0.0
0.02968213629562683|0.0
0.02968213629562683|0.0
0.018908104189409792|0.0
0.018908104189409792|0.0
0.018908104189409792|0.0
0.02707096896377673|0.0
0.04275522792016042|0.0
0.041683920370126956|0.0
0.07390873875721325|0.0
