PredictedProbability|PredictedLabel
0.0072994842259500635|0.0
0.006469381782698884|0.0
0.005658856693887759|0.0
0.005808356070160086|0.0
0.006399262393009884|0.0
0.009450392782861913|0.0
0.009450392782861913|0.0
0.008580178780836209|0.0
0.008359936274539993|0.0
0.008359936274539993|0.0
0.008580178780836209|0.0
0.014723417540198375|0.0
0.009699082378951656|0.0
0.009450392782861913|0.0
0.008359936274539993|0.0
0.008359936274539993|0.0
0.008359936274539993|0.0
0.008359936274539993|0.0
0.008359936274539993|0.0
0.008359936274539993|0.0
0.008359936274539993|0.0
0.008359936274539993|0.0
0.008359936274539993|0.0
0.008359936274539993|0.0
0.009308628218913303|0.0
0.011847586687717597|0.0
0.013386825328938241|0.0
0.011847586687717597|0.0
0.011847586687717597|0.0
0.011847586687717597|0.0
0.011847586687717597|0.0
0.011847586687717597|0.0
0.011847586687717597|0.0
0.011847586687717597|0.0
0.011847586687717597|0.0
0.011847586687717597|0.0
0.011847586687717597|0.0
0.011847586687717597|0.0
0.011847586687717597|0.0
0.011847586687717597|0.0
0.011847586687717597|0.0
0.011847586687717597|0.0
