PredictedProbability|PredictedLabel
0.0025339179788451075|0.0
0.006651167522043801|0.0
0.002435142395089813|0.0
0.002499689679756241|0.0
0.0024018634392069735|0.0
0.008806969700111916|0.0
0.008806969700111916|0.0
0.008806969700111916|0.0
0.008806969700111916|0.0
0.009163275269058125|0.0
0.008806969700111916|0.0
0.01111511812079299|0.0
0.01111511812079299|0.0
0.01111511812079299|0.0
0.012957249426890936|0.0
0.012626083834450632|0.0
0.012626083834450632|0.0
0.012626083834450632|0.0
0.01083051770497024|0.0
0.01083051770497024|0.0
0.01083051770497024|0.0
0.01083051770497024|0.0
0.01083051770497024|0.0
0.01083051770497024|0.0
0.01083051770497024|0.0
0.01083051770497024|0.0
0.011267759758591855|0.0
0.048560500279233934|0.0
0.01111511812079299|0.0
0.01111511812079299|0.0
0.013744978691410835|0.0
0.013393953259323868|0.0
0.01083051770497024|0.0
0.01111511812079299|0.0
0.01083051770497024|0.0
0.01083051770497024|0.0
0.011579316847800412|0.0
0.011579316847800412|0.0
0.011579316847800412|0.0
0.011579316847800412|0.0
0.011883357550790116|0.0
