PredictedProbability|PredictedLabel
0.061153080440742094|0.0
0.006290056293783709|0.0
0.00726718311434699|0.0
0.0627481113152906|0.0
0.0627481113152906|0.0
0.06268995061454358|0.0
0.05958537499993154|0.0
0.05958537499993154|0.0
0.05958537499993154|0.0
0.05958537499993154|0.0
0.05958537499993154|0.0
0.05958537499993154|0.0
0.061153080440742094|0.0
0.06611795587838443|0.0
0.06611795587838443|0.0
0.0780644027736757|0.0
0.061153080440742094|0.0
0.061153080440742094|0.0
0.061153080440742094|0.0
0.061153080440742094|0.0
0.061153080440742094|0.0
0.061153080440742094|0.0
0.06611795587838443|0.0
0.08427901736676008|0.0
0.0780644027736757|0.0
0.061153080440742094|0.0
0.061153080440742094|0.0
0.07843641487326662|0.0
0.061153080440742094|0.0
0.06611795587838443|0.0
0.061153080440742094|0.0
0.061153080440742094|0.0
0.068653041199538|0.0
0.068653041199538|0.0
0.06611795587838443|0.0
0.06611795587838443|0.0
0.07192090637701339|0.0
0.06655133345606207|0.0
0.06655133345606207|0.0
0.07058853919565526|0.0
0.06655133345606207|0.0
0.08122023513033225|0.0
0.07910866929801634|0.0
0.12044967947263356|0.0
0.07910866929801634|0.0
0.07910866929801634|0.0
0.07910866929801634|0.0
0.07910866929801634|0.0
