PredictedProbability|PredictedLabel
0.03365450217474218|0.0
0.0041803496021619495|0.0
0.004455623532252455|0.0
0.004455623532252455|0.0
0.012791258264940293|0.0
0.011677950750269782|0.0
0.013380094986884927|0.0
0.013380094986884927|0.0
0.013380094986884927|0.0
0.013380094986884927|0.0
0.021550538986970173|0.0
0.021550538986970173|0.0
0.08376208225676154|0.0
0.09559014046186774|0.0
0.034860646850571116|0.0
0.034860646850571116|0.0
0.05884622571947725|0.0
0.057280075923812346|0.0
0.05884622571947725|0.0
0.05884622571947725|0.0
0.05884622571947725|0.0
0.05884622571947725|0.0
0.08535482375447212|0.0
0.08535482375447212|0.0
0.08379605756424927|0.0
0.08535482375447212|0.0
0.08535482375447212|0.0
0.08721968964764598|0.0
0.0928357845556952|0.0
0.0928357845556952|0.0
0.0992965536380418|0.0
0.0928357845556952|0.0
0.0928357845556952|0.0
0.08935596747909644|0.0
0.09228598180681738|0.0
0.08893716365430426|0.0
0.08393090736079385|0.0
0.10492741350451364|0.0
0.04066800971249593|0.0
0.043184001159695604|0.0
0.013453368807396095|0.0
0.017858652557805263|0.0
0.015490020986967803|0.0
0.0576676140105457|0.0
0.0576676140105457|0.0
0.0576676140105457|0.0
0.05613096131440112|0.0
0.03956532145342657|0.0
0.04101568636282225|0.0
0.04101568636282225|0.0
0.03592385703453062|0.0
0.03592385703453062|0.0
0.0925592891552701|0.0
0.05583434799254368|0.0
0.053889423192717764|0.0
0.053889423192717764|0.0
0.10725226782780689|0.0
0.10725226782780689|0.0
0.1780427510039988|0.0
0.17842116609090533|0.0
0.11583003064607439|0.0
0.10431428007872923|0.0
0.10431428007872923|0.0
0.13037224848636345|0.0
0.10431428007872923|0.0
0.13037224848636345|0.0
0.016913337375882912|0.0
0.01890197765021617|0.0
0.013373864650075961|0.0
0.013373864650075961|0.0
0.011997660884454983|0.0
0.012388313873229839|0.0
0.013373864650075961|0.0
0.013992202904828093|0.0
0.01150767527121532|0.0
0.01016412228445635|0.0
0.007161728390804178|0.0
0.007161728390804178|0.0
0.007161728390804178|0.0
0.006216471021402845|0.0
0.008879286251202143|0.0
0.006807104724420867|0.0
0.006266068050399512|0.0
0.006266068050399512|0.0
0.006266068050399512|0.0
0.006807104724420867|0.0
0.006807104724420867|0.0
0.009804381981096424|0.0
0.009610834798030902|0.0
0.009027283475362838|0.0
0.010882055067453293|0.0
0.011090281884289371|0.0
0.11430997763788978|0.0
0.08579890265216525|0.0
0.08579890265216525|0.0
0.08579890265216525|0.0
0.06784418153721514|0.0
0.05042884196149915|0.0
0.04826608042848479|0.0
0.04826608042848479|0.0
0.04826608042848479|0.0
0.04826608042848479|0.0
0.04826608042848479|0.0
0.04826608042848479|0.0
0.01251628447888757|0.0
0.01251628447888757|0.0
0.011783741576549059|0.0
0.011076018310397315|0.0
0.004597620399835163|0.0
0.004995320982712994|0.0
0.004995320982712994|0.0
0.005777716018231606|0.0
