PredictedProbability|PredictedLabel
0.00994740220133523|0.0
0.011623573517778433|0.0
0.011623573517778433|0.0
0.011623573517778433|0.0
0.011623573517778433|0.0
0.010464637802932079|0.0
0.010464637802932079|0.0
0.010464637802932079|0.0
0.010464637802932079|0.0
0.010058243620514782|0.0
0.010058243620514782|0.0
0.010058243620514782|0.0
0.010058243620514782|0.0
0.010464637802932079|0.0
0.010464637802932079|0.0
0.010464637802932079|0.0
0.010464637802932079|0.0
0.00963189475205049|0.0
0.00963189475205049|0.0
0.00963189475205049|0.0
0.00963189475205049|0.0
0.00963189475205049|0.0
0.00963189475205049|0.0
0.00963189475205049|0.0
0.006409715098166143|0.0
0.0066944006015224|0.0
0.0066944006015224|0.0
0.0066944006015224|0.0
0.0066944006015224|0.0
0.0066944006015224|0.0
0.0066944006015224|0.0
