PredictedProbability|PredictedLabel
0.005681407310371617|0.0
0.0048292795912602505|0.0
0.005435583108769774|0.0
0.021375328211119243|0.0
0.022095053899272403|0.0
0.026661840727751015|0.0
0.027415173298078053|0.0
0.027415173298078053|0.0
0.027415173298078053|0.0
0.0062070862607127245|0.0
0.006300964771148836|0.0
0.006300964771148836|0.0
0.0068055743771048465|0.0
0.004833532315190812|0.0
0.005235079394462711|0.0
0.005654813864938251|0.0
0.005654813864938251|0.0
0.005654813864938251|0.0
0.005235079394462711|0.0
0.006195098490454183|0.0
0.005865005327258847|0.0
0.006226934172268461|0.0
0.006263180597656726|0.0
0.005571853196180767|0.0
0.005571853196180767|0.0
0.005732796126636212|0.0
0.005732796126636212|0.0
0.00577758444114156|0.0
0.005307304236320072|0.0
0.004968800279342125|0.0
0.005509139932200216|0.0
0.005509139932200216|0.0
0.005509139932200216|0.0
0.004779089188090047|0.0
0.004973255509375247|0.0
0.005466546110489012|0.0
0.004644795615927271|0.0
0.005253222367977031|0.0
0.006964373807729763|0.0
0.005479583092635179|0.0
0.0042355179076164|0.0
0.005012139714525963|0.0
0.0055028526437309894|0.0
