PredictedProbability|PredictedLabel
0.007119317365548632|0.0
0.015770857224803335|0.0
0.015770857224803335|0.0
0.015161553361123565|0.0
0.015161553361123565|0.0
0.1091922829014446|0.0
0.07173874174550139|0.0
0.07173874174550139|0.0
0.07173874174550139|0.0
0.04364727135850817|0.0
0.05889209762292152|0.0
0.04911258825200427|0.0
0.04364727135850817|0.0
0.09685987380837112|0.0
0.1260718640945333|0.0
0.10906025506649145|0.0
0.12243508873776002|0.0
0.007119317365548632|0.0
0.007119317365548632|0.0
0.007928348543485227|0.0
0.008787686362880678|0.0
0.043722655315561125|0.0
0.03798511206476511|0.0
0.03798511206476511|0.0
0.0408003700121167|0.0
0.0791343441454345|0.0
0.00691972004338895|0.0
0.00691972004338895|0.0
0.008515337904112606|0.0
0.00818174900720708|0.0
0.006368743607504756|0.0
0.006627064838618297|0.0
0.006368743607504756|0.0
0.00691972004338895|0.0
0.006340323700901199|0.0
0.006984968900753936|0.0
0.006177217257317611|0.0
0.0056850234858485905|0.0
0.0056850234858485905|0.0
0.0056850234858485905|0.0
0.005835210096753059|0.0
0.006340323700901199|0.0
0.006177217257317611|0.0
0.006340323700901199|0.0
0.006177217257317611|0.0
0.0056850234858485905|0.0
