PredictedProbability|PredictedLabel
0.008605191332732706|0.0
0.006115441374301714|0.0
0.006104165595100671|0.0
0.0066052921927320955|0.0
0.006115441374301714|0.0
0.009922806898709698|0.0
0.013185374379307445|0.0
0.03241635665456243|0.0
0.033816806060788046|0.0
0.038703283558738|0.0
0.03644419065931349|0.0
0.038703283558738|0.0
0.018055286331159257|0.0
0.018055286331159257|0.0
0.01567773033903471|0.0
0.01567773033903471|0.0
0.016367271036594477|0.0
0.017663705756027572|0.0
0.017663705756027572|0.0
0.017663705756027572|0.0
0.017663705756027572|0.0
0.017007887037114318|0.0
