PredictedProbability|PredictedLabel
0.012332876634883748|0.0
0.041615050748118894|0.0
0.041615050748118894|0.0
0.042477850236493156|0.0
0.042477850236493156|0.0
0.042477850236493156|0.0
0.042477850236493156|0.0
0.023631896110675277|0.0
0.01712665027435508|0.0
0.017813497904373636|0.0
0.0266608447901666|0.0
0.026887102561353626|0.0
0.026887102561353626|0.0
0.015213504827521788|0.0
0.01346709858357596|0.0
0.01346709858357596|0.0
0.023028004641695674|0.0
0.01346709858357596|0.0
0.01346709858357596|0.0
0.010999516135385636|0.0
0.010999516135385636|0.0
0.011443501944663013|0.0
0.010157625757673134|0.0
0.011443501944663013|0.0
0.009732066466538859|0.0
0.010999516135385636|0.0
0.009459915976832508|0.0
0.01090471865578721|0.0
0.01090471865578721|0.0
0.010692304990183322|0.0
0.011217963663291183|0.0
0.005560298415093942|0.0
0.006042709559794935|0.0
0.006042709559794935|0.0
0.006040766634044434|0.0
0.006564587994043377|0.0
0.005921072276652329|0.0
0.006042709559794935|0.0
0.005922976933841795|0.0
0.005922976933841795|0.0
0.0061633296706214485|0.0
0.0061633296706214485|0.0
0.005922976933841795|0.0
0.006093999917454576|0.0
