PredictedProbability|PredictedLabel
0.0063833065755732376|0.0
0.008196757663603348|0.0
0.009580508610788801|0.0
0.00701413420938848|0.0
0.006835056312021206|0.0
0.0060121068419201435|0.0
0.006835056312021206|0.0
0.006276745400812363|0.0
0.011530252079379785|0.0
0.011861250451188373|0.0
0.011179237860352263|0.0
0.011179237860352263|0.0
0.012632754689541866|0.0
0.011179237860352263|0.0
0.011179237860352263|0.0
0.01165186816861752|0.0
0.011673271452708226|0.0
0.014320439997346638|0.0
0.013190165355663856|0.0
0.013190165355663856|0.0
0.010867062328960347|0.0
0.013921782692642657|0.0
0.014425747256173866|0.0
0.020033495327698936|0.0
0.013842176967771494|0.0
0.013842176967771494|0.0
0.011347458556095423|0.0
0.010867062328960347|0.0
0.01044520495669182|0.0
0.021725698950588002|0.0
0.011347458556095423|0.0
0.010867062328960347|0.0
0.0063833065755732376|0.0
0.0063833065755732376|0.0
0.006134428301020227|0.0
0.0063833065755732376|0.0
0.007217811361821088|0.0
0.007217811361821088|0.0
0.01880891929883017|0.0
0.007594897819830988|0.0
0.008933891506414755|0.0
0.008933891506414755|0.0
0.00931248817510997|0.0
0.0063833065755732376|0.0
0.012173813437362901|0.0
0.013155338184348036|0.0
0.012765628684790822|0.0
0.007524236833347031|0.0
