PredictedProbability|PredictedLabel
0.01092371752269505|0.0
0.016052793703015177|0.0
0.023030740131511053|0.0
0.01855707259464073|0.0
0.014481163553984861|0.0
0.014481163553984861|0.0
0.015432923346135018|0.0
0.017093146364272102|0.0
0.01880084855652346|0.0
0.022497245023987478|0.0
0.019771343104187624|0.0
0.01880084855652346|0.0
0.014297834723897484|0.0
0.015432923346135018|0.0
0.015432923346135018|0.0
0.01204159532110226|0.0
0.011917045276899152|0.0
0.01300788607332206|0.0
0.025559794763229136|0.0
0.011581949199518436|0.0
0.011285532079187895|0.0
0.025559794763229136|0.0
0.01300788607332206|0.0
0.013087133287737647|0.0
0.013533871801617081|0.0
0.011917045276899152|0.0
0.011581949199518436|0.0
0.011581949199518436|0.0
0.012621067352827354|0.0
0.011581949199518436|0.0
0.011917045276899152|0.0
0.013055973578774407|0.0
0.01311113803214549|0.0
0.011306270139469483|0.0
0.013087133287737647|0.0
0.0052276403568407084|0.0
0.0052276403568407084|0.0
