PredictedProbability|PredictedLabel
0.006065985332453556|0.0
0.004779327280955934|0.0
0.004575706862536715|0.0
0.003843892535522134|0.0
0.004176668176255168|0.0
0.003843892535522134|0.0
0.003800553775968689|0.0
0.003800553775968689|0.0
0.004059794620227818|0.0
0.003969817200750891|0.0
0.0073780907788089|0.0
0.006814955216863562|0.0
0.006525176696365615|0.0
0.006814955216863562|0.0
0.006697408924920225|0.0
0.006697408924920225|0.0
0.006697408924920225|0.0
0.007375721671138159|0.0
0.006789799618397198|0.0
0.009040685266317882|0.0
0.009040685266317882|0.0
0.009040685266317882|0.0
0.009040685266317882|0.0
0.006525176696365615|0.0
0.006342130313215469|0.0
0.006342130313215469|0.0
0.006342130313215469|0.0
