PredictedProbability|PredictedLabel
0.004913660100810056|0.0
0.009384703929178268|0.0
0.008091456200366979|0.0
0.006788352867682958|0.0
0.006613797474372765|0.0
0.006558409220926451|0.0
0.006558409220926451|0.0
0.005371781045046745|0.0
0.005466189263081251|0.0
0.005220920057959871|0.0
0.005048408756148461|0.0
0.004913660100810056|0.0
0.00530776154753386|0.0
0.004704343564929499|0.0
0.004895488035750724|0.0
0.005113265720514505|0.0
0.00624606698592144|0.0
0.00624606698592144|0.0
0.006002507211020519|0.0
0.005557109071402372|0.0
0.005557109071402372|0.0
0.006161029118375272|0.0
0.0073760845465835395|0.0
0.008676831588128457|0.0
0.005557109071402372|0.0
0.004913660100810056|0.0
0.006002507211020519|0.0
0.005648091236848603|0.0
0.004913660100810056|0.0
0.0046717345337882205|0.0
0.005818524292449469|0.0
0.005557512617991256|0.0
0.005557512617991256|0.0
0.005144963064568307|0.0
0.005144963064568307|0.0
0.005818524292449469|0.0
0.006037741576339516|0.0
0.005557512617991256|0.0
