PredictedProbability|PredictedLabel
0.00870509442172057|0.0
0.00833820163287938|0.0
0.005814179679968341|0.0
0.00817335923872991|0.0
0.005814179679968341|0.0
0.007190442988801171|0.0
0.006910314191870805|0.0
0.008466611523753225|0.0
0.009622286183703267|0.0
0.007125383761975276|0.0
0.009239705702189004|0.0
0.00817335923872991|0.0
0.007190442988801171|0.0
0.00817335923872991|0.0
0.007190442988801171|0.0
0.007190442988801171|0.0
0.007190442988801171|0.0
0.007190442988801171|0.0
0.008129603292519362|0.0
0.006050144325119125|0.0
0.006050144325119125|0.0
0.006050144325119125|0.0
0.007190442988801171|0.0
0.007190442988801171|0.0
0.007190442988801171|0.0
0.007190442988801171|0.0
0.007190442988801171|0.0
0.007190442988801171|0.0
0.007190442988801171|0.0
0.007190442988801171|0.0
0.008129603292519362|0.0
0.007488812793340405|0.0
0.006301497388209775|0.0
0.007107275737998591|0.0
0.006285469884961079|0.0
0.006285469884961079|0.0
0.006285469884961079|0.0
0.006285469884961079|0.0
0.005770735763267494|0.0
0.00685873639329587|0.0
0.00685873639329587|0.0
0.00685873639329587|0.0
0.00685873639329587|0.0
0.005770735763267494|0.0
0.00685873639329587|0.0
0.00685873639329587|0.0
0.00685873639329587|0.0
0.006997252190065734|0.0
0.00685873639329587|0.0
0.006997252190065734|0.0
0.00685873639329587|0.0
0.00685873639329587|0.0
0.008289424843209946|0.0
0.007966824940764318|0.0
0.006704234923270208|0.0
0.008289424843209946|0.0
0.008289424843209946|0.0
0.00788745120191066|0.0
0.006704234923270208|0.0
0.007966824940764318|0.0
