PredictedProbability|PredictedLabel
0.3818532431328256|0.0
0.3259672545528616|0.0
0.3114371283280559|0.0
0.3447055743258919|0.0
0.35183964575565674|0.0
0.2821835686259635|0.0
0.2821835686259635|0.0
0.35183964575565674|0.0
0.35183964575565674|0.0
0.33266688195316146|0.0
0.33266688195316146|0.0
0.38847945006433265|0.0
0.38847945006433265|0.0
0.33109525555719016|0.0
0.33109525555719016|0.0
0.33109525555719016|0.0
0.30536234569560833|0.0
0.30536234569560833|0.0
0.30536234569560833|0.0
0.30536234569560833|0.0
0.30536234569560833|0.0
0.30536234569560833|0.0
0.30536234569560833|0.0
0.30536234569560833|0.0
0.30536234569560833|0.0
0.3838201359726909|0.0
0.3838201359726909|0.0
0.36689517286952344|0.0
0.3959591066181512|0.0
0.3959591066181512|0.0
0.3959591066181512|0.0
0.3959591066181512|0.0
0.3959591066181512|0.0
0.3959591066181512|0.0
0.3530023561994502|0.0
0.36602376645644286|0.0
0.3981515641988855|0.0
0.3270871479708446|0.0
0.3270871479708446|0.0
0.31960765215888576|0.0
0.31960765215888576|0.0
0.31960765215888576|0.0
0.31960765215888576|0.0
0.29982526358840916|0.0
0.31960765215888576|0.0
0.31960765215888576|0.0
0.31960765215888576|0.0
0.31960765215888576|0.0
0.31960765215888576|0.0
0.30467962401495785|0.0
0.30467962401495785|0.0
0.30467962401495785|0.0
0.30467962401495785|0.0
0.30467962401495785|0.0
0.30467962401495785|0.0
0.30467962401495785|0.0
0.30467962401495785|0.0
