PredictedProbability|PredictedLabel
0.3899685403931172|0.0
0.46843296827374215|0.0
0.5404247583612093|1.0
0.49740451361838856|0.0
0.5421507864777952|1.0
0.4360373001608734|0.0
0.40071675451384525|0.0
0.36227937859765985|0.0
0.34663079979545014|0.0
0.34663079979545014|0.0
0.34663079979545014|0.0
0.34663079979545014|0.0
0.34663079979545014|0.0
0.36638570209294513|0.0
0.38789598723227303|0.0
0.3309906030608685|0.0
0.3292454520424746|0.0
0.3247467238751778|0.0
0.41181037139475707|0.0
0.34025441627698066|0.0
0.362138492197253|0.0
0.40167578306522456|0.0
0.362138492197253|0.0
0.4429582249515902|0.0
0.40167578306522456|0.0
0.45134766226272865|0.0
0.42946358634245635|0.0
0.3899262954744847|0.0
0.3627118625061531|0.0
0.32142942061978763|0.0
0.32142942061978763|0.0
0.34864385358811917|0.0
0.32142942061978763|0.0
0.32142942061978763|0.0
0.32142942061978763|0.0
0.32142942061978763|0.0
0.32142942061978763|0.0
0.32142942061978763|0.0
0.32142942061978763|0.0
0.32142942061978763|0.0
0.32715699418977473|0.0
0.3068341400986422|0.0
0.3068341400986422|0.0
0.3068341400986422|0.0
0.3068341400986422|0.0
0.3068341400986422|0.0
0.3068341400986422|0.0
0.3068341400986422|0.0
0.3068341400986422|0.0
0.3068341400986422|0.0
0.32822472487966176|0.0
0.4113344426322823|0.0
0.46977635680719754|0.0
0.45207206815511924|0.0
0.5032137100408838|1.0
0.4116741598959095|0.0
0.4734358470463387|0.0
0.5384380609658322|1.0
