PredictedProbability|PredictedLabel
0.4761665369277508|0.0
0.5083805098595838|1.0
0.5579993097492199|1.0
0.6002588706875572|1.0
0.6114201300564541|1.0
0.5432698916771467|1.0
0.519937045990799|1.0
0.5726164886447629|1.0
0.5726164886447629|1.0
0.5921039503839093|1.0
0.5921039503839093|1.0
0.5921039503839093|1.0
0.5408047691724863|1.0
0.5129935734442099|1.0
0.4399723758772664|0.0
0.4399723758772664|0.0
0.42217693831450004|0.0
0.39407027669021855|0.0
0.3616400901987282|0.0
0.3616400901987282|0.0
0.3616400901987282|0.0
0.3616400901987282|0.0
0.3616400901987282|0.0
0.3616400901987282|0.0
0.3616400901987282|0.0
0.38191300024406466|0.0
0.3616400901987282|0.0
0.3616400901987282|0.0
0.3616400901987282|0.0
0.3616400901987282|0.0
0.3616400901987282|0.0
0.3616400901987282|0.0
0.3811275519378746|0.0
0.3616400901987282|0.0
0.3811275519378746|0.0
0.3616400901987282|0.0
0.3616400901987282|0.0
0.3616400901987282|0.0
0.3811275519378746|0.0
0.3616400901987282|0.0
0.3616400901987282|0.0
0.415594258008327|0.0
0.415594258008327|0.0
0.415594258008327|0.0
0.415594258008327|0.0
0.415594258008327|0.0
0.415594258008327|0.0
0.415594258008327|0.0
