PredictedProbability|PredictedLabel
0.48639079674105024|0.0
0.3511411510593657|0.0
0.3511411510593657|0.0
0.3116273669960167|0.0
0.4261213494315572|0.0
0.4826878081505785|0.0
0.4679867320715633|0.0
0.49253963790611477|0.0
0.5023167042573127|1.0
0.4822188339951448|0.0
0.47286716142145585|0.0
0.43077468819168585|0.0
0.4779842401488087|0.0
0.4982193922403416|0.0
0.3322541836357997|0.0
0.40451742940439156|0.0
0.5451614783591612|1.0
0.5193976510419595|1.0
0.5439505568765108|1.0
0.6317641447184486|1.0
0.6862656095590363|1.0
0.6862656095590363|1.0
0.712029436876238|1.0
0.6862656095590363|1.0
0.6862656095590363|1.0
0.6862656095590363|1.0
0.664011041968024|1.0
0.6173116365346243|1.0
0.6136215853635278|1.0
0.5575385273302229|1.0
0.5351685330327209|1.0
0.5065942654937488|1.0
0.5231557746314686|1.0
0.44988452839620596|0.0
0.4368913451752115|0.0
0.4302873980863633|0.0
0.37578593324577547|0.0
0.37578593324577547|0.0
0.36702812841494303|0.0
0.3842437343594089|0.0
0.41222130041013694|0.0
0.38766839457558555|0.0
0.41249355216741446|0.0
0.41249355216741446|0.0
