PredictedProbability|PredictedLabel
0.5264945713357189|1.0
0.40614527443329995|0.0
0.4919497099131516|0.0
0.3943139148297393|0.0
0.45736792275570304|0.0
0.4983006736749407|0.0
0.43382711171547134|0.0
0.43382711171547134|0.0
0.43382711171547134|0.0
0.3790651396537331|0.0
0.42188353648356164|0.0
0.4828625696903178|0.0
0.3993381232562302|0.0
0.42304291773695013|0.0
0.4689531877913777|0.0
0.43903133216563983|0.0
0.43903133216563983|0.0
0.5627453376350741|1.0
0.5442325869998066|1.0
0.6193604993518814|1.0
0.6255775604968994|1.0
0.5174788797600003|1.0
0.6142530457884605|1.0
0.5843311901627226|1.0
0.5843311901627226|1.0
0.5843311901627226|1.0
0.5843311901627226|1.0
0.5843311901627226|1.0
0.5843311901627226|1.0
0.5843311901627226|1.0
0.6405752502568406|1.0
0.6405752502568406|1.0
0.6221992623212653|1.0
0.6810998396568957|1.0
0.6994758275924708|1.0
0.5959540229395003|1.0
0.6204124144333042|1.0
0.5965167990205311|1.0
0.6044722049103904|1.0
0.6625416999927192|1.0
0.6625416999927192|1.0
0.6270422193145458|1.0
0.6405752502568406|1.0
0.6619789239116883|1.0
0.6619789239116883|1.0
0.6405752502568406|1.0
0.6405752502568406|1.0
0.6405752502568406|1.0
0.6405752502568406|1.0
0.6619789239116883|1.0
0.6405752502568406|1.0
0.6405752502568406|1.0
0.6056385456596981|1.0
0.6056385456596981|1.0
0.6056385456596981|1.0
0.6056385456596981|1.0
0.6056385456596981|1.0
0.5428556294991124|1.0
0.584175727959346|1.0
0.47434977990845323|0.0
0.5181238413588216|1.0
0.42611706508248554|0.0
0.46147677732848286|0.0
0.431554921702745|0.0
0.431554921702745|0.0
0.431554921702745|0.0
0.4714343667796356|0.0
0.4714343667796356|0.0
0.4714343667796356|0.0
0.4219068695383309|0.0
0.49879927579026173|0.0
0.5361963959845767|1.0
0.47961826342048647|0.0
0.4615464300580857|0.0
0.46113154134346657|0.0
0.5174332939377588|1.0
0.48751143831202093|0.0
0.48751143831202093|0.0
0.5094778880478994|1.0
0.48751143831202093|0.0
0.5085996381217083|1.0
0.49301825504784097|0.0
0.5002310816839415|1.0
0.5230492881166561|1.0
0.655441723622463|1.0
0.719618931537351|1.0
0.7459988285059054|1.0
0.681140268283025|1.0
0.681140268283025|1.0
0.7160769728801675|1.0
0.7160769728801675|1.0
0.681140268283025|1.0
0.7160769728801675|1.0
0.681140268283025|1.0
0.681140268283025|1.0
0.7160769728801675|1.0
0.7160769728801675|1.0
0.7375808349024572|1.0
0.7160769728801675|1.0
0.7160769728801675|1.0
0.7160769728801675|1.0
0.7160769728801675|1.0
0.7160769728801675|1.0
0.7160769728801675|1.0
0.6627642803474497|1.0
0.6776940681013487|1.0
0.7175739180592136|1.0
0.6779310032527922|1.0
0.519158670778431|1.0
0.47917218934031025|0.0
0.47917218934031025|0.0
0.471216783450451|0.0
0.471216783450451|0.0
0.471216783450451|0.0
0.5098404176139499|1.0
0.471216783450451|0.0
0.3918731506282979|0.0
0.40165399150636805|0.0
0.3918731506282979|0.0
0.40165399150636805|0.0
0.478241234212543|0.0
0.3796875417704895|0.0
0.41831117593398837|0.0
0.41831117593398837|0.0
0.49765480875614143|0.0
0.49765480875614143|0.0
0.45903117459264253|0.0
0.49765480875614143|0.0
0.4406551866570673|0.0
0.4660834470884165|0.0
0.4874871207432642|0.0
0.48089565529093947|0.0
0.5371418045822699|1.0
0.5792710901416849|1.0
0.5259098944658473|1.0
0.5872264960315441|1.0
0.5223679358086637|1.0
0.5573046404058062|1.0
0.4994644647249685|0.0
0.44690685262630014|0.0
0.4715547160841346|0.0
0.4777717772291525|0.0
0.4318615071747248|0.0
0.39138909374055675|0.0
0.39138909374055675|0.0
0.39138909374055675|0.0
0.39138909374055675|0.0
0.39138909374055675|0.0
0.39138909374055675|0.0
0.39138909374055675|0.0
0.39138909374055675|0.0
0.38155480540866177|0.0
0.38155480540866177|0.0
0.41526362023555385|0.0
0.4672736302105608|0.0
0.39986821641581854|0.0
0.4966693911481018|0.0
0.54423468298784|1.0
0.5787083140606539|1.0
0.472903751498043|0.0
0.4777062798651941|0.0
0.47826905594622493|0.0
0.47826905594622493|0.0
0.6424773947009095|1.0
0.6424773947009095|1.0
0.6424773947009095|1.0
0.6424773947009095|1.0
0.6424773947009095|1.0
0.6424773947009095|1.0
0.6424773947009095|1.0
0.6424773947009095|1.0
0.6424773947009095|1.0
0.7085022956730975|1.0
0.7085022956730975|1.0
0.7085022956730975|1.0
0.6761236163431891|1.0
0.6761236163431891|1.0
0.6944996042787643|1.0
0.7111007495664609|1.0
0.7434794288963694|1.0
0.6450758485942728|1.0
0.5126834130884659|1.0
0.5792710901416849|1.0
0.5132461891694968|1.0
0.5126834130884659|1.0
0.5132461891694968|1.0
0.5132461891694968|1.0
0.5132461891694968|1.0
0.5132461891694968|1.0
0.5213942033343332|1.0
0.5047930580466365|1.0
0.4740167842865414|0.0
0.4740167842865414|0.0
0.47667088550679537|0.0
0.47667088550679537|0.0
0.47667088550679537|0.0
0.47667088550679537|0.0
0.5077590818818408|1.0
0.47667088550679537|0.0
0.5130990122091442|1.0
0.5161717843785717|1.0
0.42055010913654456|0.0
0.5606348290857486|1.0
0.6423625437651712|1.0
0.5944734695909191|1.0
0.6181782640716389|1.0
0.6366027551503339|1.0
0.6366027551503339|1.0
0.6366027551503339|1.0
0.6447507693151704|1.0
0.6281496240274738|1.0
0.5973733502673786|1.0
0.5973733502673786|1.0
0.6000274514876325|1.0
0.6000274514876325|1.0
0.6000274514876325|1.0
0.6000274514876325|1.0
0.6000274514876325|1.0
0.6000274514876325|1.0
0.6378534284201456|1.0
0.6297054142553093|1.0
0.646306559543006|1.0
0.6036012779915095|1.0
0.6036012779915095|1.0
0.6009471767712555|1.0
0.609095190936092|1.0
0.5705275959125167|1.0
0.4832348490835807|0.0
0.48935559207072626|0.0
0.5599332816964571|1.0
0.5151498949167881|1.0
0.5077590818818408|1.0
0.5077590818818408|1.0
0.46297569510217196|0.0
0.5130990122091442|1.0
0.530336507426618|1.0
0.5599332816964571|1.0
0.5599332816964571|1.0
0.5599332816964571|1.0
0.5599332816964571|1.0
0.5599332816964571|1.0
0.5599332816964571|1.0
0.5599332816964571|1.0
0.5599332816964571|1.0
0.6933201047885083|1.0
0.7271587452936785|1.0
0.7131516322741047|1.0
0.5991626865794124|1.0
0.6180124473814482|1.0
0.6261604615462846|1.0
0.5799074400714619|1.0
0.5657323115990633|1.0
0.5965085853591585|1.0
0.6019445916394818|1.0
0.5781325974235834|1.0
0.5615314521358867|1.0
0.5799074400714619|1.0
