PredictedProbability|PredictedLabel
0.48489743984935735|0.0
0.5922833802105639|1.0
0.5516330117418746|1.0
0.6231387627344194|1.0
0.6675406206277216|1.0
0.5487400019236504|1.0
0.48292781124328565|0.0
0.44651169986143335|0.0
0.3755541006755686|0.0
0.3755541006755686|0.0
0.25954204349848753|0.0
0.25954204349848753|0.0
0.25954204349848753|0.0
0.25954204349848753|0.0
0.25954204349848753|0.0
0.28811334433722835|0.0
0.28811334433722835|0.0
0.29996034752213857|0.0
0.29996034752213857|0.0
0.42659768184745445|0.0
0.4207889394671208|0.0
0.36611524479066104|0.0
0.39854397482398574|0.0
0.4374437068090053|0.0
0.4374437068090053|0.0
0.4374437068090053|0.0
0.4374437068090053|0.0
0.4374437068090053|0.0
0.4374437068090053|0.0
0.4374437068090053|0.0
0.4374437068090053|0.0
0.4374437068090053|0.0
0.4374437068090053|0.0
0.4374437068090053|0.0
0.4374437068090053|0.0
0.4374437068090053|0.0
0.4374437068090053|0.0
0.4374437068090053|0.0
0.4374437068090053|0.0
0.4450509567154948|0.0
0.4316349644286718|0.0
0.29781305521426804|0.0
0.3624300568842993|0.0
0.33290341737709134|0.0
0.35158403192274845|0.0
0.32227814022885654|0.0
0.32227814022885654|0.0
0.30798746259175136|0.0
0.32227814022885654|0.0
0.32227814022885654|0.0
0.30798746259175136|0.0
0.32437708074849175|0.0
0.30798746259175136|0.0
0.289534187723711|0.0
0.32437708074849175|0.0
0.30798746259175136|0.0
0.3571210332536373|0.0
0.289534187723711|0.0
0.30798746259175136|0.0
