PredictedProbability|PredictedLabel
0.5090647719118008|1.0
0.3553836917471197|0.0
0.44388666061721915|0.0
0.4077929294577533|0.0
0.3650580601519981|0.0
0.3360628095313803|0.0
0.3360628095313803|0.0
0.3360628095313803|0.0
0.3360628095313803|0.0
0.3360628095313803|0.0
0.3360628095313803|0.0
0.3360628095313803|0.0
0.3360628095313803|0.0
0.3045326573326267|0.0
0.3360628095313803|0.0
0.3360628095313803|0.0
0.34877124016217864|0.0
0.3172360440206331|0.0
0.3287768693455475|0.0
0.2857058918218795|0.0
0.3408267613783438|0.0
0.2934599749561576|0.0
0.3287768693455475|0.0
0.3147458142610821|0.0
0.42263168070772517|0.0
0.41122188538433235|0.0
0.4473156165437982|0.0
0.5174411878846618|1.0
0.5174411878846618|1.0
0.5174411878846618|1.0
0.5174411878846618|1.0
0.5174411878846618|1.0
0.5490562550438607|1.0
0.5174411878846618|1.0
0.5174411878846618|1.0
0.4999420907703736|0.0
0.422927837924482|0.0
0.3790314119846458|0.0
0.497821494104634|0.0
0.5206753159194677|1.0
0.5715298872523633|1.0
0.6179710697877846|1.0
0.6407098826981328|1.0
0.6407098826981328|1.0
0.616973462626719|1.0
0.616973462626719|1.0
0.616973462626719|1.0
0.46525205511458767|0.0
0.5259846987696628|1.0
0.44736228001003847|0.0
0.43707342359559737|0.0
0.5071989949364609|1.0
0.48087926305152423|0.0
