PredictedProbability|PredictedLabel
0.3700302236610041|0.0
0.5633333698920301|1.0
0.4212122966868089|0.0
0.31023376611750136|0.0
0.30238254515165985|0.0
0.34353742851563374|0.0
0.32961518682837354|0.0
0.38381484733967663|0.0
0.3301405156813255|0.0
0.3848070290658156|0.0
0.3848070290658156|0.0
0.3993781625497306|0.0
0.3993781625497306|0.0
0.44068785872411953|0.0
0.44068785872411953|0.0
0.44068785872411953|0.0
0.44068785872411953|0.0
0.3993781625497306|0.0
0.3703142288011028|0.0
0.379595773979254|0.0
0.32727860692628485|0.0
0.3703142288011028|0.0
0.3703142288011028|0.0
0.3993781625497306|0.0
0.3703142288011028|0.0
0.3177592641081847|0.0
0.3177592641081847|0.0
0.32727860692628485|0.0
0.3993781625497306|0.0
0.3993781625497306|0.0
0.379595773979254|0.0
0.3434921739697666|0.0
0.3295351155095377|0.0
0.38542110408950164|0.0
0.3307545907050116|0.0
0.31192959504781853|0.0
0.2721439785437349|0.0
0.31381044303448385|0.0
0.29402805446400726|0.0
0.2949854473772908|0.0
0.27310137145701846|0.0
0.27310137145701846|0.0
0.2919263671142115|0.0
0.2949854473772908|0.0
0.27310137145701846|0.0
0.27310137145701846|0.0
0.27310137145701846|0.0
0.2568878044135367|0.0
0.31381044303448385|0.0
0.2949854473772908|0.0
0.27310137145701846|0.0
0.27310137145701846|0.0
0.27310137145701846|0.0
0.27310137145701846|0.0
0.27310137145701846|0.0
0.27310137145701846|0.0
0.27310137145701846|0.0
0.27310137145701846|0.0
