PredictedProbability|PredictedLabel
0.4155790896362778|0.0
0.27582673252113643|0.0
0.45546942387416844|0.0
0.43505274980483594|0.0
0.48366970993240405|0.0
0.44542429593044924|0.0
0.4698880206564522|0.0
0.4698880206564522|0.0
0.4698880206564522|0.0
0.4958939733987099|0.0
0.4958939733987099|0.0
0.4958939733987099|0.0
0.4958939733987099|0.0
0.4958939733987099|0.0
0.4958939733987099|0.0
0.448058419705563|0.0
0.448058419705563|0.0
0.448058419705563|0.0
0.41652826750680944|0.0
0.4383578684576987|0.0
0.4383578684576987|0.0
0.4383578684576987|0.0
0.4698880206564522|0.0
0.4698880206564522|0.0
0.43505274980483594|0.0
0.43505274980483594|0.0
