PredictedProbability|PredictedLabel
0.3324262319570599|0.0
0.31215409950873874|0.0
0.22888247346361262|0.0
0.24714445463212362|0.0
0.3972655954801359|0.0
0.4652035976974897|0.0
0.4652035976974897|0.0
0.3982856592980394|0.0
0.41546711113974466|0.0
0.38167162567641133|0.0
0.400829396403099|0.0
0.39385511115648075|0.0
0.42127585352007807|0.0
0.42127585352007807|0.0
0.42127585352007807|0.0
0.4006915868175557|0.0
0.35122061414425676|0.0
0.3490361381957886|0.0
0.34795542722256684|0.0
0.30641061814590204|0.0
0.28596416102892286|0.0
0.28596416102892286|0.0
0.28596416102892286|0.0
0.3073064077040786|0.0
0.28902856861988807|0.0
0.28902856861988807|0.0
0.26768632194473235|0.0
0.26768632194473235|0.0
