PredictedProbability|PredictedLabel
0.3478952280148281|0.0
0.3478952280148281|0.0
0.3961830327865512|0.0
0.3498667674727192|0.0
0.3775881569635916|0.0
0.3695470117307605|0.0
0.37789397099141764|0.0
0.31975277457420037|0.0
0.31759765318242356|0.0
0.34501400452957875|0.0
0.3472334333983944|0.0
0.3460241898810246|0.0
0.42374434290896545|0.0
0.42374434290896545|0.0
0.42374434290896545|0.0
0.42374434290896545|0.0
0.42374434290896545|0.0
0.42374434290896545|0.0
0.36609644247978873|0.0
0.38737185395139906|0.0
0.40626253616480856|0.0
0.39749938871998924|0.0
0.37819385326507543|0.0
0.36678591022823764|0.0
0.37819385326507543|0.0
0.37819385326507543|0.0
0.36678591022823764|0.0
0.36678591022823764|0.0
