PredictedProbability|PredictedLabel
0.42940717829988406|0.0
0.42940717829988406|0.0
0.42940717829988406|0.0
0.42940717829988406|0.0
0.37683945350172426|0.0
0.37683945350172426|0.0
0.37683945350172426|0.0
0.37683945350172426|0.0
0.37683945350172426|0.0
0.37683945350172426|0.0
0.37683945350172426|0.0
0.37683945350172426|0.0
0.37683945350172426|0.0
0.37683945350172426|0.0
0.37683945350172426|0.0
0.37683945350172426|0.0
0.37683945350172426|0.0
0.37683945350172426|0.0
0.37683945350172426|0.0
0.42940717829988406|0.0
0.485293166879848|0.0
0.42940717829988406|0.0
0.42940717829988406|0.0
0.42940717829988406|0.0
0.37683945350172426|0.0
0.3838791197625839|0.0
0.3838791197625839|0.0
0.3838791197625839|0.0
0.43644684456074356|0.0
0.41319361125640225|0.0
0.4562292331312202|0.0
0.4562292331312202|0.0
0.485293166879848|0.0
0.4562292331312202|0.0
0.4562292331312202|0.0
0.485293166879848|0.0
0.485293166879848|0.0
0.4562292331312202|0.0
0.4562292331312202|0.0
0.4562292331312202|0.0
0.4562292331312202|0.0
0.4562292331312202|0.0
0.485293166879848|0.0
0.4562292331312202|0.0
0.4562292331312202|0.0
0.4562292331312202|0.0
0.4562292331312202|0.0
