PredictedProbability|PredictedLabel
0.2885448529414652|0.0
0.3260965848104559|0.0
0.27685145853418514|0.0
0.35470116350891684|0.0
0.2700665352188969|0.0
0.2583242596822616|0.0
0.2906417209193123|0.0
0.27369757324878463|0.0
0.27369757324878463|0.0
0.27369757324878463|0.0
0.27369757324878463|0.0
0.27369757324878463|0.0
0.27369757324878463|0.0
0.27369757324878463|0.0
0.3009120062171161|0.0
0.3009120062171161|0.0
0.3009120062171161|0.0
0.3009120062171161|0.0
0.3009120062171161|0.0
0.3009120062171161|0.0
0.3009120062171161|0.0
0.3009120062171161|0.0
