PredictedProbability|PredictedLabel
0.4119216631256063|0.0
0.372267449485833|0.0
0.4004055830708542|0.0
0.3512887142200606|0.0
0.38897728886053473|0.0
0.36290807786809387|0.0
0.3920430152886817|0.0
0.408362123102403|0.0
0.4360897494870971|0.0
0.43618356105945877|0.0
0.47325020293807984|0.0
0.47325020293807984|0.0
0.47325020293807984|0.0
0.47325020293807984|0.0
0.47325020293807984|0.0
0.47325020293807984|0.0
0.47325020293807984|0.0
0.47325020293807984|0.0
0.43462656877458106|0.0
0.43462656877458106|0.0
