PredictedProbability|PredictedLabel
0.31385291508808916|0.0
0.31385291508808916|0.0
0.35155440727398946|0.0
0.35155440727398946|0.0
0.35155440727398946|0.0
0.35155440727398946|0.0
0.35155440727398946|0.0
0.35155440727398946|0.0
0.35155440727398946|0.0
0.35155440727398946|0.0
0.35155440727398946|0.0
0.35155440727398946|0.0
0.35155440727398946|0.0
0.35155440727398946|0.0
0.35155440727398946|0.0
0.35155440727398946|0.0
0.35155440727398946|0.0
0.35155440727398946|0.0
0.35155440727398946|0.0
0.35155440727398946|0.0
0.35155440727398946|0.0
0.35155440727398946|0.0
0.35155440727398946|0.0
0.35155440727398946|0.0
0.35155440727398946|0.0
0.32921189216022295|0.0
0.32921189216022295|0.0
0.32921189216022295|0.0
0.3184087189853945|0.0
0.3184087189853945|0.0
