PredictedProbability|PredictedLabel
0.44259007096247|0.0
0.44259007096247|0.0
0.422606544613099|0.0
0.4519005134895022|0.0
0.4688277966268754|0.0
0.4688277966268754|0.0
0.4488442702775045|0.0
0.4688277966268754|0.0
0.4688277966268754|0.0
0.4688277966268754|0.0
0.4688277966268754|0.0
0.4688277966268754|0.0
0.4688277966268754|0.0
0.4688277966268754|0.0
0.4688277966268754|0.0
0.4688277966268754|0.0
0.4688277966268754|0.0
0.39522218651402913|0.0
0.39522218651402913|0.0
0.3520163836432611|0.0
0.2179405701463258|0.0
0.2179405701463258|0.0
0.22948139547124025|0.0
0.2179405701463258|0.0
0.2179405701463258|0.0
0.2179405701463258|0.0
0.2179405701463258|0.0
