PredictedProbability|PredictedLabel
0.22281328412141282|0.0
0.2875274920925788|0.0
0.31614836831401494|0.0
0.3700403750966628|0.0
0.3700403750966628|0.0
0.41813867506791863|0.0
0.41813867506791863|0.0
0.40920412449897603|0.0
0.3271596230059487|0.0
0.28947104836547455|0.0
0.2755751786850228|0.0
0.2755751786850228|0.0
0.21387873355247025|0.0
0.25433211209610956|0.0
0.21387873355247025|0.0
0.25433211209610956|0.0
0.25433211209610956|0.0
0.25433211209610956|0.0
0.21387873355247025|0.0
0.21387873355247025|0.0
0.25433211209610956|0.0
0.25433211209610956|0.0
0.25433211209610956|0.0
0.25433211209610956|0.0
0.25433211209610956|0.0
0.21387873355247025|0.0
0.21387873355247025|0.0
0.21387873355247025|0.0
0.21387873355247025|0.0
0.21387873355247025|0.0
0.21387873355247025|0.0
0.21387873355247025|0.0
0.21387873355247025|0.0
0.21387873355247025|0.0
0.21387873355247025|0.0
0.25433211209610956|0.0
0.27078914645122665|0.0
0.27078914645122665|0.0
0.23033576790758734|0.0
0.23033576790758734|0.0
0.25433211209610956|0.0
0.25433211209610956|0.0
0.25433211209610956|0.0
