PredictedProbability|PredictedLabel
0.35980293293610577|0.0
0.34590529568502915|0.0
0.47113046877480225|0.0
0.36892910664597256|0.0
0.36892910664597256|0.0
0.4167968946294066|0.0
0.4167968946294066|0.0
0.4167968946294066|0.0
0.4167968946294066|0.0
0.4167968946294066|0.0
0.43198350713923633|0.0
0.43198350713923633|0.0
0.4167968946294066|0.0
0.4167968946294066|0.0
0.4167968946294066|0.0
0.4167968946294066|0.0
0.4167968946294066|0.0
0.37137308763459503|0.0
0.3448173463420324|0.0
0.3448173463420324|0.0
0.3448173463420324|0.0
0.3448173463420324|0.0
0.2969495583585983|0.0
0.29027344661119997|0.0
0.2969495583585983|0.0
0.2969495583585983|0.0
0.2969495583585983|0.0
0.2969495583585983|0.0
0.2969495583585983|0.0
0.2969495583585983|0.0
0.2969495583585983|0.0
0.2969495583585983|0.0
0.2969495583585983|0.0
0.2969495583585983|0.0
0.2969495583585983|0.0
0.2969495583585983|0.0
0.2642056058534528|0.0
0.2660713447914165|0.0
0.2660713447914165|0.0
0.29881529729656203|0.0
0.29881529729656203|0.0
0.29881529729656203|0.0
0.3336581903213428|0.0
0.29881529729656203|0.0
0.31955845450674875|0.0
0.36293673649206354|0.0
0.36293673649206354|0.0
0.36293673649206354|0.0
0.36293673649206354|0.0
0.3610709975540998|0.0
0.3610709975540998|0.0
0.3610709975540998|0.0
0.3610709975540998|0.0
