PredictedProbability|PredictedLabel
0.3041296159950784|0.0
0.32240745507926893|0.0
0.32503652074557043|0.0
0.34637876742072615|0.0
0.35789111847094396|0.0
0.3396132793867534|0.0
0.3396132793867534|0.0
0.31827103271159773|0.0
0.31827103271159773|0.0
0.31827103271159773|0.0
0.31827103271159773|0.0
0.31827103271159773|0.0
0.37871786923955686|0.0
0.3791900681149383|0.0
0.3889200046087897|0.0
0.3761741321344973|0.0
0.4116462289777532|0.0
0.34565612281875696|0.0
0.3398473804384234|0.0
0.3366342003570301|0.0
0.31355867757374944|0.0
0.31355867757374944|0.0
0.31355867757374944|0.0
0.27623326349960425|0.0
0.31840226094337293|0.0
0.31887445981875434|0.0
0.37458478475668333|0.0
0.3388487180603521|0.0
0.3589408550989114|0.0
