PredictedProbability|PredictedLabel
0.6175511484954297|1.0
0.5593004158194783|1.0
0.7441226977886349|1.0
0.6699047082451538|1.0
0.5459228886434901|1.0
0.5033874957166068|1.0
0.5486331242858877|1.0
0.544173139394451|1.0
0.6111452963339645|1.0
0.5434372244448528|1.0
0.5666099244984103|1.0
0.5765661044037731|1.0
0.45699840959261123|0.0
0.5496032628617233|1.0
0.4726627785009165|0.0
0.5809477121630051|1.0
0.6070081917659718|1.0
0.7338385871685962|1.0
0.6987763534066705|1.0
0.7066179001589707|1.0
0.6941632933703213|1.0
0.7101698693079486|1.0
0.6486158718883827|1.0
0.4558442319128505|0.0
0.5867326621014239|1.0
0.4711880286493776|0.0
0.534880086253933|1.0
0.550501162966388|1.0
0.43280724714330443|0.0
0.6053252444154038|1.0
0.6941632933703213|1.0
0.60749020233362|1.0
0.5187283201097308|1.0
0.692323072107203|1.0
0.5645080225287371|1.0
0.7088587203539628|1.0
0.6379308730424718|1.0
0.7498451631062233|1.0
0.6652149245778235|1.0
0.7498451631062233|1.0
0.7498451631062233|1.0
0.6652149245778235|1.0
0.7498451631062233|1.0
0.7974875406640836|1.0
0.7577578585961184|1.0
0.5324388993993814|1.0
0.7469701880283532|1.0
0.8011433151346818|1.0
