PredictedProbability|PredictedLabel
0.46686843047420623|0.0
0.4339832189918445|0.0
0.4339832189918445|0.0
0.5391795334422772|1.0
0.525927770296253|1.0
0.4556674000581279|0.0
0.4145256692557201|0.0
0.45226301313308453|0.0
0.4641471474397402|0.0
0.4156706157990141|0.0
0.4156706157990141|0.0
0.43000814265277876|0.0
0.42911539580093355|0.0
0.43000814265277876|0.0
0.4156706157990141|0.0
0.4156706157990141|0.0
0.45344556995720053|0.0
0.43000814265277876|0.0
0.43000814265277876|0.0
0.43000814265277876|0.0
0.43000814265277876|0.0
0.43000814265277876|0.0
