PredictedProbability|PredictedLabel
0.4560930542624799|0.0
0.4560930542624799|0.0
0.4501141935291543|0.0
0.4619670541679004|0.0
0.45973497337575386|0.0
0.5091141741926478|1.0
0.5091141741926478|1.0
0.487307755789631|0.0
0.4814337558842105|0.0
0.5163696670150987|1.0
0.48144038780104015|0.0
0.4778994726654968|0.0
0.44424019362373396|0.0
0.4560930542624799|0.0
0.4560930542624799|0.0
0.4560930542624799|0.0
0.4560930542624799|0.0
0.4560930542624799|0.0
0.4560930542624799|0.0
0.45736968635160513|0.0
0.4560930542624799|0.0
0.4560864223456503|0.0
0.4560930542624799|0.0
0.4560930542624799|0.0
0.4560930542624799|0.0
0.4560930542624799|0.0
0.4560930542624799|0.0
0.44424019362373396|0.0
0.44424019362373396|0.0
0.4778994726654968|0.0
0.4560930542624799|0.0
0.44424019362373396|0.0
0.44424019362373396|0.0
0.44424019362373396|0.0
0.4560930542624799|0.0
0.44424019362373396|0.0
0.4560930542624799|0.0
0.4560930542624799|0.0
0.44424019362373396|0.0
0.4560930542624799|0.0
0.4560930542624799|0.0
0.4862905598950503|0.0
0.4619670541679004|0.0
