PredictedProbability|PredictedLabel
0.43000814265277876|0.0
0.39984421420488303|0.0
0.43000814265277876|0.0
0.40077886184380757|0.0
0.414223641845727|0.0
0.38644133499004285|0.0
0.40077886184380757|0.0
0.38644133499004285|0.0
0.4166052634379386|0.0
0.38644133499004285|0.0
0.39984421420488303|0.0
0.4022677365841739|0.0
0.38644133499004285|0.0
0.43000814265277876|0.0
0.38644133499004285|0.0
0.39984421420488303|0.0
0.38644133499004285|0.0
0.4166052634379386|0.0
0.4166052634379386|0.0
0.4156706157990141|0.0
0.41418174105864775|0.0
0.38644133499004285|0.0
0.43502743687593337|0.0
0.4022677365841739|0.0
0.40077886184380757|0.0
0.41418174105864775|0.0
0.40077886184380757|0.0
0.38644133499004285|0.0
0.40077886184380757|0.0
0.4166052634379386|0.0
0.4022677365841739|0.0
0.43000814265277876|0.0
0.4166052634379386|0.0
0.43000814265277876|0.0
0.43000814265277876|0.0
0.4156706157990141|0.0
0.43000814265277876|0.0
0.4166052634379386|0.0
0.43000814265277876|0.0
0.4166052634379386|0.0
0.43000814265277876|0.0
0.43000814265277876|0.0
0.43000814265277876|0.0
0.4344233714557146|0.0
0.4344233714557146|0.0
0.43000814265277876|0.0
0.42008584460194986|0.0
0.4156706157990141|0.0
0.4156706157990141|0.0
0.4156706157990141|0.0
0.43000814265277876|0.0
0.40077886184380757|0.0
