PredictedProbability|PredictedLabel
0.44424019362373396|0.0
0.44424019362373396|0.0
0.44424019362373396|0.0
0.44424019362373396|0.0
0.4560930542624799|0.0
0.4560930542624799|0.0
0.44424019362373396|0.0
0.44424019362373396|0.0
0.44424019362373396|0.0
0.4560930542624799|0.0
0.4560930542624799|0.0
0.4560930542624799|0.0
0.4560930542624799|0.0
0.4560930542624799|0.0
0.4560930542624799|0.0
0.4560930542624799|0.0
0.44424019362373396|0.0
0.43332580959393957|0.0
0.4189125589283396|0.0
0.44424019362373396|0.0
0.42565579485579474|0.0
0.44274092848818525|0.0
0.4560930542624799|0.0
0.44424019362373396|0.0
0.4560930542624799|0.0
0.44424019362373396|0.0
0.44424019362373396|0.0
0.44424019362373396|0.0
0.44424019362373396|0.0
0.44424019362373396|0.0
0.4560930542624799|0.0
0.44424019362373396|0.0
0.4560930542624799|0.0
