PredictedProbability|PredictedLabel
0.5293154636362666|1.0
0.5039049335640083|1.0
0.4814565741324205|0.0
0.6437134111468528|1.0
0.5092495007637265|1.0
0.5850241395820405|1.0
0.5799881267022594|1.0
0.6806222867437466|1.0
0.5787684463366171|1.0
0.5970173044521702|1.0
0.5371971070304783|1.0
0.7063037387992479|1.0
0.6171312219695566|1.0
0.5970173044521702|1.0
0.5722326235399615|1.0
0.6214771299287037|1.0
0.6014655891886003|1.0
0.6331051869963392|1.0
0.6194285368400425|1.0
0.5965561932379561|1.0
0.5930176893625199|1.0
0.587756195809342|1.0
0.6052299707529992|1.0
0.5633367877208089|1.0
0.6105953991729011|1.0
0.5429613183303469|1.0
0.6506715700328769|1.0
0.5776038088504101|1.0
0.6477514949648333|1.0
0.5790824182942989|1.0
0.6132214230812603|1.0
0.5429932631936991|1.0
0.5722326235399615|1.0
0.587756195809342|1.0
0.5361447409957923|1.0
0.5625143517586022|1.0
0.5625143517586022|1.0
0.5625143517586022|1.0
0.5361447409957923|1.0
0.5625143517586022|1.0
0.5361447409957923|1.0
0.5361447409957923|1.0
