PredictedProbability|PredictedLabel
0.4641471474397402|0.0
0.4498096205859755|0.0
0.4498096205859755|0.0
0.4917101106559879|0.0
0.5019851790315927|1.0
0.4417447042748955|0.0
0.3983705179982908|0.0
0.4022677365841739|0.0
0.43914163747674706|0.0
0.43491786663076903|0.0
0.40077886184380757|0.0
0.40077886184380757|0.0
0.4166052634379386|0.0
0.4022677365841739|0.0
0.41418174105864775|0.0
0.4166052634379386|0.0
0.40077886184380757|0.0
0.43502743687593337|0.0
0.4022677365841739|0.0
0.39984421420488303|0.0
0.41418174105864775|0.0
0.40077886184380757|0.0
0.40077886184380757|0.0
0.40077886184380757|0.0
0.40077886184380757|0.0
0.38644133499004285|0.0
0.40077886184380757|0.0
0.40519409064674344|0.0
0.5050405286553158|1.0
0.4517683012399645|0.0
0.5135459850485198|1.0
0.37067913886154874|0.0
0.46660053998684925|0.0
0.4641471474397402|0.0
0.4156706157990141|0.0
0.43000814265277876|0.0
0.43000814265277876|0.0
0.39984421420488303|0.0
0.43000814265277876|0.0
0.4022677365841739|0.0
0.43000814265277876|0.0
0.44843031609077355|0.0
0.42008584460194986|0.0
