PredictedProbability|PredictedLabel
0.43000814265277876|0.0
0.43000814265277876|0.0
0.4156706157990141|0.0
0.5004972246695581|1.0
0.47245877509092865|0.0
0.43000814265277876|0.0
0.39984421420488303|0.0
0.4156706157990141|0.0
0.4022677365841739|0.0
0.43000814265277876|0.0
0.43000814265277876|0.0
0.4166052634379386|0.0
0.43000814265277876|0.0
0.43000814265277876|0.0
0.43000814265277876|0.0
0.4344233714557146|0.0
0.41418174105864775|0.0
0.43000814265277876|0.0
0.4166052634379386|0.0
0.43000814265277876|0.0
0.4507932084753371|0.0
0.4344233714557146|0.0
0.4344233714557146|0.0
0.43000814265277876|0.0
0.4507932084753371|0.0
0.4507932084753371|0.0
0.4344233714557146|0.0
0.4042594430078189|0.0
0.44843031609077355|0.0
0.4022677365841739|0.0
0.4166052634379386|0.0
0.43000814265277876|0.0
0.4166052634379386|0.0
0.3606737148657781|0.0
0.40077886184380757|0.0
0.40077886184380757|0.0
0.4166052634379386|0.0
0.4166052634379386|0.0
0.4326039144966426|0.0
0.4344233714557146|0.0
0.4210204922408744|0.0
0.4210204922408744|0.0
0.43000814265277876|0.0
0.4507932084753371|0.0
0.4742306357797588|0.0
0.4578607987601363|0.0
0.43000814265277876|0.0
