PredictedProbability|PredictedLabel
0.46789824370547944|0.0
0.46789824370547944|0.0
0.44424019362373396|0.0
0.46789824370547944|0.0
0.43604836703729405|0.0
0.46789824370547944|0.0
0.4560864223456503|0.0
0.49942840631715013|0.0
0.43332580959393957|0.0
0.43071774837133914|0.0
0.45604538306673337|0.0
0.46789824370547944|0.0
0.4485908241348532|0.0
0.43071774837133914|0.0
0.4214729489551936|0.0
0.41795173266281616|0.0
0.4591122556401239|0.0
0.46789824370547944|0.0
0.45454611793118477|0.0
0.45454611793118477|0.0
0.45311637994199316|0.0
0.46789824370547944|0.0
0.46196042225107076|0.0
0.4675785296489646|0.0
0.4560864223456503|0.0
0.5061689967396074|1.0
0.47577035623540453|0.0
0.46789824370547944|0.0
0.46789824370547944|0.0
0.46789824370547944|0.0
0.46789824370547944|0.0
0.48970466210849634|0.0
0.46789824370547944|0.0
0.46789824370547944|0.0
0.43604836703729405|0.0
0.46789824370547944|0.0
0.4560864223456503|0.0
0.5061279574606906|1.0
0.4214729489551936|0.0
0.47785180146975026|0.0
0.424195506398548|0.0
