PredictedProbability|PredictedLabel
0.4364372884258144|0.0
0.4560930542624799|0.0
0.44424019362373396|0.0
0.6521687898061742|1.0
0.6307534825265398|1.0
0.49823833094709913|0.0
0.633960742551652|1.0
0.48653138249020567|0.0
0.5031050873691252|1.0
0.4701102738986508|0.0
0.5576608061994512|1.0
0.5858481677104377|1.0
0.6402788626948345|1.0
0.5427156648221844|1.0
0.5897386223841626|1.0
0.5564389043304567|1.0
0.5246097598721006|1.0
0.6158395165693409|1.0
0.49494271207491325|0.0
0.5197054471657423|1.0
0.46508143782904243|0.0
0.5340578606559294|1.0
0.5518205543911401|1.0
0.4846184142793114|0.0
0.5364149493151001|1.0
0.6368642325675514|1.0
0.6015438118271621|1.0
0.5897386223841626|1.0
0.5730206966756406|1.0
0.5337876949602482|1.0
0.5907839732019184|1.0
0.5148664309402313|1.0
0.5112949505591005|1.0
0.4879760422945297|0.0
0.45604538306673337|0.0
0.45604538306673337|0.0
0.44424019362373396|0.0
0.4531183433384576|0.0
0.511060860175237|1.0
0.5427486036644812|1.0
0.5239516216098681|1.0
0.5286920763837519|1.0
0.5651780833016302|1.0
0.5371315291862724|1.0
