PredictedProbability|PredictedLabel
0.3827931884855046|0.0
0.4055604331540449|0.0
0.4081208231808988|0.0
0.3827931884855046|0.0
0.3827931884855046|0.0
0.4177800608010651|0.0
0.3642087897175654|0.0
0.3642087897175654|0.0
0.3642087897175654|0.0
0.3998612013902037|0.0
0.3869621094413932|0.0
0.3642087897175654|0.0
0.3827931884855046|0.0
0.3642087897175654|0.0
0.4055604331540449|0.0
0.43088806784943917|0.0
0.4251888360855979|0.0
0.4055465082093324|0.0
0.3961453142597993|0.0
0.3961453142597993|0.0
0.3827931884855046|0.0
0.3827931884855046|0.0
0.3827931884855046|0.0
0.4055604331540449|0.0
0.4081208231808988|0.0
0.3827931884855046|0.0
0.3998612013902037|0.0
0.44422626867902143|0.0
0.3827931884855046|0.0
0.4055465082093324|0.0
0.3961453142597993|0.0
0.3827931884855046|0.0
0.3869760343861057|0.0
0.4081208231808988|0.0
0.3642087897175654|0.0
0.4055604331540449|0.0
0.43332580959393957|0.0
0.4055604331540449|0.0
0.4081208231808988|0.0
0.3961453142597993|0.0
0.3827931884855046|0.0
0.4189125589283396|0.0
0.4081208231808988|0.0
0.3998612013902037|0.0
0.4055465082093324|0.0
0.3775609154918601|0.0
0.3827931884855046|0.0
0.4087824527891226|0.0
0.38953642441295966|0.0
0.3642087897175654|0.0
0.3827931884855046|0.0
