PredictedProbability|PredictedLabel
0.43000814265277876|0.0
0.4156706157990141|0.0
0.43000814265277876|0.0
0.4156706157990141|0.0
0.39984421420488303|0.0
0.39984421420488303|0.0
0.40077886184380757|0.0
0.38644133499004285|0.0
0.4166052634379386|0.0
0.4022677365841739|0.0
0.4156706157990141|0.0
0.43000814265277876|0.0
0.43000814265277876|0.0
0.43000814265277876|0.0
0.4156706157990141|0.0
0.43909234279303205|0.0
0.39984421420488303|0.0
0.46250578918486573|0.0
0.46815092274916204|0.0
0.4156706157990141|0.0
0.4156706157990141|0.0
0.4990350570381862|0.0
0.5001407341202071|1.0
0.43000814265277876|0.0
