PredictedProbability|PredictedLabel
0.5293983429828649|1.0
0.44256082676704667|0.0
0.6726332098105061|1.0
0.5033471237567364|1.0
0.6197948145011657|1.0
0.5042137816814003|1.0
0.4940486806332335|0.0
0.4968745411344189|0.0
0.41763226809702847|0.0
0.44770536438140035|0.0
0.40512417835652537|0.0
0.4316708959524512|0.0
0.47570721942037403|0.0
0.4191628062119482|0.0
0.4191628062119482|0.0
0.44716466125092175|0.0
0.44716466125092175|0.0
0.4191628062119482|0.0
0.4191628062119482|0.0
0.4191628062119482|0.0
0.4191628062119482|0.0
0.4191628062119482|0.0
0.4191628062119482|0.0
0.44716466125092175|0.0
0.4020974826219829|0.0
0.44716466125092175|0.0
0.4191628062119482|0.0
0.4199283024314238|0.0
0.4311918943445325|0.0
0.41763226809702847|0.0
0.4721326816190484|0.0
0.44770536438140035|0.0
0.4191628062119482|0.0
0.4191628062119482|0.0
0.4191628062119482|0.0
0.414605572362486|0.0
0.45967275099142474|0.0
0.4020974826219829|0.0
0.4191628062119482|0.0
0.44716466125092175|0.0
