PredictedProbability|PredictedLabel
0.44424019362373396|0.0
0.44424019362373396|0.0
0.46130820652843296|0.0
0.47073178259793796|0.0
0.46129428158372054|0.0
0.4189125589283396|0.0
0.46129428158372054|0.0
0.4359805718330387|0.0
0.4744337447836299|0.0
0.4188986339836271|0.0
0.3998612013902037|0.0
0.4189125589283396|0.0
0.44795608075413823|0.0
0.4558632709604031|0.0
0.44795608075413823|0.0
0.46130820652843296|0.0
0.473161067167179|0.0
0.5114578455843828|1.0
0.473161067167179|0.0
0.46130820652843296|0.0
0.46130820652843296|0.0
0.473161067167179|0.0
0.4560930542624799|0.0
0.4560930542624799|0.0
0.4560930542624799|0.0
0.46130820652843296|0.0
0.46130820652843296|0.0
0.4560930542624799|0.0
0.4560930542624799|0.0
0.44424019362373396|0.0
0.4560930542624799|0.0
0.46130820652843296|0.0
0.4560930542624799|0.0
0.4560930542624799|0.0
0.4560930542624799|0.0
0.4692225469903512|0.0
0.473161067167179|0.0
0.47443769925630425|0.0
0.4560930542624799|0.0
0.4560930542624799|0.0
0.4560930542624799|0.0
0.4560930542624799|0.0
0.473161067167179|0.0
0.4560930542624799|0.0
0.4560930542624799|0.0
0.4560930542624799|0.0
0.4560930542624799|0.0
0.4560930542624799|0.0
0.4560930542624799|0.0
0.4560930542624799|0.0
0.4560930542624799|0.0
0.44424019362373396|0.0
0.44424019362373396|0.0
0.44424019362373396|0.0
0.43854096185989266|0.0
0.4359666468883262|0.0
0.4188986339836271|0.0
