PredictedProbability|PredictedLabel
0.004214562885227846|1.0
0.0044000775830654254|1.0
0.004014405924501399|1.0
0.004264375056342644|1.0
0.004648234673112647|1.0
0.0030705484291312242|1.0
0.0030330680007156262|1.0
0.002764688613523904|1.0
0.003518387992514899|1.0
0.0033895772272632234|1.0
0.0032193042263162735|1.0
0.0032849669068776384|1.0
0.003301591050440002|1.0
0.003225351674237483|1.0
0.0039051656355460203|1.0
0.004067715011623166|1.0
0.004275877879805087|1.0
0.004351869215822224|1.0
0.004533474382459706|1.0
0.004327919860035378|1.0
0.005265594402764853|1.0
0.005596135834691406|1.0
0.005358042434205266|1.0
0.006154076034912832|1.0
0.005525484728909415|1.0
0.006203273998533076|1.0
0.005659798424900504|1.0
0.0049262162156466045|1.0
0.005598818681284514|1.0
0.005322909151513654|1.0
0.005268817167258199|1.0
0.005609465945216271|1.0
0.005861371317040239|1.0
0.005478841398070354|1.0
0.005668347245305396|1.0
0.00575448401610327|1.0
0.005779180202828468|1.0
0.006025265206710036|1.0
0.00544712003154132|1.0
0.005479052685376072|1.0
0.00560198347170863|1.0
0.007326723881688983|1.0
0.006612812003581166|1.0
0.006234465118477415|1.0
0.006395470553755482|1.0
0.006777705823314383|1.0
0.007195229485280089|1.0
0.008296847187238623|1.0
