PredictedProbability|PredictedLabel
0.008793738840858913|1.0
0.008477952351230346|1.0
0.00882675232107665|1.0
0.00895531208987137|1.0
0.008795809124504545|1.0
0.008245970291528326|1.0
0.008146757668888472|1.0
0.008002610872448102|1.0
0.008086482037793632|1.0
0.007406800601790097|1.0
0.007789253949462456|1.0
0.006612126556154043|1.0
0.0064565379400534665|1.0
0.00619801957952832|1.0
0.006691595857442182|1.0
0.006434413880956499|1.0
0.006291517197629655|1.0
0.006580249557597617|1.0
0.006864618296732975|1.0
0.007921234928172191|1.0
0.009138858114772306|1.0
0.009000163160837807|1.0
0.00802078931265509|1.0
0.00781888643562923|1.0
0.007282308333720984|1.0
0.008152205357621857|1.0
0.008112344772368725|1.0
0.008326382533094962|1.0
0.00831763511018719|1.0
0.00930685542377074|1.0
0.009726952561640313|1.0
0.009011386665374582|1.0
0.00855516540511796|1.0
0.00893536188882262|1.0
0.00946197011461023|1.0
0.009788905587602632|1.0
