PredictedProbability|PredictedLabel
0.006659495542173893|1.0
0.007889853416691765|1.0
0.005948501205736699|1.0
0.005387347223450269|1.0
0.0034001285473067864|1.0
0.003036138966773598|1.0
0.0027092546522500716|1.0
0.002756712719388717|1.0
0.0031828055074761257|1.0
0.0034108814791521218|1.0
0.0029583973582534254|1.0
0.0028601483734134133|1.0
0.0034725117786816306|1.0
0.002951438664417632|1.0
0.0030242911764022675|1.0
0.0027464981282217076|1.0
0.003017153045529999|1.0
0.003194104314087315|1.0
0.0033017764716366336|1.0
0.0033097794690351537|1.0
0.003744139704526345|1.0
0.0041203786005320235|1.0
0.0036563152722251403|1.0
0.0032300255051745754|1.0
0.0031736111086180106|1.0
0.0032147904225554337|1.0
0.0036943321215452897|1.0
0.0042601980534329445|1.0
0.0038564574038278867|1.0
0.003788415375952251|1.0
0.003596650356803231|1.0
0.0045164641980545706|1.0
0.004182543505900516|1.0
0.0033800414267620774|1.0
0.0031578501417778675|1.0
0.003251410380620929|1.0
0.0035728417903207917|1.0
0.003541476288703675|1.0
0.00400424744647339|1.0
0.004230505518117917|1.0
0.0047967381334345464|1.0
0.005239858836262484|1.0
0.004935527490858273|1.0
0.00464737423964794|1.0
0.0038310177473667197|1.0
0.003426241956608821|1.0
