PredictedProbability|PredictedLabel
0.005620865581106355|1.0
0.0062634709219200465|1.0
0.006188627552143035|1.0
0.006312662274159308|1.0
0.00697803641837673|1.0
0.007831859471984512|1.0
0.006212718531970066|1.0
0.005661766345322934|1.0
0.005218877915674833|1.0
0.004810197494226918|1.0
0.004343999635382059|1.0
0.0043675494390098945|1.0
0.0044562662985304854|1.0
0.0045340586649546075|1.0
0.004515947415849607|1.0
0.004541923997801847|1.0
0.004488704517494984|1.0
0.004474952375661394|1.0
0.004348242897840144|1.0
0.004150795752574736|1.0
0.004157648465831187|1.0
0.004213246279126593|1.0
0.004231832747102822|1.0
0.004202081022497082|1.0
0.004188096016127727|1.0
0.004082232299806398|1.0
0.004038613164952273|1.0
0.004118801571034574|1.0
0.004206644317573902|1.0
0.004217876913618808|1.0
0.0042482431136174085|1.0
0.004252703511060928|1.0
0.004336052955038353|1.0
0.004336073075499236|1.0
0.004593202126452848|1.0
0.004663808291916444|1.0
0.00494068523737503|1.0
0.00541459672849084|1.0
0.006618028949511722|1.0
0.006302385989498968|1.0
