PredictedProbability|PredictedLabel
0.007920496381628145|1.0
0.008466571978367568|1.0
0.007554122946587035|1.0
0.008353933999341303|1.0
0.008450124447561281|1.0
0.007563375689493268|1.0
0.007552182699365001|1.0
0.007666899286762688|1.0
0.007187409122627233|1.0
0.006809458912337954|1.0
0.007150268334067256|1.0
0.006844671759604711|1.0
0.006810724467603247|1.0
0.006540256539625235|1.0
0.006509110126925079|1.0
0.006509110126925079|1.0
0.006509110126925079|1.0
0.006509110126925079|1.0
0.006050258295411982|1.0
0.005600980957230783|1.0
0.005324089849109929|1.0
0.004922535136937581|1.0
0.0047895234697708814|1.0
0.0047895234697708814|1.0
0.0047895234697708814|1.0
0.0047895234697708814|1.0
0.005074181890681326|1.0
0.005374327259945008|1.0
0.005498575169779448|1.0
0.00565263673324267|1.0
0.0057308667124914585|1.0
0.0057308667124914585|1.0
0.0057308667124914585|1.0
0.0057308667124914585|1.0
0.005757940806964598|1.0
0.0057099831160120065|1.0
0.0062028307444792164|1.0
0.006647435848668482|1.0
0.0066003002127082355|1.0
0.006689510568343433|1.0
0.006700705959446673|1.0
0.006653799652709519|1.0
0.0064658997704547146|1.0
0.006465617402370234|1.0
0.00646921245777557|1.0
0.006474318830344686|1.0
0.006773492781906449|1.0
0.006939329428555626|1.0
0.006618851797722538|1.0
0.005943940299215934|1.0
0.005930842633092545|1.0
0.00607764321322606|1.0
0.006108998211732828|1.0
