PredictedProbability|PredictedLabel
0.00627824300114822|1.0
0.005848482461336417|1.0
0.005776730381810678|1.0
0.005374729610574247|1.0
0.005633908280075084|1.0
0.005490841665814114|1.0
0.005698203266645479|1.0
0.005760743532006323|1.0
0.006150269677258327|1.0
0.0062442559143094665|1.0
0.006279050023877753|1.0
0.006172226487149814|1.0
0.006092407918098209|1.0
0.006446120325563319|1.0
0.0063769566598582805|1.0
0.006297939095412916|1.0
0.0063950533567891776|1.0
0.006053768381311704|1.0
0.00565786720662672|1.0
0.005559736474424085|1.0
0.005546527794686989|1.0
0.005851062105437737|1.0
0.005589674502117949|1.0
0.005653734606218244|1.0
0.006102098220748781|1.0
0.0063042692684956575|1.0
0.006269155311728477|1.0
0.0062833149722278225|1.0
0.006678850206284023|1.0
0.006692988306065068|1.0
0.006713948863593394|1.0
0.006571156795068376|1.0
0.006501485235999842|1.0
0.006701617429864174|1.0
0.006670171755180731|1.0
0.006103850678900481|1.0
0.0059195329341396544|1.0
0.006047824253593263|1.0
0.005838011091162783|1.0
0.0066236826961862455|1.0
