PredictedProbability|PredictedLabel
0.0043254841493374895|1.0
0.004568637723160261|1.0
0.004936855095876138|1.0
0.0042431534123602566|1.0
0.004099890802101455|1.0
0.004045504369334389|1.0
0.0029749685151598117|1.0
0.002846235113182428|1.0
0.0030517855431944534|1.0
0.003495575817715721|1.0
0.003249362461897641|1.0
0.0034878937922394136|1.0
0.0043658721702788|1.0
0.004063219164900217|1.0
0.003798026199528606|1.0
0.003772508980513462|1.0
0.0037703210877893484|1.0
0.0035773373529073243|1.0
0.0037984633910429846|1.0
0.003618683980746084|1.0
0.0033615700146637493|1.0
0.002821593479110633|1.0
0.0028322666979689235|1.0
