PredictedProbability|PredictedLabel
0.003667218957708806|1.0
0.0028677987981777313|1.0
0.003178899446846534|1.0
0.003339844869476137|1.0
0.003584444236485215|1.0
0.002450264677470267|1.0
0.0024930873906054154|1.0
0.003062009111923355|1.0
0.0037331583059545463|1.0
0.00441209176040292|1.0
0.004299036748426363|1.0
0.004384426428667281|1.0
0.004550088649023013|1.0
0.004706050049962955|1.0
0.004214262031501401|1.0
0.004746892882790056|1.0
0.008856601291030424|1.0
0.008051479904304371|1.0
0.005311858693199005|1.0
0.0039752014906767105|1.0
0.004052350060586236|1.0
0.004128873519750897|1.0
0.0041085399697144455|1.0
0.004102698376861486|1.0
0.004096941860541695|1.0
0.004396111418464073|1.0
0.00461552705986823|1.0
0.004625724245866654|1.0
0.004343600174600397|1.0
0.004525948355323244|1.0
0.004384307003694237|1.0
0.004359485848177314|1.0
0.004299465347236943|1.0
0.004370088605824215|1.0
0.00449951545051693|1.0
0.004551610568254577|1.0
0.0044946555076228484|1.0
0.0038782173125362783|1.0
0.0038523986619917847|1.0
0.0035496398941001193|1.0
0.0033340918566466303|1.0
0.002834234544439183|1.0
0.00273115836818787|1.0
0.0028498433345972925|1.0
0.003040406548568641|1.0
0.0032059677877149533|1.0
0.00341722367578119|1.0
0.0037619081677805646|1.0
0.0037721012896637443|1.0
0.00396941443549397|1.0
0.003635166284273465|1.0
0.003565479834050702|1.0
0.003433591593678719|1.0
