PredictedProbability|PredictedLabel
0.005835362157707268|1.0
0.005559582229187125|1.0
0.004740088338525722|1.0
0.005066238089541885|1.0
0.0044763099979729095|1.0
0.0038861762420662424|1.0
0.0030666052329638024|1.0
0.003133158188948893|1.0
0.0033214519735899318|1.0
0.003118166339511598|1.0
0.0031662212634590695|1.0
0.003393010342784942|1.0
0.005911188565551929|1.0
0.005879778369479944|1.0
0.005713277078781108|1.0
0.005119561401266636|1.0
0.004888873181515031|1.0
0.005305276594577816|1.0
0.0055052853686131395|1.0
0.006097730185350321|1.0
0.0064823591349413585|1.0
0.0067475377475496616|1.0
0.008358322886246284|1.0
0.0037609029572817664|1.0
0.003556022028832005|1.0
0.003787627958741512|1.0
0.004136263131003665|1.0
0.003676995318162609|1.0
0.0038324955742683646|1.0
0.0074727977127281115|1.0
0.007895482737010767|1.0
0.006815343409363394|1.0
0.0068223440679312285|1.0
0.006736780820417421|1.0
0.006392982402187267|1.0
0.005614895121528672|1.0
0.005332905093270924|1.0
0.005352180502550005|1.0
0.005902409781965674|1.0
0.0055758222960964315|1.0
0.005157949377807556|1.0
0.005425123827902993|1.0
0.005104920074458082|1.0
0.005303126112022102|1.0
0.004976045173663012|1.0
0.004895089726797134|1.0
0.00501977009827319|1.0
0.004708978447792157|1.0
0.004809599093754369|1.0
0.00487783225793789|1.0
0.004583198855011678|1.0
0.004962743018911255|1.0
0.004150253265607946|1.0
0.004316484341966116|1.0
0.004810110176631509|1.0
0.004968483914175382|1.0
0.0046268895416360645|1.0
0.005209741628443578|1.0
0.005796738548184295|1.0
0.006108276690203503|1.0
