PredictedProbability|PredictedLabel
0.010607397577169723|1.0
0.01113346923507579|1.0
0.012644711897435209|1.0
0.00982405553268411|1.0
0.009399828906601813|1.0
0.009098827354772871|1.0
0.008568529514487765|1.0
0.008854652817105572|1.0
0.00995887142162748|1.0
0.00995887142162748|1.0
0.009854788555314308|1.0
0.009325098587402308|1.0
0.00848025278705088|1.0
0.008879397608186047|1.0
0.008147532902681276|1.0
0.008228976409935172|1.0
0.009463565134776104|1.0
0.011137005315931179|1.0
0.014138678815299868|1.0
0.012471746491478275|1.0
0.011711084530368053|1.0
0.010172801956956122|1.0
0.009668974189439903|1.0
0.009403857294098565|1.0
0.009336570982522652|1.0
0.009761316140464858|1.0
0.009898464096223778|1.0
0.009838872732989138|1.0
0.009714622408439658|1.0
0.009581720958645271|1.0
0.009192487826273394|1.0
0.009072460213728284|1.0
0.008985758911714348|1.0
0.007864141526230904|1.0
0.009052620641354658|1.0
0.009290985969722809|1.0
0.009287824887032285|1.0
0.00960851293628714|1.0
0.009210889799705288|1.0
