PredictedProbability|PredictedLabel
0.006632868035212228|1.0
0.007483484435708712|1.0
0.008746733170023727|1.0
0.007917201076917992|1.0
0.005685124363870709|1.0
0.003702525543498384|1.0
0.002783804364358122|1.0
0.002797300043050958|1.0
0.002787214091608239|1.0
0.0030731723162340688|1.0
0.0033725723000544196|1.0
0.0035645284510033366|1.0
0.004024212749454947|1.0
0.0034708055340356664|1.0
0.0041082453181332445|1.0
0.005065182155590927|1.0
0.007656583070250725|1.0
0.007676623524981331|1.0
0.0072406236799405594|1.0
0.009296989871346013|1.0
0.007810595983872049|1.0
0.007257102742809613|1.0
0.006792300324679563|1.0
0.0058543889940158335|1.0
0.0064761658331532026|1.0
