PredictedProbability|PredictedLabel
0.009216097190918026|1.0
0.009546377843355913|1.0
0.009949033069964804|1.0
0.011735978065135731|1.0
0.012243432509949102|1.0
0.010178130355404488|1.0
0.01015050825270629|1.0
0.0094672977286322|1.0
0.008370186892184635|1.0
0.009903261919306199|1.0
0.010535909828081317|1.0
0.010457867298424304|1.0
0.012002040023779333|1.0
0.0118258222634461|1.0
0.010820781166839393|1.0
0.010820781166839393|1.0
0.010625191387472817|1.0
0.00981581137819652|1.0
0.010456198562217805|1.0
0.009152872053212241|1.0
0.006947104153016121|1.0
0.006083419818152244|1.0
0.00780010074657177|1.0
0.0063771308098705265|1.0
0.007170348189787125|1.0
0.007303639948385011|1.0
0.006210357129201865|1.0
0.005163102042645339|1.0
0.003997103235579251|1.0
0.005020891388525138|1.0
0.006294875213680084|1.0
0.007236362903908398|1.0
0.007153728483814764|1.0
0.006872004674001655|1.0
0.007616026433496787|1.0
0.006682439948856545|1.0
0.007888940912823729|1.0
0.008533947926998365|1.0
0.009269857810847005|1.0
0.010326386372470195|1.0
0.009862069012519004|1.0
0.00999445373278062|1.0
0.01256244349763114|1.0
0.012010551085320188|1.0
0.01072916443557303|1.0
0.008847721572434583|1.0
0.0070935432908830615|1.0
