PredictedProbability|PredictedLabel
0.004633629912709731|1.0
0.004837308762412168|1.0
0.005069565360404969|1.0
0.00552445284978574|1.0
0.008872674197485948|1.0
0.008792674355993192|1.0
0.007076471087491464|1.0
0.006759562729199558|1.0
0.006736697731501625|1.0
0.006097906242349205|1.0
0.0049309413499625705|1.0
0.0042519197970945|1.0
0.0047722415783604194|1.0
0.0037281543817932906|1.0
0.0037690790013805574|1.0
0.003421356591087179|1.0
0.0037877206076709154|1.0
0.004007663313346243|1.0
0.00493855088070832|1.0
0.003543651635918294|1.0
0.0036009938946280034|1.0
0.003476721681722232|1.0
0.0035189894890225956|1.0
0.003639378705968464|1.0
0.003664667296768962|1.0
0.002897753858160663|1.0
0.004234234291480197|1.0
0.003242628905037291|1.0
0.0033931571359007385|1.0
0.003262259941396538|1.0
0.0032694223644392385|1.0
0.003295465734895321|1.0
0.003267799164240948|1.0
0.003344093944822463|1.0
0.003672626201345651|1.0
0.003615598804366186|1.0
0.0038243202561063583|1.0
0.0034389501868109873|1.0
0.0033014534847511405|1.0
0.003208907424617524|1.0
0.0028068611870831098|1.0
0.0033022890147269817|1.0
0.003426136074008118|1.0
0.003256701493685401|1.0
