PredictedProbability|PredictedLabel
0.0058504602370972785|1.0
0.005548990188896191|1.0
0.005519353847796582|1.0
0.00546482992308102|1.0
0.0053133286785563005|1.0
0.0052940023665106|1.0
0.00552161622920516|1.0
0.005325950657197519|1.0
0.005159925599082885|1.0
0.005326754867903391|1.0
0.0053334672766624115|1.0
0.005233048523950362|1.0
0.005466372799979934|1.0
0.005671540051249266|1.0
0.005795753500673647|1.0
0.0061538631833620225|1.0
0.006063699870396112|1.0
0.005866193907778552|1.0
0.005905650706598252|1.0
0.0061017217885256|1.0
0.005757950043860464|1.0
0.006058338882412155|1.0
0.006332373582948971|1.0
0.0062970568080026905|1.0
0.006281298696129941|1.0
0.006124819641361104|1.0
0.0058832352016825245|1.0
0.005421831694808738|1.0
0.005649479314359875|1.0
0.005615011122227886|1.0
0.005671191959626766|1.0
0.0061731142775610075|1.0
0.0061223474221439676|1.0
0.0062236131714601284|1.0
0.0058439821939904905|1.0
0.006084570460457688|1.0
0.006094757966227755|1.0
0.0062141543156146554|1.0
0.006087142960251123|1.0
0.006229433819820725|1.0
0.005882358107680686|1.0
0.005601202639168633|1.0
0.005380473186855334|1.0
0.005432267372888076|1.0
0.005550173537591951|1.0
0.00559405759457435|1.0
0.005710380765588376|1.0
0.0057727301978786885|1.0
0.005630179958305135|1.0
