PredictedProbability|PredictedLabel
0.4170901229998427|0.0
0.38884158273639335|0.0
0.3878152780590283|0.0
0.3957847904581312|0.0
0.4338779243773195|0.0
0.47724751508125474|0.0
0.44338006520116846|0.0
0.328343274011369|0.0
0.3806345757396858|0.0
0.38413853200319287|0.0
0.361972038440925|0.0
0.3527943060366944|0.0
0.47614607852355395|0.0
0.4140246840521269|0.0
0.43700504975799465|0.0
0.4056063108198007|0.0
0.42020449964379325|0.0
0.3969445464593509|0.0
0.4050771716441588|0.0
0.40823648962336023|0.0
0.42514186761695766|0.0
0.43940735395645775|0.0
0.4234668174459304|0.0
0.4211961695626647|0.0
0.4407843357053033|0.0
0.43612923358261746|0.0
0.3532985769865878|0.0
0.37310532061151863|0.0
0.388035078608663|0.0
0.4214364626548147|0.0
0.42788039415791673|0.0
0.3924866848229638|0.0
0.39082907480499485|0.0
0.39013917244560964|0.0
0.3665602656826736|0.0
0.36513321339177673|0.0
0.39594992634911313|0.0
0.3690398347984653|0.0
0.36409784216639596|0.0
