PredictedProbability|PredictedLabel
0.45708827169630634|0.0
0.4018106192057042|0.0
0.3654158380386923|0.0
0.37140690953810246|0.0
0.34484072982324904|0.0
0.33885938827351003|0.0
0.3291040938376526|0.0
0.33362942807010065|0.0
0.32756469658642035|0.0
0.33754023465417116|0.0
0.34758955117469414|0.0
0.34373967482622514|0.0
0.32524681888049384|0.0
0.39286412253471187|0.0
0.3448513032260432|0.0
0.3435200893928341|0.0
0.33073484861561453|0.0
0.31690341956467666|0.0
0.3976193051690076|0.0
0.35045442791813036|0.0
0.44803615214806175|0.0
0.5311935173195347|1.0
0.503726979803939|1.0
0.5193800701717005|1.0
0.5568705847621487|1.0
0.577687016734038|1.0
0.5162297794548557|1.0
0.4959218680491783|0.0
0.43898789742773636|0.0
0.3974804645106672|0.0
0.40495114033719626|0.0
0.4070369462156661|0.0
0.4029833331860005|0.0
0.3855919081433305|0.0
0.38192359503312007|0.0
0.3563900524896605|0.0
0.34540293101269764|0.0
0.3583622031254645|0.0
0.3470121667626576|0.0
0.3322391513603589|0.0
0.3828161874980957|0.0
0.42017868543073755|0.0
0.405037277308729|0.0
0.4243026992593337|0.0
0.3859168970690918|0.0
0.4384315129454596|0.0
0.44623392975126447|0.0
0.46308820618465574|0.0
0.4863117579365985|0.0
0.479168851354169|0.0
0.48287785407640543|0.0
0.4390329653353125|0.0
0.4209942796150986|0.0
0.35123674316912135|0.0
0.3591465925222999|0.0
0.34747509578370683|0.0
0.35803948149269216|0.0
0.4000094849612109|0.0
0.3942871070350302|0.0
0.40421932768810304|0.0
0.4769301216886313|0.0
0.416297172520732|0.0
0.41306621682914935|0.0
0.385233187109302|0.0
0.341556963655957|0.0
0.3592899974611339|0.0
0.37894608718613565|0.0
0.3740753606096249|0.0
0.4725453369110995|0.0
0.513822801116855|1.0
0.49338032907111584|0.0
0.4942393737976008|0.0
0.4906860989916619|0.0
0.4825076334693048|0.0
0.46028993996400636|0.0
0.4270974669096038|0.0
0.40468992557766564|0.0
0.34688838096056673|0.0
0.37080556763339895|0.0
0.4053546787131187|0.0
0.4402029588673486|0.0
0.4848722161603855|0.0
0.5569555171348838|1.0
0.6042972166896503|1.0
0.5689144554024126|1.0
0.5248441188344632|1.0
0.5265393326706|1.0
0.5492660389821526|1.0
0.5082260168869409|1.0
0.4938889865327445|0.0
0.46544671736102416|0.0
0.4325482219325033|0.0
0.4411509582092519|0.0
0.4564716727641254|0.0
0.41496784445210155|0.0
0.4266790182472126|0.0
0.39321130695770407|0.0
0.3756889370441348|0.0
0.3772866960131771|0.0
0.35559361380011406|0.0
0.3657264914205122|0.0
0.33231019141489543|0.0
0.31896907515213807|0.0
0.3444727413555909|0.0
0.2943336529223177|0.0
0.3066152950958411|0.0
0.3630155774105483|0.0
0.4308070712033979|0.0
0.48296482950846875|0.0
0.5028434145549265|1.0
0.5718469494631762|1.0
0.5515016625099171|1.0
0.5266853143556901|1.0
0.5806228192880627|1.0
0.6025364812776363|1.0
0.6185049557658526|1.0
0.6511620228817087|1.0
0.6480184748480937|1.0
0.6045900107219736|1.0
0.5767878942213834|1.0
