PredictedProbability|PredictedLabel
0.4542592946574557|0.0
0.40694736701453166|0.0
0.41191543143706416|0.0
0.4159705951622042|0.0
0.4598560497872528|0.0
0.4863269441176486|0.0
0.5158860679942472|1.0
0.5696410286514672|1.0
0.5609523813963693|1.0
0.5524287738925096|1.0
0.5518981294600547|1.0
0.5515735485124302|1.0
0.5921732238214706|1.0
0.5873660176198447|1.0
0.5710636563560091|1.0
0.549227981375719|1.0
0.5363107221469747|1.0
0.4692844608988312|0.0
0.44589406652707453|0.0
0.4323151461378294|0.0
0.40342375020041304|0.0
0.38681296057451403|0.0
0.3793500198570105|0.0
0.39963351419334997|0.0
0.40171088849796366|0.0
0.411804282031926|0.0
0.4223533807889481|0.0
0.4174271177772718|0.0
0.39488651268328584|0.0
0.38350301149066934|0.0
0.36668131123977665|0.0
0.3617384608543995|0.0
0.33964349288299595|0.0
0.3276044108538816|0.0
0.3225469406370011|0.0
0.32987945416219283|0.0
0.3213899033934977|0.0
0.3671487024784325|0.0
0.35709740063860196|0.0
0.3603323714168565|0.0
0.3655544400705137|0.0
0.3802791727296273|0.0
0.34620471955639365|0.0
0.3319735705730999|0.0
0.3525259758188005|0.0
0.36965335162027635|0.0
0.4041958946487513|0.0
0.4323953405703278|0.0
0.4692065030458879|0.0
0.4893624504818287|0.0
0.5589318250449026|1.0
0.5696878369081319|1.0
0.5611029870433333|1.0
0.5522258607864227|1.0
0.5353861422868152|1.0
0.5413103714491665|1.0
0.5721853217035512|1.0
0.601576666168477|1.0
0.592565320291843|1.0
0.5550693860617263|1.0
0.5551074954335548|1.0
0.5816151535409317|1.0
0.5845993116244549|1.0
0.6123761531801493|1.0
0.5854580931637801|1.0
0.555742293027996|1.0
0.5028786256712924|1.0
0.47232305269413|0.0
0.5241420078098848|1.0
0.553057058030637|1.0
0.512847929667201|1.0
0.492864275886772|0.0
0.5224872650257699|1.0
0.48502344692995897|0.0
0.49059995624233155|0.0
0.47736484731962237|0.0
0.47449738852563006|0.0
0.4587079085036898|0.0
0.4638437419616071|0.0
0.4996175755951979|0.0
0.4776748925154951|0.0
0.5207190183725205|1.0
0.4860420787220556|0.0
0.5355938916247281|1.0
0.5435768400673254|1.0
0.5291390585011404|1.0
