PredictedProbability|PredictedLabel
0.4638689481446718|0.0
0.46579846453316076|0.0
0.4957833260904045|0.0
0.480946986593586|0.0
0.48255761855879126|0.0
0.473718293422641|0.0
0.4375019595268484|0.0
0.4473413972432296|0.0
0.45921901689370526|0.0
0.4301048443018243|0.0
0.42068781207750733|0.0
0.4402419818663234|0.0
0.46569049571889837|0.0
0.47710359280981746|0.0
0.4560545796607133|0.0
0.4699999761618161|0.0
0.46552171338277754|0.0
0.45646348337747805|0.0
0.4817775275931428|0.0
0.4781903110343498|0.0
