PredictedProbability|PredictedLabel
0.4621774667348677|0.0
0.4665481654108225|0.0
0.4339386759621907|0.0
0.4087700908642246|0.0
0.4322382570751606|0.0
0.37892793148979254|0.0
0.34526824030958897|0.0
0.3439742233790638|0.0
0.3625202598523448|0.0
0.3562046607518379|0.0
0.3662251169753724|0.0
0.40450339060175616|0.0
0.42338994616952835|0.0
0.4610133392336245|0.0
0.4700116032002561|0.0
0.4906711081440181|0.0
0.4489167584634846|0.0
0.40452333930181705|0.0
0.4188895504913397|0.0
0.4432204093960178|0.0
0.4423225643851285|0.0
0.47393403951993435|0.0
0.4847861354316616|0.0
0.47644572882679004|0.0
0.4842595290440758|0.0
0.5368759986370872|1.0
0.5251779115061002|1.0
0.5290347294481641|1.0
0.5223946456494832|1.0
0.5523478783926224|1.0
0.5357376582127508|1.0
0.5390098717358933|1.0
