PredictedProbability|PredictedLabel
0.47256874015252975|0.0
0.44978462165498556|0.0
0.47862191352976036|0.0
0.4600390637682829|0.0
0.5153262616937937|1.0
0.5187972470689152|1.0
0.5506520896724383|1.0
0.5581303680552334|1.0
0.5516920767536967|1.0
0.5358555237637628|1.0
0.5331025017494306|1.0
0.5196203472560984|1.0
0.52418907175898|1.0
0.49538136741927397|0.0
0.4465594555064866|0.0
0.45928284197630814|0.0
0.48300445957527804|0.0
0.488114212695695|0.0
0.5266528547838194|1.0
0.49626732391183626|0.0
0.46660091247755675|0.0
0.47251693133291445|0.0
0.45284322632427415|0.0
0.4523781595244654|0.0
0.43410376935045913|0.0
0.4609808201398413|0.0
0.46767741973929144|0.0
0.4575597569952198|0.0
0.4744840798339682|0.0
0.46423392639084543|0.0
0.4845840662102038|0.0
0.48521141682550734|0.0
0.4664453732850547|0.0
0.4598555747569687|0.0
0.4385040960068972|0.0
0.41621285946947695|0.0
0.4461155252980007|0.0
0.43750235923354464|0.0
0.4306334595707445|0.0
0.4324009156516919|0.0
0.4189268183061507|0.0
0.4280928334444541|0.0
0.43367236479867216|0.0
0.43164890642964304|0.0
0.4470595014126426|0.0
0.4338416269749295|0.0
0.425831646158339|0.0
0.40606898145293063|0.0
