PredictedProbability|PredictedLabel
0.4593468899440915|0.0
0.38789203923823506|0.0
0.3536399746871407|0.0
0.35936268759178436|0.0
0.3924299532069019|0.0
0.41677877860366885|0.0
0.4319131274285386|0.0
0.4701620409246415|0.0
0.4622725878085796|0.0
0.4666189496885682|0.0
0.4557332490594108|0.0
0.43332627779407745|0.0
0.4231280621250184|0.0
0.41337617350184863|0.0
0.4068717518559782|0.0
0.4421413914066647|0.0
0.4469792867289566|0.0
0.46485893521166605|0.0
0.4699846179261172|0.0
0.471286932759798|0.0
0.4665681034225836|0.0
0.43795684156988435|0.0
0.44334347484507425|0.0
0.4377449841584625|0.0
0.4454853285792011|0.0
0.44573782999186107|0.0
0.4321853227245203|0.0
0.432758646529757|0.0
0.44870248108184674|0.0
0.45929730704034855|0.0
0.4310670941824805|0.0
0.44670224139307224|0.0
0.4373679296036441|0.0
0.45214063516272074|0.0
0.43813645577884425|0.0
0.46810814414993135|0.0
0.45163203817289643|0.0
