PredictedProbability|PredictedLabel
0.47209958605683466|0.0
0.5300252191909326|1.0
0.5153194601675524|1.0
0.5010601442230953|1.0
0.531434402693461|1.0
0.5210903924228804|1.0
0.4667460881332065|0.0
0.533407626194431|1.0
0.47194585032050157|0.0
0.47257985420256177|0.0
0.48583076606926856|0.0
0.44926904238891147|0.0
0.4565074358137959|0.0
0.47874046411940796|0.0
0.506491030919141|1.0
0.5151982408502718|1.0
0.5099108396998774|1.0
0.517932551311574|1.0
0.47830367564877335|0.0
0.4716173346393796|0.0
0.47435301912967537|0.0
0.45272107986420135|0.0
0.4698383397101786|0.0
0.47235770588200227|0.0
0.4850447361028306|0.0
0.48545587231035836|0.0
0.4944347812609285|0.0
0.4710090883114149|0.0
0.4521106133338563|0.0
0.43987919253773955|0.0
0.4305444108211341|0.0
0.42864753370575503|0.0
0.4545549785816884|0.0
0.40154352036665064|0.0
0.4246084376413591|0.0
0.4141425451003693|0.0
0.4102084051200592|0.0
0.4343149002227183|0.0
0.45131559620687656|0.0
0.4582311752710042|0.0
0.48264271100242595|0.0
