PredictedProbability|PredictedLabel
0.4803862846038208|0.0
0.472526382100117|0.0
0.48907909527456883|0.0
0.4787678433931117|0.0
0.46533105539293834|0.0
0.4810012848656617|0.0
0.4766091825823672|0.0
0.4689057414253731|0.0
0.45153506362371676|0.0
0.44982878566758594|0.0
0.4346176147749276|0.0
0.43197569011219705|0.0
0.3868624531717619|0.0
0.3790499068505792|0.0
0.3684603857680439|0.0
0.34735206119365647|0.0
0.3717989814243971|0.0
0.36363203458992255|0.0
0.39163087989429823|0.0
0.4221501120852312|0.0
0.4407296312633968|0.0
0.47284582194471275|0.0
0.4588914690761131|0.0
0.45154986885998005|0.0
0.47690699893832833|0.0
0.5065123460498281|1.0
0.5027057091659385|1.0
0.49256894235283455|0.0
0.4845021232468311|0.0
0.4900493289874792|0.0
0.45946433981124496|0.0
0.45732732286775873|0.0
0.4529969535032862|0.0
