PredictedProbability|PredictedLabel
0.4962941792118186|0.0
0.48974236767504997|0.0
0.4913374535691078|0.0
0.47070683397320506|0.0
0.47972576408821976|0.0
0.48989490744682423|0.0
0.5139250931114934|1.0
0.5153450963105648|1.0
0.5074798459802843|1.0
0.5149273397406527|1.0
0.5114346707738822|1.0
0.5107993174973797|1.0
0.523948273065851|1.0
0.49556429508968824|0.0
0.5135344304654932|1.0
0.5118559097245043|1.0
0.5087632495776362|1.0
0.5011213574822966|1.0
0.46211529641482857|0.0
0.4519288297817929|0.0
0.4333433575125613|0.0
0.43404700256809353|0.0
0.43901865709082843|0.0
0.4508613953905732|0.0
0.4762585231882068|0.0
0.5098996489279946|1.0
0.5289346383376052|1.0
0.5223934801305641|1.0
0.5334055327735026|1.0
0.5190853222461621|1.0
0.5030221995725914|1.0
0.469966602888944|0.0
0.4764856953881111|0.0
0.49919644065977214|0.0
0.4879181187372153|0.0
0.5108168010375049|1.0
0.5136475675664721|1.0
0.5186322488480646|1.0
0.5372323422395955|1.0
