PredictedProbability|PredictedLabel
0.49011987830737436|0.0
0.507362004827128|1.0
0.4955570897219889|0.0
0.552132093591096|1.0
0.559227475340491|1.0
0.6349173927795149|1.0
0.6420677987125677|1.0
0.5668293051068087|1.0
0.590653185143109|1.0
0.6223760923052283|1.0
0.5795271966049116|1.0
0.6050927666020808|1.0
0.5627284198808499|1.0
0.5525232865541941|1.0
0.5337745473491048|1.0
0.5184367134720894|1.0
0.5055106505585286|1.0
0.4949068039929183|0.0
0.5137965495002067|1.0
0.4982328108315314|0.0
0.4895003857306892|0.0
0.4787758191374599|0.0
0.45578396567110807|0.0
0.47249110221767193|0.0
0.47736418769923744|0.0
0.44957650387485787|0.0
0.4614427587114652|0.0
0.448008832770029|0.0
0.4356759003619626|0.0
0.4205060487128964|0.0
0.42544442971988167|0.0
0.43892113272067623|0.0
0.4441295555269111|0.0
0.4588145021872878|0.0
0.5396400421828903|1.0
0.5546179131341114|1.0
0.5645977682746195|1.0
0.6091287315307871|1.0
0.498827223555219|0.0
0.4569496888868862|0.0
0.4544474667793692|0.0
0.46886662977824267|0.0
0.44105033618777834|0.0
0.43343236570863297|0.0
0.423747676942996|0.0
0.38060109604233233|0.0
0.35695034454685515|0.0
0.3645845463403719|0.0
