PredictedProbability|PredictedLabel
0.5047986333952762|1.0
0.5225212280242689|1.0
0.7158309920831256|1.0
0.6911247543050979|1.0
0.5888400384736027|1.0
0.34207964792521145|0.0
0.6603203630717366|1.0
0.8114623635962221|1.0
0.6026850010922624|1.0
0.530337453743907|1.0
0.5202225559693192|1.0
0.43978537544969865|0.0
0.4620681411855111|0.0
0.47662744308554067|0.0
0.42654575592642596|0.0
0.4624776685412912|0.0
0.4648245036491451|0.0
0.4989214831965176|0.0
0.5088722688288744|1.0
0.43279626763169476|0.0
0.4333018237491167|0.0
0.45287113257286843|0.0
0.775864504279523|1.0
0.752078301374572|1.0
0.7358242312554675|1.0
0.6844582299432662|1.0
0.58838205943031|1.0
0.42341485451924465|0.0
0.4432254451596813|0.0
0.45469298821353554|0.0
0.492983243635286|0.0
0.504355148657598|1.0
0.44781936770382647|0.0
0.449947675538116|0.0
0.5136799001876416|1.0
0.4983705878603179|0.0
0.4572584150072133|0.0
0.49790662640497424|0.0
0.4621125545296646|0.0
0.47006927257875214|0.0
0.4202217029917668|0.0
0.7122600405490632|1.0
