PredictedProbability|PredictedLabel
0.48308443313676935|0.0
0.486966209187984|0.0
0.4754943439409878|0.0
0.5332551871312443|1.0
0.5616486028523588|1.0
0.5471124475809367|1.0
0.5467531766252903|1.0
0.500585620064393|1.0
0.4973214210301047|0.0
0.5163715831039812|1.0
0.5223272028193723|1.0
0.5297791762842624|1.0
0.49077062771512175|0.0
0.487394001818916|0.0
0.48916823797755116|0.0
0.48823560083540285|0.0
0.48913272773662686|0.0
0.5003711523246506|1.0
0.5116796549648498|1.0
0.5308315003641417|1.0
0.5318027900352843|1.0
0.5034250722713989|1.0
0.49117721799717806|0.0
0.46334401332819874|0.0
0.4770153021513615|0.0
