PredictedProbability|PredictedLabel
0.6277032745419481|1.0
0.5140313893722365|1.0
0.49882250116315635|0.0
0.550079390087229|1.0
0.48969743260404414|0.0
0.5833564710216995|1.0
0.6173386261441268|1.0
0.7464907003653911|1.0
0.9025889399536664|1.0
0.8696186429383199|1.0
0.792163774207919|1.0
0.6103004655083876|1.0
0.39660973342085865|0.0
0.4799658109442526|0.0
0.6170386669579699|1.0
0.6737370031919011|1.0
0.5443459773960919|1.0
0.5029596328761234|1.0
0.5110800671489545|1.0
0.5802810279844128|1.0
0.651053686305733|1.0
0.590213467506289|1.0
