PredictedProbability|PredictedLabel
0.4692760884331967|0.0
0.4962465299339627|0.0
0.5071517779014917|1.0
0.5305304706074974|1.0
0.5442864995636132|1.0
0.5153251617195935|1.0
0.504315244409493|1.0
0.5202445098389854|1.0
0.5263926266300746|1.0
0.5249608614989174|1.0
0.5142021195891842|1.0
0.4813772584776054|0.0
0.48152390019238256|0.0
0.36358435462900646|0.0
0.3950028777177504|0.0
0.4144112220460714|0.0
0.3988359651440528|0.0
0.40893089289487394|0.0
0.5236847424125584|1.0
0.5449383456367924|1.0
0.539283992737852|1.0
0.5489749974339495|1.0
0.5412260397244827|1.0
0.5345457353762688|1.0
0.5252538445054803|1.0
0.5163850643817832|1.0
0.5059616504511599|1.0
0.4918744296851767|0.0
0.4762223496755087|0.0
0.5062021731648535|1.0
0.5236251153094031|1.0
0.5161785374961521|1.0
0.506036632944124|1.0
0.5024657152793505|1.0
0.49158552202568834|0.0
0.5127723522942129|1.0
0.5022366396397959|1.0
0.4439343098751116|0.0
0.45179914044739033|0.0
0.4482137322848392|0.0
0.4475157191791804|0.0
0.4498025791780212|0.0
0.5121040475386683|1.0
0.5219076338884646|1.0
0.5327836577924817|1.0
0.5562592671673819|1.0
0.4975064864499367|0.0
0.5254340959888438|1.0
0.5161630812264043|1.0
