PredictedProbability|PredictedLabel
0.4441356740352721|0.0
0.43389927151545943|0.0
0.46859758087223174|0.0
0.44694650919647705|0.0
0.4938339123191877|0.0
0.4889802661405528|0.0
0.4944390258915669|0.0
0.4474542396528205|0.0
0.4406960375564952|0.0
0.41094522432332975|0.0
0.43020209326442543|0.0
0.42759060065739973|0.0
0.4302056469146139|0.0
0.4325143170755556|0.0
0.41863600444834326|0.0
0.43792485406107207|0.0
0.4426190757752504|0.0
0.3790988554957621|0.0
0.38940283035095813|0.0
0.38836414765703825|0.0
0.39244707422287495|0.0
0.41676739932475476|0.0
0.4511777548111956|0.0
0.42439845785315494|0.0
0.44621626553841176|0.0
0.42840450677408737|0.0
0.442812060484753|0.0
0.41825445853193044|0.0
