PredictedProbability|PredictedLabel
0.4074215456748978|0.0
0.4051670703409429|0.0
0.3069705872272944|0.0
0.4174913448733345|0.0
0.38674258466027417|0.0
0.5009719656498064|1.0
0.45348410043893306|0.0
0.3941349043011464|0.0
0.4040858769413066|0.0
0.4008701436733543|0.0
0.3969940205316134|0.0
0.40433178436915135|0.0
0.39115092026671366|0.0
0.38814771936083825|0.0
0.41598513271839427|0.0
0.36868351508262304|0.0
0.35464692261544345|0.0
0.3626755964226915|0.0
0.3705464264178394|0.0
0.3587493302173777|0.0
