PredictedProbability|PredictedLabel
0.341087238492795|0.0
0.326694965209931|0.0
0.29123693372395504|0.0
0.26319532750932695|0.0
0.26319532750932695|0.0
0.26319532750932695|0.0
0.26319532750932695|0.0
0.29123693372395504|0.0
0.29123693372395504|0.0
0.27861540339942487|0.0
0.27861540339942487|0.0
0.29123693372395504|0.0
0.29123693372395504|0.0
0.27861540339942487|0.0
0.27861540339942487|0.0
0.27861540339942487|0.0
0.27861540339942487|0.0
0.29123693372395504|0.0
0.29123693372395504|0.0
0.27861540339942487|0.0
0.27861540339942487|0.0
0.29123693372395504|0.0
0.34064953743205495|0.0
0.3215990365460711|0.0
0.3747428943148242|0.0
0.3747428943148242|0.0
0.3747428943148242|0.0
0.3747428943148242|0.0
0.3747428943148242|0.0
0.3747428943148242|0.0
0.3747428943148242|0.0
0.3747428943148242|0.0
0.3747428943148242|0.0
0.3747428943148242|0.0
0.3747428943148242|0.0
0.3747428943148242|0.0
0.3747428943148242|0.0
0.31468761870078577|0.0
0.31468761870078577|0.0
0.3747428943148242|0.0
