PredictedProbability|PredictedLabel
0.3208545495965519|0.0
0.3208545495965519|0.0
0.41046372849619156|0.0
0.4108756870403685|0.0
0.4466184595857617|0.0
0.46844766724642417|0.0
0.3959958552977211|0.0
0.3959958552977211|0.0
0.3759859460957924|0.0
0.3759859460957924|0.0
0.3664085746624556|0.0
0.3959958552977211|0.0
0.32850109560866547|0.0
0.2654114025854892|0.0
0.2654114025854892|0.0
0.2654114025854892|0.0
0.2949986832207546|0.0
0.2949986832207546|0.0
0.2949986832207546|0.0
0.2949986832207546|0.0
0.2949986832207546|0.0
0.2949986832207546|0.0
0.2949986832207546|0.0
0.2949986832207546|0.0
0.2949986832207546|0.0
0.32850109560866547|0.0
0.32850109560866547|0.0
0.32850109560866547|0.0
