PredictedProbability|PredictedLabel
0.5339012066725805|1.0
0.5142064915610735|1.0
0.6023155934577615|1.0
0.6023155934577615|1.0
0.6023155934577615|1.0
0.6023155934577615|1.0
0.6633492554755243|1.0
0.6615790036651275|1.0
0.6154696925896652|1.0
0.6227149801263482|1.0
0.6370618465600228|1.0
0.4312616762104873|0.0
0.4023334065895841|0.0
0.39870411735900885|0.0
0.39870411735900885|0.0
0.39870411735900885|0.0
0.39870411735900885|0.0
0.4334503704612702|0.0
0.39870411735900885|0.0
0.39870411735900885|0.0
0.46771662092874705|0.0
0.46771662092874705|0.0
0.5956498087830816|1.0
0.615342206075756|1.0
0.5948771746096528|1.0
0.5288377707466437|1.0
0.5766716281619845|1.0
0.506877393492388|1.0
0.5508826518811119|1.0
0.4420258710806869|0.0
0.49661252142189927|0.0
0.49661252142189927|0.0
0.5154760787641346|1.0
0.5154760787641346|1.0
0.5041223224522406|1.0
0.4120348691821043|0.0
0.4120348691821043|0.0
