PredictedProbability|PredictedLabel
0.34344157673202613|0.0
0.37148318294665433|0.0
0.3205602905476595|0.0
0.3205602905476595|0.0
0.3205602905476595|0.0
0.3454031985928053|0.0
0.3454031985928053|0.0
0.3454031985928053|0.0
0.3454031985928053|0.0
0.40969639604271607|0.0
0.36747027574163704|0.0
0.41516745532675203|0.0
0.41516745532675203|0.0
0.41516745532675203|0.0
0.41516745532675203|0.0
0.424692263740452|0.0
0.41516745532675203|0.0
0.45771627697691847|0.0
0.41516745532675203|0.0
0.41516745532675203|0.0
0.41516745532675203|0.0
0.45771627697691847|0.0
0.453732471930169|0.0
0.424692263740452|0.0
