PredictedProbability|PredictedLabel
0.38780617293471326|0.0
0.38648616448289075|0.0
0.43753612221086613|0.0
0.41028654279219057|0.0
0.41028654279219057|0.0
0.41028654279219057|0.0
0.32681414169696094|0.0
0.32681414169696094|0.0
0.32681414169696094|0.0
0.32681414169696094|0.0
0.32681414169696094|0.0
0.32681414169696094|0.0
0.32681414169696094|0.0
0.32681414169696094|0.0
0.32681414169696094|0.0
0.3015986728291948|0.0
0.3015986728291948|0.0
0.3015986728291948|0.0
0.3926599091906786|0.0
0.4476753384375436|0.0
0.44356099117113806|0.0
0.44356099117113806|0.0
0.44356099117113806|0.0
0.44356099117113806|0.0
0.44356099117113806|0.0
0.44356099117113806|0.0
0.44356099117113806|0.0
0.44356099117113806|0.0
0.44356099117113806|0.0
0.44356099117113806|0.0
0.44356099117113806|0.0
0.35249975480965434|0.0
0.2974843255627893|0.0
0.2974843255627893|0.0
0.2974843255627893|0.0
0.2974843255627893|0.0
0.2974843255627893|0.0
0.32269979443055546|0.0
0.4038338269766921|0.0
0.4038338269766921|0.0
0.47199235415886714|0.0
0.4038338269766921|0.0
0.28814757139463|0.0
0.2974843255627893|0.0
0.2974843255627893|0.0
0.2974843255627893|0.0
0.32269979443055546|0.0
0.3541495958153297|0.0
0.3541495958153297|0.0
0.3541495958153297|0.0
0.3541495958153297|0.0
0.3289341269475635|0.0
0.3289341269475635|0.0
0.3289341269475635|0.0
0.3289341269475635|0.0
0.3193418752009171|0.0
0.3193418752009171|0.0
0.2965149684437784|0.0
0.2965149684437784|0.0
0.2965149684437784|0.0
0.2965149684437784|0.0
0.2965149684437784|0.0
0.2965149684437784|0.0
0.3092316500494992|0.0
0.3253352966922378|0.0
0.2965149684437784|0.0
0.2965149684437784|0.0
0.2965149684437784|0.0
0.2965149684437784|0.0
0.2965149684437784|0.0
0.26306417096815193|0.0
0.2965149684437784|0.0
0.26306417096815193|0.0
0.26306417096815193|0.0
0.3253352966922378|0.0
0.27578085257387275|0.0
0.3400838562478831|0.0
0.2965149684437784|0.0
0.2965149684437784|0.0
0.26306417096815193|0.0
0.26306417096815193|0.0
0.26306417096815193|0.0
0.3253352966922378|0.0
0.3253352966922378|0.0
0.26306417096815193|0.0
0.26306417096815193|0.0
0.26306417096815193|0.0
0.26306417096815193|0.0
0.26306417096815193|0.0
