PredictedProbability|PredictedLabel
0.24852248999828846|0.0
0.38157483102937106|0.0
0.2351981790979251|0.0
0.28221425533685857|0.0
0.22532971718821765|0.0
0.24853831787888442|0.0
0.24853831787888442|0.0
0.22532971718821765|0.0
0.22532971718821765|0.0
0.22532971718821765|0.0
0.22532971718821765|0.0
0.22532971718821765|0.0
0.2399884187711153|0.0
0.2399884187711153|0.0
0.2399884187711153|0.0
0.2399884187711153|0.0
0.2399884187711153|0.0
0.2528509806583591|0.0
0.2399884187711153|0.0
0.2399884187711153|0.0
0.2399884187711153|0.0
0.2399884187711153|0.0
0.2399884187711153|0.0
0.2399884187711153|0.0
0.2399884187711153|0.0
0.2399884187711153|0.0
0.2399884187711153|0.0
0.2399884187711153|0.0
0.2399884187711153|0.0
0.2399884187711153|0.0
0.2399884187711153|0.0
0.2399884187711153|0.0
0.2399884187711153|0.0
0.2399884187711153|0.0
0.2399884187711153|0.0
0.2399884187711153|0.0
0.2399884187711153|0.0
0.2399884187711153|0.0
0.2399884187711153|0.0
0.2399884187711153|0.0
