PredictedProbability|PredictedLabel
0.4181628672725677|0.0
0.365906605715989|0.0
0.31276258041625926|0.0
0.305394686337483|0.0
0.5135287042260045|1.0
0.5870359372594942|1.0
0.6816616331820918|1.0
0.6944475090300977|1.0
0.6944475090300977|1.0
0.6944475090300977|1.0
0.6872896962800346|1.0
0.6872896962800346|1.0
0.6872896962800346|1.0
0.6872896962800346|1.0
0.6745038204320288|1.0
0.6872896962800346|1.0
0.6872896962800346|1.0
0.6872896962800346|1.0
0.6872896962800346|1.0
0.6872896962800346|1.0
0.6872896962800346|1.0
0.6872896962800346|1.0
0.6872896962800346|1.0
0.6745038204320288|1.0
0.6745038204320288|1.0
0.6872896962800346|1.0
0.6872896962800346|1.0
0.6872896962800346|1.0
0.6872896962800346|1.0
0.6872896962800346|1.0
0.6872896962800346|1.0
0.7075084074196036|1.0
0.7312143409481939|1.0
0.758509321818791|1.0
0.758509321818791|1.0
0.7457234459707852|1.0
0.7457234459707852|1.0
0.7457234459707852|1.0
0.7457234459707852|1.0
0.758509321818791|1.0
0.758509321818791|1.0
0.7457234459707852|1.0
0.7457234459707852|1.0
0.7457234459707852|1.0
0.7457234459707852|1.0
0.7457234459707852|1.0
0.7457234459707852|1.0
0.7457234459707852|1.0
0.7457234459707852|1.0
0.758509321818791|1.0
0.758509321818791|1.0
0.758509321818791|1.0
0.758509321818791|1.0
0.758509321818791|1.0
