PredictedProbability|PredictedLabel
0.36829284684418695|0.0
0.27966945309645697|0.0
0.1955317835040822|0.0
0.22633644574080303|0.0
0.4201816326754274|0.0
0.41870358949187425|0.0
0.5375748222411174|1.0
0.6121678224829632|1.0
0.7825149816104753|1.0
0.7825149816104753|1.0
0.8691929798044056|1.0
0.6075439253637818|1.0
0.7206332317068754|1.0
0.5675790421751263|1.0
0.5675790421751263|1.0
0.5675790421751263|1.0
0.5675790421751263|1.0
0.5675790421751263|1.0
0.5675790421751263|1.0
0.5675790421751263|1.0
0.5675790421751263|1.0
