PredictedProbability|PredictedLabel
0.367813967746848|0.0
0.5694874569921443|1.0
0.4786658260405024|0.0
0.608189402816939|1.0
0.608189402816939|1.0
0.608189402816939|1.0
0.608189402816939|1.0
0.6219734484407498|1.0
0.5389508900289859|1.0
0.42148831438154827|0.0
0.38769236688265124|0.0
0.38769236688265124|0.0
0.38769236688265124|0.0
0.38769236688265124|0.0
0.38769236688265124|0.0
0.38769236688265124|0.0
0.38769236688265124|0.0
0.38057314887909616|0.0
0.38769236688265124|0.0
0.38057314887909616|0.0
0.38057314887909616|0.0
0.38769236688265124|0.0
0.38057314887909616|0.0
0.38769236688265124|0.0
0.38769236688265124|0.0
0.38769236688265124|0.0
0.38057314887909616|0.0
0.38769236688265124|0.0
0.38769236688265124|0.0
0.4319072557183391|0.0
0.43646274103386473|0.0
0.4220289918761721|0.0
0.4325140926644009|0.0
0.428151856886443|0.0
0.4325140926644009|0.0
0.4645778135263384|0.0
0.4125041834624722|0.0
0.4125041834624722|0.0
0.4220289918761721|0.0
0.4220289918761721|0.0
