PredictedProbability|PredictedLabel
0.3217351411756465|0.0
0.2948536026507903|0.0
0.29712434065410626|0.0
0.3812259675572231|0.0
0.32799024267374416|0.0
0.29712434065410626|0.0
0.32792900289082716|0.0
0.29712434065410626|0.0
0.32028952046418857|0.0
0.34583924230621743|0.0
0.3491977321326459|0.0
0.3491977321326459|0.0
0.3417855813436377|0.0
0.3015898518027109|0.0
0.27856900973401977|0.0
0.26422007160075023|0.0
0.27856900973401977|0.0
0.27856900973401977|0.0
0.27856900973401977|0.0
0.27856900973401977|0.0
0.27856900973401977|0.0
0.29277380247151047|0.0
0.3430465639577596|0.0
0.3430465639577596|0.0
0.3430465639577596|0.0
0.3198813841476773|0.0
0.3198813841476773|0.0
0.30567659141018655|0.0
0.31951825826045055|0.0
0.2718595540273888|0.0
0.2718595540273888|0.0
0.28620849216065836|0.0
0.3596464334569897|0.0
0.3596464334569897|0.0
0.3430465639577596|0.0
0.3455982636686702|0.0
0.3455982636686702|0.0
