PredictedProbability|PredictedLabel
0.5092411809738994|1.0
0.48759835084997405|0.0
0.48163643087851093|0.0
0.48163643087851093|0.0
0.48163643087851093|0.0
0.48163643087851093|0.0
0.48163643087851093|0.0
0.48163643087851093|0.0
0.48163643087851093|0.0
0.48163643087851093|0.0
0.48163643087851093|0.0
0.37718676014316277|0.0
0.41828318232819595|0.0
0.3473753417279024|0.0
0.3473753417279024|0.0
0.3570420557474649|0.0
0.37141818614946326|0.0
0.3473753417279024|0.0
0.3473753417279024|0.0
0.3473753417279024|0.0
0.3570420557474649|0.0
0.3570420557474649|0.0
0.3473753417279024|0.0
0.3570420557474649|0.0
0.37141818614946326|0.0
0.3473753417279024|0.0
0.3473753417279024|0.0
0.3473753417279024|0.0
0.3473753417279024|0.0
0.3957682975198812|0.0
0.3473753417279024|0.0
0.3669479692714218|0.0
0.3473753417279024|0.0
0.3473753417279024|0.0
0.4539301221272479|0.0
0.39588320230509116|0.0
0.37763650729872067|0.0
0.37763650729872067|0.0
0.37763650729872067|0.0
0.37763650729872067|0.0
0.37763650729872067|0.0
