PredictedProbability|PredictedLabel
0.3697512886869705|0.0
0.4350368696279651|0.0
0.42312077332939324|0.0
0.4760877067654309|0.0
0.47017767660602877|0.0
0.5161842485099332|1.0
0.5161842485099332|1.0
0.5161842485099332|1.0
0.5319603671516641|1.0
0.474514104379595|0.0
0.474514104379595|0.0
0.474514104379595|0.0
0.4361617488724649|0.0
0.36344491585719585|0.0
0.3392950417314235|0.0
0.3392950417314235|0.0
0.3392950417314235|0.0
0.406474132648864|0.0
0.4225582140668269|0.0
0.4225582140668269|0.0
0.4225582140668269|0.0
0.4225582140668269|0.0
0.4225582140668269|0.0
0.4225582140668269|0.0
0.3553791231493864|0.0
