PredictedProbability|PredictedLabel
0.30173522311440787|0.0
0.3523867946065445|0.0
0.26456030930551455|0.0
0.26456030930551455|0.0
0.30321703896097285|0.0
0.30321703896097285|0.0
0.3354880758015176|0.0
0.3354880758015176|0.0
0.30321703896097285|0.0
0.30321703896097285|0.0
0.30321703896097285|0.0
0.30321703896097285|0.0
0.30321703896097285|0.0
0.30321703896097285|0.0
0.30321703896097285|0.0
0.30321703896097285|0.0
0.30321703896097285|0.0
0.30321703896097285|0.0
0.30321703896097285|0.0
0.30321703896097285|0.0
0.30321703896097285|0.0
0.30321703896097285|0.0
0.30321703896097285|0.0
0.30321703896097285|0.0
0.30321703896097285|0.0
0.30321703896097285|0.0
0.30321703896097285|0.0
0.30321703896097285|0.0
0.30321703896097285|0.0
0.30321703896097285|0.0
0.280594837650035|0.0
0.26196688530857604|0.0
0.26196688530857604|0.0
0.26196688530857604|0.0
0.26196688530857604|0.0
0.26196688530857604|0.0
0.26196688530857604|0.0
0.26196688530857604|0.0
0.26196688530857604|0.0
0.26196688530857604|0.0
0.26196688530857604|0.0
0.26196688530857604|0.0
0.26196688530857604|0.0
0.24683518313302993|0.0
0.36320305747771664|0.0
0.37770953589261685|0.0
0.4305196937868473|0.0
0.4305196937868473|0.0
0.4500549352631828|0.0
0.4500549352631828|0.0
