PredictedProbability|PredictedLabel
0.27123423797426105|0.0
0.3037512277609563|0.0
0.3305781401195198|0.0
0.2891030554544177|0.0
0.2545870561571499|0.0
0.2297591533091589|0.0
0.2297591533091589|0.0
0.2297591533091589|0.0
0.2297591533091589|0.0
0.2297591533091589|0.0
0.2297591533091589|0.0
0.2297591533091589|0.0
0.2297591533091589|0.0
0.2297591533091589|0.0
0.2297591533091589|0.0
0.22667670711813365|0.0
0.22667670711813365|0.0
0.22667670711813365|0.0
0.22667670711813365|0.0
0.22667670711813365|0.0
0.22667670711813365|0.0
0.22667670711813365|0.0
0.22667670711813365|0.0
0.22667670711813365|0.0
0.22667670711813365|0.0
0.22667670711813365|0.0
0.22667670711813365|0.0
0.22667670711813365|0.0
0.26012750459376016|0.0
0.26012750459376016|0.0
0.26012750459376016|0.0
0.26012750459376016|0.0
0.22667670711813365|0.0
0.22667670711813365|0.0
0.22667670711813365|0.0
0.22667670711813365|0.0
0.26012750459376016|0.0
0.26012750459376016|0.0
0.22667670711813365|0.0
