PredictedProbability|PredictedLabel
0.4679436348659637|0.0
0.4679436348659637|0.0
0.40860484821584225|0.0
0.3952729877463166|0.0
0.5695173069404247|1.0
0.5895991787700482|1.0
0.6523707502840018|1.0
0.6523707502840018|1.0
0.6055630747895036|1.0
0.6055630747895036|1.0
0.6055630747895036|1.0
0.6799153548423245|1.0
0.49467971174360487|0.0
0.4521667772672234|0.0
0.39983609814697135|0.0
0.42226716079372933|0.0
0.42226716079372933|0.0
0.39983609814697135|0.0
0.42226716079372933|0.0
0.42226716079372933|0.0
0.42226716079372933|0.0
0.39983609814697135|0.0
