PredictedProbability|PredictedLabel
0.4160608349619556|0.0
0.6562679137841613|1.0
0.5811053407449138|1.0
0.5690419826519453|1.0
0.466041521945339|0.0
0.3361378423871391|0.0
0.35709954928501053|0.0
0.3806086630675909|0.0
0.3818795889836998|0.0
0.40095184465646627|0.0
0.40095184465646627|0.0
0.3818795889836998|0.0
0.3818795889836998|0.0
0.3915957586848368|0.0
0.38413855370881245|0.0
0.4058926112175191|0.0
0.4600666677810734|0.0
0.41731633489959|0.0
0.3882495430399999|0.0
0.3882495430399999|0.0
0.3882495430399999|0.0
0.3882495430399999|0.0
0.40905497549799136|0.0
0.40905497549799136|0.0
0.40039381561374315|0.0
0.401664741529852|0.0
0.3882495430399999|0.0
0.4011121049272438|0.0
0.4011121049272438|0.0
0.3882495430399999|0.0
0.4378571884495942|0.0
