PredictedProbability|PredictedLabel
0.2846510787611326|0.0
0.32596152230037057|0.0
0.30816019254371296|0.0
0.30816019254371296|0.0
0.30816019254371296|0.0
0.30816019254371296|0.0
0.3068892666276041|0.0
0.3272324482164794|0.0
0.3068892666276041|0.0
0.3068892666276041|0.0
0.30816019254371296|0.0
0.3068892666276041|0.0
0.30816019254371296|0.0
0.3560527764649388|0.0
0.3314289752171144|0.0
0.3326999011332233|0.0
0.30507774635268775|0.0
0.30507774635268775|0.0
0.30507774635268775|0.0
0.30507774635268775|0.0
0.30507774635268775|0.0
0.2898011300333919|0.0
