PredictedProbability|PredictedLabel
0.5746436831320626|1.0
0.43761561082040845|0.0
0.4869542811650641|0.0
0.3739742669581597|0.0
0.3739742669581597|0.0
0.3739742669581597|0.0
0.3559750338749669|0.0
0.3739742669581597|0.0
0.3739742669581597|0.0
0.3954032951780848|0.0
0.3954032951780848|0.0
0.4482334254407638|0.0
0.45700757816401893|0.0
0.45700757816401893|0.0
0.45700757816401893|0.0
0.45700757816401893|0.0
0.45700757816401893|0.0
0.45700757816401893|0.0
0.45700757816401893|0.0
0.45700757816401893|0.0
0.45700757816401893|0.0
0.45700757816401893|0.0
0.45700757816401893|0.0
0.5305800978728993|1.0
0.5649460773380506|1.0
0.5649460773380506|1.0
0.5649460773380506|1.0
0.5649460773380506|1.0
0.5649460773380506|1.0
0.5649460773380506|1.0
0.5863751055579757|1.0
0.5683758724747828|1.0
0.5863751055579757|1.0
0.5128025858490953|1.0
0.478436606383944|0.0
0.478436606383944|0.0
0.478436606383944|0.0
0.478436606383944|0.0
0.478436606383944|0.0
0.478436606383944|0.0
0.478436606383944|0.0
0.478436606383944|0.0
0.4604373733007511|0.0
0.439008345080826|0.0
0.439008345080826|0.0
0.45700757816401893|0.0
0.45700757816401893|0.0
0.45700757816401893|0.0
0.439008345080826|0.0
0.439008345080826|0.0
0.45700757816401893|0.0
0.439008345080826|0.0
0.439008345080826|0.0
0.439008345080826|0.0
