PredictedProbability|PredictedLabel
0.33584515357341904|0.0
0.33584515357341904|0.0
0.30454020337370236|0.0
0.3648793612876351|0.0
0.3648793612876351|0.0
0.3648793612876351|0.0
0.3648793612876351|0.0
0.3648793612876351|0.0
0.34080914299267223|0.0
0.30454020337370236|0.0
0.3648793612876351|0.0
0.3915360470619541|0.0
0.4499682372047965|0.0
0.49032775942529366|0.0
0.6178486543748846|1.0
0.5288394316916694|1.0
0.5330539300082344|1.0
0.5097395477181249|1.0
0.5097395477181249|1.0
0.5097395477181249|1.0
0.5097395477181249|1.0
0.5097395477181249|1.0
0.5097395477181249|1.0
0.5945342720847753|1.0
0.5097395477181249|1.0
0.5330539300082344|1.0
0.5097395477181249|1.0
0.5945342720847753|1.0
0.6265862181759452|1.0
0.6411902864462556|1.0
0.5563955620796054|1.0
0.6411902864462556|1.0
0.6411902864462556|1.0
0.5330539300082344|1.0
0.5330539300082344|1.0
0.47152876810322264|0.0
0.48465791097909783|0.0
0.44420605541374447|0.0
0.44420605541374447|0.0
0.44420605541374447|0.0
0.44335092920611413|0.0
0.44420605541374447|0.0
0.44420605541374447|0.0
0.44420605541374447|0.0
0.48675487706391085|0.0
0.48675487706391085|0.0
0.45373086382744443|0.0
0.48675487706391085|0.0
0.44420605541374447|0.0
0.44420605541374447|0.0
0.44420605541374447|0.0
0.48675487706391085|0.0
0.48675487706391085|0.0
