PredictedProbability|PredictedLabel
0.5235097622588165|1.0
0.4265664446519935|0.0
0.3973261849604467|0.0
0.3973261849604467|0.0
0.3973261849604467|0.0
0.3973261849604467|0.0
0.3973261849604467|0.0
0.3973261849604467|0.0
0.3973261849604467|0.0
0.48024988773079597|0.0
0.3973261849604467|0.0
0.43045620741410817|0.0
0.4148952703851774|0.0
0.4148952703851774|0.0
0.41911814724505286|0.0
0.458772542181835|0.0
0.3973261849604467|0.0
0.3973261849604467|0.0
0.3973261849604467|0.0
0.3973261849604467|0.0
0.43261302850495637|0.0
0.3973261849604467|0.0
0.3973261849604467|0.0
0.3973261849604467|0.0
0.42900509066633485|0.0
0.3973261849604467|0.0
