PredictedProbability|PredictedLabel
0.4442332706835012|0.0
0.422728265504531|0.0
0.4465851051915489|0.0
0.5320839044844299|1.0
0.4825023793534188|0.0
0.5093631004820207|1.0
0.45088011491856184|0.0
0.47003551444331515|0.0
0.43661619278035413|0.0
0.4913893295264131|0.0
0.4458379290563199|0.0
0.44588030575767706|0.0
0.47750140225059007|0.0
0.46404966973872624|0.0
0.46404966973872624|0.0
0.5327075858106827|1.0
0.5327075858106827|1.0
0.4324285732458132|0.0
0.44588030575767706|0.0
0.44588030575767706|0.0
