PredictedProbability|PredictedLabel
0.4423304610302548|0.0
0.4291367514603472|0.0
0.3970978329296241|0.0
0.40843432948441666|0.0
0.40843432948441666|0.0
0.40843432948441666|0.0
0.42579208835008975|0.0
0.623429145274195|1.0
0.46873562410717706|0.0
0.43976505415513695|0.0
0.46802743024717425|0.0
0.4404732480151399|0.0
0.4291367514603472|0.0
0.438402945967597|0.0
0.46873562410717706|0.0
0.42311548914946673|0.0
0.4144555917952971|0.0
0.40843432948441666|0.0
0.4291367514603472|0.0
0.43409413678900866|0.0
