PredictedProbability|PredictedLabel
0.44482869141409187|0.0
0.422728265504531|0.0
0.4196881139979389|0.0
0.4196881139979389|0.0
0.4196881139979389|0.0
0.4196881139979389|0.0
0.422728265504531|0.0
0.422728265504531|0.0
0.4196881139979389|0.0
0.4196881139979389|0.0
0.422728265504531|0.0
0.4196881139979389|0.0
0.422728265504531|0.0
0.4196881139979389|0.0
0.44482869141409187|0.0
0.4196881139979389|0.0
0.44482869141409187|0.0
0.44482869141409187|0.0
0.44482869141409187|0.0
0.44482869141409187|0.0
0.46404966973872624|0.0
0.44482869141409187|0.0
0.44482869141409187|0.0
