PredictedProbability|PredictedLabel
0.4883587884530349|0.0
0.6457620134834859|1.0
0.5036243617589875|1.0
0.5134827472282091|1.0
0.4374191073254029|0.0
0.44909028159221903|0.0
0.44909028159221903|0.0
0.41911814724505286|0.0
0.5992834109503813|1.0
0.5093707760041841|1.0
0.6121885795533561|1.0
0.5093707760041841|1.0
0.5093707760041841|1.0
0.5647604502262115|1.0
0.5292792425268777|1.0
0.6216836732331642|1.0
0.5093707760041841|1.0
0.40899735922726277|0.0
0.4445747312158022|0.0
0.47125284460213274|0.0
0.44909028159221903|0.0
0.4374191073254029|0.0
0.44909028159221903|0.0
0.5275487875699034|1.0
0.44909028159221903|0.0
0.5465842518001301|1.0
0.5254163240435937|1.0
0.47270595086991263|0.0
0.5168723138575209|1.0
0.5156658409110553|1.0
0.43261302850495637|0.0
0.4552857838952601|0.0
0.4770777461798663|0.0
0.49537870626021635|0.0
0.5079538765686648|1.0
0.4962460679154801|0.0
0.46822030870715725|0.0
0.47270595086991263|0.0
0.47270595086991263|0.0
0.6662749551953708|1.0
0.47270595086991263|0.0
