PredictedProbability|PredictedLabel
0.422728265504531|0.0
0.422728265504531|0.0
0.422728265504531|0.0
0.422728265504531|0.0
0.48135641173984817|0.0
0.422728265504531|0.0
0.422728265504531|0.0
0.422728265504531|0.0
0.44116740209743666|0.0
0.422728265504531|0.0
0.422728265504531|0.0
0.422728265504531|0.0
0.422728265504531|0.0
0.4123346760159885|0.0
0.422728265504531|0.0
0.422728265504531|0.0
0.4123346760159885|0.0
0.422728265504531|0.0
0.422728265504531|0.0
0.422728265504531|0.0
0.4123346760159885|0.0
0.422728265504531|0.0
0.422728265504531|0.0
0.422728265504531|0.0
0.41269426875546433|0.0
0.422728265504531|0.0
0.422728265504531|0.0
0.422728265504531|0.0
0.4123346760159885|0.0
0.422728265504531|0.0
0.422728265504531|0.0
0.422728265504531|0.0
0.41269426875546433|0.0
0.422728265504531|0.0
0.422728265504531|0.0
0.422728265504531|0.0
0.422728265504531|0.0
