PredictedProbability|PredictedLabel
0.708426657271714|1.0
0.4291367514603472|0.0
0.6612450704579409|1.0
0.5715864695115871|1.0
0.5497062651945316|1.0
0.5148399472332185|1.0
0.5287923055808204|1.0
0.5033827587748921|1.0
0.4632536396786673|0.0
0.49204626222009945|0.0
0.6622643448829556|1.0
0.6787729857541268|1.0
0.49833014574441403|0.0
0.458815500281895|0.0
0.458815500281895|0.0
0.6995174073669767|1.0
0.7234757654793547|1.0
0.7359613180702842|1.0
0.7359613180702842|1.0
0.6622643448829556|1.0
0.6787729857541268|1.0
0.7155547539746239|1.0
0.7234757654793547|1.0
0.7359613180702842|1.0
0.7359613180702842|1.0
0.7234757654793547|1.0
0.7882031549947198|1.0
0.7069671246081835|1.0
0.7234757654793547|1.0
0.7069671246081835|1.0
0.7409086678797884|1.0
0.7234757654793547|1.0
0.7069671246081835|1.0
0.7069671246081835|1.0
0.7069671246081835|1.0
0.7359613180702842|1.0
0.7359613180702842|1.0
0.7234757654793547|1.0
0.7234757654793547|1.0
0.7359613180702842|1.0
0.7234757654793547|1.0
0.7234757654793547|1.0
0.7530317840466914|1.0
0.7054939349318085|1.0
0.763906894100626|1.0
0.7234757654793547|1.0
0.7359613180702842|1.0
0.7234757654793547|1.0
0.7234757654793547|1.0
0.7234757654793547|1.0
0.7234757654793547|1.0
0.6615319944567398|1.0
0.7234757654793547|1.0
0.753394220470718|1.0
0.7234757654793547|1.0
0.7011303826269034|1.0
0.7530317840466914|1.0
0.7234757654793547|1.0
0.7234757654793547|1.0
0.6942453776568251|1.0
0.7234757654793547|1.0
0.7234757654793547|1.0
0.7530317840466914|1.0
0.8044515237713348|1.0
0.3970978329296241|0.0
0.40338171645393855|0.0
