PredictedProbability|PredictedLabel
0.4446342175078534|0.0
0.4265664446519935|0.0
0.4000622103381734|0.0
0.41763129576290414|0.0
0.41763129576290414|0.0
0.49048669761986047|0.0
0.4000622103381734|0.0
0.4000622103381734|0.0
0.3973261849604467|0.0
0.4000622103381734|0.0
0.37511721054577324|0.0
0.4000622103381734|0.0
0.4000622103381734|0.0
0.4000622103381734|0.0
0.4464646349597718|0.0
0.3973261849604467|0.0
0.37511721054577324|0.0
0.3973261849604467|0.0
0.4000622103381734|0.0
0.4000622103381734|0.0
0.4000622103381734|0.0
0.6463874289094338|1.0
0.44015513270312967|0.0
0.3973261849604467|0.0
0.4000622103381734|0.0
0.3973261849604467|0.0
0.4000622103381734|0.0
0.3973261849604467|0.0
0.4293024700297202|0.0
0.4000622103381734|0.0
0.4729176121951298|0.0
0.3973261849604467|0.0
0.4265664446519935|0.0
0.4000622103381734|0.0
0.41173338460498954|0.0
0.3973261849604467|0.0
0.4000622103381734|0.0
0.4000622103381734|0.0
0.4000622103381734|0.0
0.4000622103381734|0.0
0.3973261849604467|0.0
