PredictedProbability|PredictedLabel
0.45614758716749204|0.0
0.422728265504531|0.0
0.4843805910305301|0.0
0.44505300499182454|0.0
0.44505300499182454|0.0
0.44482869141409187|0.0
0.44482869141409187|0.0
0.44482869141409187|0.0
0.45614758716749204|0.0
0.4586906910552594|0.0
0.44505300499182454|0.0
0.44505300499182454|0.0
0.45614758716749204|0.0
0.4590157000366445|0.0
0.45614758716749204|0.0
0.4954751732061977|0.0
0.45614758716749204|0.0
0.422728265504531|0.0
0.45650717990696793|0.0
0.43233758517625|0.0
0.422728265504531|0.0
0.422728265504531|0.0
0.422728265504531|0.0
0.422728265504531|0.0
0.43233758517625|0.0
0.422728265504531|0.0
0.45384259035522023|0.0
0.44482869141409187|0.0
0.45614758716749204|0.0
0.44505300499182454|0.0
0.44482869141409187|0.0
