PredictedProbability|PredictedLabel
0.7224343107922303|1.0
0.4265664446519935|0.0
0.3973261849604467|0.0
0.6998539888131874|1.0
0.40899735922726277|0.0
0.4265664446519935|0.0
0.3774758019491976|0.0
0.3973261849604467|0.0
0.4265664446519935|0.0
0.6095455589934026|1.0
0.4265664446519935|0.0
0.4000622103381734|0.0
0.3973261849604467|0.0
0.3973261849604467|0.0
0.41173338460498954|0.0
0.6929033862816277|1.0
0.3973261849604467|0.0
0.42983222322845344|0.0
0.3973261849604467|0.0
0.3973261849604467|0.0
0.3973261849604467|0.0
0.40899735922726277|0.0
0.3973261849604467|0.0
0.3973261849604467|0.0
0.3973261849604467|0.0
0.3973261849604467|0.0
0.3973261849604467|0.0
0.3973261849604467|0.0
0.3973261849604467|0.0
0.3973261849604467|0.0
0.3774758019491976|0.0
0.3973261849604467|0.0
0.3973261849604467|0.0
0.3973261849604467|0.0
0.3973261849604467|0.0
0.3973261849604467|0.0
0.3973261849604467|0.0
0.40899735922726277|0.0
0.40899735922726277|0.0
0.40899735922726277|0.0
0.3973261849604467|0.0
