PredictedProbability|PredictedLabel
0.5619977001751435|1.0
0.422728265504531|0.0
0.540064529463469|1.0
0.43233758517625|0.0
0.422728265504531|0.0
0.43233758517625|0.0
0.663530354289253|1.0
0.422728265504531|0.0
0.422728265504531|0.0
0.422728265504531|0.0
0.422728265504531|0.0
0.6666880780265955|1.0
0.5847701596910052|1.0
0.638826528735584|1.0
0.5488911349744181|1.0
0.5020016560237762|1.0
0.7144504223444335|1.0
0.422728265504531|0.0
0.43661619278035413|0.0
0.422728265504531|0.0
0.43661619278035413|0.0
