PredictedProbability|PredictedLabel
0.43261302850495637|0.0
0.4265664446519935|0.0
0.4045534434976088|0.0
0.46999785080471523|0.0
0.44631491889861297|0.0
0.44631491889861297|0.0
0.4455475533168536|0.0
0.46999785080471523|0.0
0.44631491889861297|0.0
0.44631491889861297|0.0
0.43261302850495637|0.0
0.44631491889861297|0.0
0.44631491889861297|0.0
0.4265664446519935|0.0
0.43261302850495637|0.0
0.46999785080471523|0.0
0.5557603694326649|1.0
0.46042473917977045|0.0
0.44631491889861297|0.0
0.557230768187088|1.0
0.4562959604110587|0.0
0.45189414830426394|0.0
0.4670926246705087|0.0
0.4257990790702341|0.0
0.4265664446519935|0.0
0.4265664446519935|0.0
0.44631491889861297|0.0
0.44631491889861297|0.0
0.4265664446519935|0.0
0.40899735922726277|0.0
0.4265664446519935|0.0
0.4265664446519935|0.0
0.4265664446519935|0.0
0.4265664446519935|0.0
0.4265664446519935|0.0
0.4265664446519935|0.0
0.43261302850495637|0.0
0.4265664446519935|0.0
0.482309066031985|0.0
0.4265664446519935|0.0
0.4265664446519935|0.0
0.4265664446519935|0.0
0.5231763901210338|1.0
0.4265664446519935|0.0
0.4265664446519935|0.0
0.4265664446519935|0.0
