PredictedProbability|PredictedLabel
0.4284285576003444|0.0
0.4291367514603472|0.0
0.43081786391170135|0.0
0.46285678244242445|0.0
0.4454990235767514|0.0
0.4571228130208101|0.0
0.4454990235767514|0.0
0.4454990235767514|0.0
0.4672467935890429|0.0
0.4672467935890429|0.0
0.4736888249252987|0.0
0.4672467935890429|0.0
0.4284285576003444|0.0
0.4672467935890429|0.0
0.41374739793529425|0.0
0.4454990235767514|0.0
0.41374739793529425|0.0
0.4284285576003444|0.0
0.4291367514603472|0.0
0.45017632761263576|0.0
0.4457863164660174|0.0
0.4672467935890429|0.0
0.482631863764054|0.0
0.4284285576003444|0.0
0.43081786391170135|0.0
0.4672467935890429|0.0
0.4454990235767514|0.0
