PredictedProbability|PredictedLabel
0.4144555917952971|0.0
0.4291367514603472|0.0
0.49838908603584287|0.0
0.47061786000857814|0.0
0.4144555917952971|0.0
0.43677073598963156|0.0
0.4780192435905396|0.0
0.4291367514603472|0.0
0.46077909821493657|0.0
0.4291367514603472|0.0
0.46077909821493657|0.0
0.4291367514603472|0.0
0.4291367514603472|0.0
0.42591278025362345|0.0
0.4291367514603472|0.0
0.4430891098079492|0.0
0.45739912755238443|0.0
0.43986513860122534|0.0
0.4144555917952971|0.0
0.47061786000857814|0.0
0.46077909821493657|0.0
0.43986513860122534|0.0
0.43986513860122534|0.0
0.5026336140741428|1.0
0.43986513860122534|0.0
0.4144555917952971|0.0
0.44932190975661024|0.0
0.4144555917952971|0.0
0.5026336140741428|1.0
0.4144555917952971|0.0
0.4284079501428991|0.0
0.4430891098079492|0.0
0.438402945967597|0.0
0.47061786000857814|0.0
0.4404732480151399|0.0
0.4291367514603472|0.0
0.4291367514603472|0.0
0.4291367514603472|0.0
0.47061786000857814|0.0
0.6884983403724402|1.0
0.4780192435905396|0.0
0.4291367514603472|0.0
0.4571052839768283|0.0
0.5026336140741428|1.0
0.4878580053841811|0.0
0.4291367514603472|0.0
0.4495065939056504|0.0
