PredictedProbability|PredictedLabel
0.35482225573428583|0.0
0.4291367514603472|0.0
0.3970978329296241|0.0
0.3970978329296241|0.0
0.3970978329296241|0.0
0.4144555917952971|0.0
0.3970978329296241|0.0
0.3970978329296241|0.0
0.3970978329296241|0.0
0.3970978329296241|0.0
0.3970978329296241|0.0
0.4144555917952971|0.0
0.3970978329296241|0.0
0.3970978329296241|0.0
0.3970978329296241|0.0
0.3970978329296241|0.0
0.3970978329296241|0.0
0.4291367514603472|0.0
0.41177899259467415|0.0
0.41177899259467415|0.0
0.41177899259467415|0.0
0.41177899259467415|0.0
0.41177899259467415|0.0
0.4284285576003444|0.0
0.4284285576003444|0.0
0.4843468200771975|0.0
0.41177899259467415|0.0
0.3970978329296241|0.0
0.3970978329296241|0.0
0.4144555917952971|0.0
0.3970978329296241|0.0
0.40843432948441666|0.0
0.3970978329296241|0.0
0.3970978329296241|0.0
0.3970978329296241|0.0
0.3970978329296241|0.0
0.3970978329296241|0.0
0.4291367514603472|0.0
0.41177899259467415|0.0
0.41177899259467415|0.0
0.41177899259467415|0.0
0.4291367514603472|0.0
0.3970978329296241|0.0
0.3970978329296241|0.0
0.3970978329296241|0.0
0.3970978329296241|0.0
0.3970978329296241|0.0
0.3970978329296241|0.0
