PredictedProbability|PredictedLabel
0.5534120139604436|1.0
0.422728265504531|0.0
0.422728265504531|0.0
0.422728265504531|0.0
0.422728265504531|0.0
0.41269426875546433|0.0
0.5320993035092901|1.0
0.5074253756233931|1.0
0.6307045624506283|1.0
0.422728265504531|0.0
0.422728265504531|0.0
0.422728265504531|0.0
0.4169892784824773|0.0
0.4169892784824773|0.0
0.4505422006847536|0.0
0.5521969926675242|1.0
0.4501577454198372|0.0
0.4362698181440142|0.0
0.4362698181440142|0.0
0.4123346760159885|0.0
0.4362698181440142|0.0
0.4634413874373336|0.0
0.5223060404655252|1.0
0.5074253756233931|1.0
0.5074253756233931|1.0
0.5074253756233931|1.0
0.4634413874373336|0.0
0.5320993035092901|1.0
0.5074253756233931|1.0
0.5320993035092901|1.0
0.5074253756233931|1.0
0.422728265504531|0.0
0.4123346760159885|0.0
0.422728265504531|0.0
0.422728265504531|0.0
0.7538812663996808|1.0
0.422728265504531|0.0
0.4431829706565936|0.0
0.4123346760159885|0.0
0.45470895473691986|0.0
0.44995764676427213|0.0
0.4123346760159885|0.0
0.4123346760159885|0.0
