PredictedProbability|PredictedLabel
0.48593757712749885|0.0
0.4840565918767859|0.0
0.4844492328562888|0.0
0.48745493597524253|0.0
0.4871986332155117|0.0
0.4865522377437808|0.0
0.48767465368970303|0.0
0.4889476277718927|0.0
0.48808542916855674|0.0
0.48808542916855674|0.0
0.4855537184147293|0.0
0.48808542916855674|0.0
0.487039519990761|0.0
0.48729561987185505|0.0
0.48548109638901127|0.0
0.4872816939442309|0.0
0.48767465368970303|0.0
0.48808542916855674|0.0
0.4861393154349653|0.0
0.48808542916855674|0.0
0.4879394826907521|0.0
0.48676971006801734|0.0
0.4865587120293834|0.0
