PredictedProbability|PredictedLabel
0.4852965637185196|0.0
0.48438366214157935|0.0
0.48506140650242546|0.0
0.48585102613469755|0.0
0.4880790302876119|0.0
0.48790625706641655|0.0
0.4871658486736045|0.0
0.4874136708904151|0.0
0.48673274344389855|0.0
0.4857755928350277|0.0
0.4858161690955182|0.0
0.48651375657460855|0.0
0.48725030700684463|0.0
0.4869150434178974|0.0
0.4865077567177093|0.0
0.4880120159511463|0.0
0.486829549793836|0.0
0.4848907025134698|0.0
0.48620399336053594|0.0
0.4855689596912948|0.0
0.4844055380140483|0.0
0.48324111296106487|0.0
0.484960986954786|0.0
0.48566278802972374|0.0
0.48522302670403783|0.0
0.48677270608976003|0.0
0.4895666462742998|0.0
0.4868091502965984|0.0
0.4854741723829747|0.0
0.4852897799271124|0.0
0.4860126611154371|0.0
