PredictedProbability|PredictedLabel
0.48445330161270894|0.0
0.4882561506381092|0.0
0.4877135681995952|0.0
0.48527298593709906|0.0
0.4851537018833548|0.0
0.48484518131010573|0.0
0.4860598182173706|0.0
0.4848973089683736|0.0
0.4849042325007513|0.0
0.48612768626728|0.0
0.48562708123852516|0.0
0.4870245467105628|0.0
0.48517174954748543|0.0
0.48875520708554876|0.0
0.48587097776274585|0.0
0.48788952794170865|0.0
0.4870158420576016|0.0
0.48689031433767577|0.0
0.4862090480092026|0.0
0.4884838578556743|0.0
0.4868530119489756|0.0
0.48889348833188223|0.0
0.48772194457756723|0.0
0.4875643227445074|0.0
0.4868933815894641|0.0
0.4886986383899742|0.0
0.4859254846901561|0.0
0.48773329064875776|0.0
0.48665769088138444|0.0
0.4884838578556743|0.0
0.48773760123435045|0.0
0.48841729238977755|0.0
0.48654224183864264|0.0
0.48785148099721876|0.0
0.48721633601154873|0.0
0.4870616900796618|0.0
0.48677035192744433|0.0
0.4870477644865787|0.0
0.48693200309839413|0.0
0.48785148099721876|0.0
0.48878109734126407|0.0
