PredictedProbability|PredictedLabel
0.4869155433268055|0.0
0.48607339428081836|0.0
0.4857351707074509|0.0
0.4880349292164226|0.0
0.4902494998596914|0.0
0.4884795100703437|0.0
0.4866156898788953|0.0
0.4865111848836|0.0
0.49140969001088486|0.0
0.49140969001088486|0.0
0.4915753768336408|0.0
0.4894159886130285|0.0
0.48711074934927956|0.0
0.4887545150287527|0.0
0.4896466809725007|0.0
0.4888362486382333|0.0
0.48898428432167423|0.0
0.48944221992586995|0.0
0.4889975261033124|0.0
0.4856662351766684|0.0
0.48601330174755736|0.0
0.4871695437669042|0.0
0.48693384837832654|0.0
0.48743629227779356|0.0
0.4874877205327206|0.0
0.48803203571307585|0.0
0.48601330174755736|0.0
0.4868379818918286|0.0
