PredictedProbability|PredictedLabel
0.48731118037112525|0.0
0.48633191677436477|0.0
0.4885245865219954|0.0
0.48864674031858507|0.0
0.4885583263088727|0.0
0.48915011542842746|0.0
0.48928166344000346|0.0
0.487452733695747|0.0
0.4876286953470896|0.0
0.4871986332155117|0.0
0.4879536994011563|0.0
0.48850441935561323|0.0
0.48906355462721657|0.0
0.4872872562292633|0.0
0.48599447079363167|0.0
0.48832553908887966|0.0
0.4871358524950755|0.0
0.4859137637844687|0.0
0.48642869763623425|0.0
0.48810500420705993|0.0
0.4856287914786005|0.0
0.48536514352348226|0.0
0.48681041256543034|0.0
0.48579329867862087|0.0
0.4856614894656784|0.0
0.4849257154642658|0.0
0.4843252572017679|0.0
0.48620399336053594|0.0
0.4851582949075697|0.0
0.48490868717966745|0.0
0.48538277278144704|0.0
0.48675597640081647|0.0
0.48664779853637463|0.0
0.48666319204530084|0.0
0.48625184166388036|0.0
0.4876754639661487|0.0
0.48584955141710867|0.0
0.48496851430738963|0.0
0.48448007112729846|0.0
0.4856655945697556|0.0
0.48497077269545424|0.0
0.4858212313451914|0.0
0.48511979426480845|0.0
0.48626382943228585|0.0
0.48642097483321817|0.0
