PredictedProbability|PredictedLabel
0.4857673684681288|0.0
0.4862365358865799|0.0
0.4875099325456657|0.0
0.48752352270695515|0.0
0.48898410403631726|0.0
0.48898771438809835|0.0
0.48692648177085796|0.0
0.48688124942798716|0.0
0.49072491235262433|0.0
0.4897951947764881|0.0
0.48711603105774004|0.0
0.48755438693061426|0.0
0.48713809958018844|0.0
0.4859528574257582|0.0
0.4858072038108218|0.0
0.4850223320108987|0.0
0.4866366121368101|0.0
0.48683953857834406|0.0
0.48679413167208013|0.0
0.48569946793578456|0.0
0.48594501468799917|0.0
0.4874907951493202|0.0
0.4867227026368641|0.0
0.48637560885224823|0.0
0.4881758213023817|0.0
0.4876370108900496|0.0
