PredictedProbability|PredictedLabel
0.4854331057722711|0.0
0.48534996616180753|0.0
0.4889834841143282|0.0
0.49105199971895613|0.0
0.49074905176267525|0.0
0.4899165262950974|0.0
0.4852449895918935|0.0
0.4867816532278608|0.0
0.48442188359594873|0.0
0.4894136855139271|0.0
0.4854832510637642|0.0
0.48353419313967455|0.0
0.4847665095715569|0.0
0.48483686910987|0.0
0.48779760854583987|0.0
0.48798619122955034|0.0
0.48603984193720745|0.0
0.4835990467559805|0.0
0.4835429966631678|0.0
0.48429177519769245|0.0
0.48417506847727876|0.0
0.4841452966412425|0.0
0.48888584491130976|0.0
0.48656555474507646|0.0
0.4858690180452755|0.0
0.4849049103055964|0.0
0.48597558165256893|0.0
0.4876310129119645|0.0
0.4876987160380671|0.0
0.48903700594318456|0.0
0.49119123950600074|0.0
0.4862336032604837|0.0
0.4854317322386662|0.0
0.4850932073481997|0.0
0.48536453617898245|0.0
0.48500778819719553|0.0
0.4849479607864751|0.0
0.4863638192564878|0.0
0.4850768209628847|0.0
0.4842145082791197|0.0
0.48643550551300263|0.0
0.4910744625050878|0.0
