PredictedProbability|PredictedLabel
0.4865816140083443|0.0
0.48720700351722784|0.0
0.48650897428227063|0.0
0.48880249081113547|0.0
0.4895743690658657|0.0
0.48928726813421586|0.0
0.48656193713779416|0.0
0.489245482682433|0.0
0.48652138924607985|0.0
0.4859976837459538|0.0
0.48690039275464964|0.0
0.48607776423032384|0.0
0.4855124556063523|0.0
0.4860303831015542|0.0
0.48690039275464964|0.0
0.48854318782562195|0.0
0.48601567073113283|0.0
0.48664372622743285|0.0
0.489954027236363|0.0
0.48735242922728295|0.0
0.48690039275464964|0.0
0.4874988449230372|0.0
0.48735242922728295|0.0
0.4874635272464292|0.0
0.48690039275464964|0.0
0.4888287159138651|0.0
0.4862681170779745|0.0
0.4866788332495695|0.0
0.48786615713796605|0.0
0.48825300119538056|0.0
0.4865482877218549|0.0
0.4882821574873392|0.0
0.4861279627582899|0.0
0.48761451549376017|0.0
0.4858646277104884|0.0
0.4871986332155117|0.0
0.4861279627582899|0.0
0.48806321706344796|0.0
0.4885475933986379|0.0
