PredictedProbability|PredictedLabel
0.48479091633383875|0.0
0.4853890905624831|0.0
0.48657263690336716|0.0
0.4880022562941275|0.0
0.4888565035753553|0.0
0.49206006537997615|0.0
0.48877139377521805|0.0
0.4884822521884473|0.0
0.48625956501739215|0.0
0.4857808106188517|0.0
0.48482893002257277|0.0
0.48489568009852313|0.0
0.48545598519440464|0.0
0.48625956501739215|0.0
0.48625956501739215|0.0
0.4854288686469947|0.0
0.48727406391835426|0.0
0.48726112639961316|0.0
0.48644165150639995|0.0
0.48660465830447175|0.0
0.48727406391835426|0.0
0.4868977573640016|0.0
0.4863897048433545|0.0
0.48546451751790903|0.0
0.4873173128527013|0.0
0.48596306647062965|0.0
0.4851874190383265|0.0
0.48555312377035476|0.0
0.48569829269496595|0.0
0.48655492322810473|0.0
0.48626397787262676|0.0
0.4855231202376696|0.0
0.4879518553187621|0.0
0.48596306647062965|0.0
0.4897509372968009|0.0
0.48621482089649043|0.0
0.48978350006062604|0.0
0.4856122899106962|0.0
0.4878490145601412|0.0
0.4855732262624317|0.0
0.4862901320461229|0.0
0.49452459596371356|0.0
0.48801210503287745|0.0
0.4953077711919596|0.0
0.49603024388186157|0.0
0.49290536093899334|0.0
0.4868558540087898|0.0
0.48812911864958664|0.0
0.48714942542886736|0.0
0.48580661503791683|0.0
0.4867944222086305|0.0
0.486165456264609|0.0
0.4879560907404483|0.0
0.48765795633016157|0.0
0.48624732668455245|0.0
0.48509260404120036|0.0
0.4860869091518824|0.0
0.4865095905942639|0.0
