PredictedProbability|PredictedLabel
0.4880794206706969|0.0
0.48779983522049525|0.0
0.487509854669381|0.0
0.4858471249030449|0.0
0.48769119487801377|0.0
0.48757684632614307|0.0
0.4869375106517331|0.0
0.48924234836545144|0.0
0.48849479746566776|0.0
0.48674587272856995|0.0
0.4882489999483213|0.0
0.4882068274014467|0.0
0.48995525851879357|0.0
0.48911134813379675|0.0
0.4884506754563811|0.0
0.4862578220583246|0.0
0.48749081967444957|0.0
0.490425497495291|0.0
0.48683906389370907|0.0
0.4883530797844989|0.0
0.48846080420558197|0.0
0.48653754454977977|0.0
0.48660811303507895|0.0
0.48696351620070893|0.0
0.4854681655458057|0.0
0.48535869245370633|0.0
0.48595297767673307|0.0
0.4877294715768734|0.0
0.4855327674885589|0.0
0.4847360892780361|0.0
