PredictedProbability|PredictedLabel
0.4840194266466454|0.0
0.48900774831071936|0.0
0.4912567215196215|0.0
0.49221940246097456|0.0
0.49020064549131137|0.0
0.49034776501485594|0.0
0.48893502582245246|0.0
0.48623713946761643|0.0
0.48813342058522335|0.0
0.48988204891645176|0.0
0.4875517772148627|0.0
0.4870272225637295|0.0
0.49046057686014705|0.0
0.49019806309441477|0.0
0.489993901137781|0.0
0.4907775319479527|0.0
0.4911716559593245|0.0
0.48807502332333474|0.0
0.4900458460443564|0.0
0.48905557820052986|0.0
0.48449971081218673|0.0
0.4828251243000114|0.0
0.4852536427361324|0.0
0.48510971306239575|0.0
0.4856430228608819|0.0
0.48231583744932244|0.0
0.4849995665131514|0.0
0.48313606957019517|0.0
0.4867356962743247|0.0
0.4855273620536941|0.0
0.48442554246154124|0.0
0.4831409535279071|0.0
0.4849867514697642|0.0
0.4846076525316248|0.0
0.48424752079618155|0.0
0.4875466676382579|0.0
0.4891612084459839|0.0
0.49186480882407885|0.0
0.4921689644277491|0.0
0.4891858430281947|0.0
