PredictedProbability|PredictedLabel
0.4863171152195214|0.0
0.4872297543847847|0.0
0.4900543655490375|0.0
0.49114495480428816|0.0
0.4890050353375426|0.0
0.4896718088693849|0.0
0.4886080863326057|0.0
0.4884738454894235|0.0
0.48942244680146096|0.0
0.48888341412402075|0.0
0.48899250676766315|0.0
0.49039672656069017|0.0
0.4860617586438469|0.0
0.4876674445074358|0.0
0.48781984076737245|0.0
0.48645301862599477|0.0
0.4880744314855201|0.0
0.48767465368970303|0.0
0.4865522377437808|0.0
0.4876674445074358|0.0
0.4873165287215221|0.0
0.4876636564451369|0.0
0.48808542916855674|0.0
0.4862226633919624|0.0
0.4876674445074358|0.0
0.48767465368970303|0.0
0.48757285291613556|0.0
0.48874449886178867|0.0
0.4869365781438346|0.0
0.490241896236439|0.0
0.4877522704551434|0.0
0.4889850311257072|0.0
0.4911150548335355|0.0
0.4885487504466817|0.0
0.4885229688987955|0.0
0.48811777314099924|0.0
0.48695628591736034|0.0
0.4880252194250535|0.0
0.48767465368970303|0.0
0.4872039741014237|0.0
0.4863024333970603|0.0
0.4868719288831581|0.0
0.48669535306103123|0.0
0.4880416815946569|0.0
0.4867551923153157|0.0
0.4870285234533896|0.0
0.48600420341218714|0.0
0.48694443382160174|0.0
0.48703231127202196|0.0
0.4869702113779612|0.0
0.48647565760837697|0.0
0.4877599950142055|0.0
0.4872566859730268|0.0
0.4872566859730268|0.0
