PredictedProbability|PredictedLabel
0.48247074465499584|0.0
0.4821128450458386|0.0
0.4827383615830077|0.0
0.4829312947308741|0.0
0.48366920165293253|0.0
0.4856225133099576|0.0
0.4855346494633445|0.0
0.48377321657288525|0.0
0.4864786372301232|0.0
0.48376170984460437|0.0
0.48351461998517875|0.0
0.4819413263997492|0.0
0.484865269926806|0.0
0.4829316070781746|0.0
0.4832093481533334|0.0
0.4818648400945126|0.0
0.4842671337618544|0.0
0.4845539597453834|0.0
0.4849975064882412|0.0
0.4838159678209309|0.0
0.48485887327710353|0.0
0.4845539597453834|0.0
0.48406934798070134|0.0
0.485387192869935|0.0
0.4842671337618544|0.0
0.48187079783451736|0.0
0.48475005211440103|0.0
0.4822535803288927|0.0
0.4842073118125369|0.0
0.4837705838141195|0.0
0.4834510176362074|0.0
0.4829235097939186|0.0
0.4844054802087389|0.0
0.4838934885376844|0.0
0.4855359654311812|0.0
0.4845387203200842|0.0
0.48620008311530344|0.0
