PredictedProbability|PredictedLabel
0.4852201533726845|0.0
0.48868647152354044|0.0
0.48989647759589877|0.0
0.4882997898908948|0.0
0.49166510996687085|0.0
0.4908204251682641|0.0
0.49109594740487683|0.0
0.48823202602151017|0.0
0.4841574902973449|0.0
0.4837732760937723|0.0
0.48617263985026665|0.0
0.487246608598199|0.0
0.48494789829119495|0.0
0.4851674607512079|0.0
0.48688483705923197|0.0
0.48534174724439383|0.0
0.48725184389393017|0.0
0.4851873505938714|0.0
0.4842655665737467|0.0
0.4858283559100122|0.0
0.4842655665737467|0.0
0.4849065011453994|0.0
0.4849065011453994|0.0
0.4842655665737467|0.0
0.48753152391350096|0.0
0.485710029998181|0.0
0.4848466744660333|0.0
0.48788558520951175|0.0
0.48585190361089126|0.0
0.48663196916973145|0.0
0.4868709515572442|0.0
0.48696352388178976|0.0
0.48243088592374883|0.0
0.48718440080726|0.0
0.48540041860361105|0.0
0.48689610481773693|0.0
0.48579329867862087|0.0
0.48569198192484053|0.0
0.4857545868971006|0.0
0.4856287914786005|0.0
0.4855134356285719|0.0
0.48455062280925837|0.0
0.48763432318789357|0.0
0.48562279221391424|0.0
0.4875038377781579|0.0
