PredictedProbability|PredictedLabel
0.4840194266466454|0.0
0.4820505620821154|0.0
0.48570597930442555|0.0
0.4857111967852353|0.0
0.4879941381740177|0.0
0.48663171802410277|0.0
0.4877353232670641|0.0
0.48815822811006626|0.0
0.4876674445074358|0.0
0.48777787701416636|0.0
0.48766806994704287|0.0
0.486130929507245|0.0
0.48814540851614097|0.0
0.48902632843015487|0.0
0.48698790645833784|0.0
0.4868209811199763|0.0
0.48902333506878165|0.0
0.48766058445495786|0.0
0.4858071123577463|0.0
0.4880083344769956|0.0
0.4882379632888813|0.0
0.4865575308013858|0.0
0.4884382176759384|0.0
0.4870231451320402|0.0
0.48922133497065773|0.0
0.4893989806491335|0.0
0.48879607935874086|0.0
0.489771673530553|0.0
0.48944824499695866|0.0
0.48738918766996625|0.0
0.4869452358354399|0.0
0.4876364136345288|0.0
0.48792613522286965|0.0
0.4904807926555597|0.0
0.48877427995169576|0.0
0.4885908139245186|0.0
0.4877463460314095|0.0
0.4910856384977257|0.0
0.48833497699219075|0.0
0.48813189428737885|0.0
0.4859244615166408|0.0
0.48808542916855674|0.0
0.4868417562188565|0.0
0.48637619469330173|0.0
0.48667001601172105|0.0
0.48637619469330173|0.0
0.48631055685014674|0.0
0.4895123248957495|0.0
0.4912883598571191|0.0
0.4871647011961358|0.0
0.49019521189431065|0.0
0.4897407080812262|0.0
0.49099567655301996|0.0
0.4884036656831409|0.0
0.48980265237522286|0.0
0.48768854032811904|0.0
0.4869945521639171|0.0
0.48719639297062745|0.0
