PredictedProbability|PredictedLabel
0.4840194266466454|0.0
0.4829515685683525|0.0
0.48469772035906916|0.0
0.4858986489016271|0.0
0.48559230965655|0.0
0.48615139609661384|0.0
0.48695635580585345|0.0
0.4867420556607995|0.0
0.485889071204053|0.0
0.486773060184175|0.0
0.48839236637189615|0.0
0.48719672147818627|0.0
0.48629197214588255|0.0
0.48928534088049774|0.0
0.4864142348140752|0.0
0.4850484667592319|0.0
0.4891141479259714|0.0
0.48841714087010557|0.0
0.48692880735727384|0.0
0.48701296881001205|0.0
0.4868971082200984|0.0
0.48764393306653014|0.0
0.48696140429089374|0.0
0.4868045731370784|0.0
0.4871986332155117|0.0
0.4875670368112101|0.0
0.48703005236205676|0.0
0.48637383506337056|0.0
0.48808542916855674|0.0
0.4870921526419288|0.0
0.4869375086967857|0.0
0.48694582437852396|0.0
0.49028071378603655|0.0
0.4873730702160034|0.0
0.4869287016398088|0.0
0.4854519224851719|0.0
0.4896400327129747|0.0
0.48666489858143963|0.0
0.4858212313451914|0.0
0.4871868972499321|0.0
