PredictedProbability|PredictedLabel
0.4893585596841416|0.0
0.4874661952452016|0.0
0.48675140771768055|0.0
0.48726208368843527|0.0
0.49168398114865064|0.0
0.48878045386833796|0.0
0.4886005829236286|0.0
0.4873695244023295|0.0
0.48743770701661976|0.0
0.4859001758554057|0.0
0.4877648989772069|0.0
0.4896539604285984|0.0
0.4900870519527636|0.0
0.48871931121392453|0.0
0.48542589320873447|0.0
0.4865467017694488|0.0
0.4851246426997507|0.0
0.4873773572199245|0.0
0.48659720868774287|0.0
0.48575036836394353|0.0
0.48705044791921354|0.0
0.4877791038670491|0.0
0.48812094650519844|0.0
0.4861719930394377|0.0
0.4875427244620696|0.0
0.48813908937080586|0.0
0.48813908937080586|0.0
0.48618139780771175|0.0
0.4862220912104946|0.0
0.48572248759245523|0.0
0.48704305023250705|0.0
0.4870023532489753|0.0
0.4868089698824038|0.0
0.48548298209482704|0.0
0.4871118168551072|0.0
0.4903700486397026|0.0
0.48273087138677395|0.0
0.4895267055923001|0.0
0.4888895603556582|0.0
0.4880963425271235|0.0
0.48700226484636344|0.0
0.4870811686583349|0.0
0.48621268639992776|0.0
0.48621268639992776|0.0
0.48558515567568844|0.0
0.4867197656250256|0.0
0.48575064300802373|0.0
0.4860552199728403|0.0
0.48604561403005053|0.0
0.4854484999165224|0.0
0.4852659299505308|0.0
0.4851379854470439|0.0
0.4862368237852268|0.0
0.48608279494762385|0.0
0.4867197656250256|0.0
0.4883256691522938|0.0
0.4867197656250256|0.0
0.4870090064611457|0.0
