PredictedProbability|PredictedLabel
0.48488799590953424|0.0
0.4844124406642323|0.0
0.4866561054837292|0.0
0.48473936273290813|0.0
0.4878344668264494|0.0
0.49053693052890135|0.0
0.4894464243844455|0.0
0.48771483946805555|0.0
0.48892482082272753|0.0
0.48605458579215166|0.0
0.4849989080278153|0.0
0.48556857971446704|0.0
0.4848079269859995|0.0
0.48407231768763515|0.0
0.48448271860421044|0.0
0.4860431743815511|0.0
0.48906753671454906|0.0
0.48487903649096276|0.0
0.4841936134125737|0.0
0.48446924114012013|0.0
0.4850940360927273|0.0
0.4849540967035263|0.0
