PredictedProbability|PredictedLabel
0.4848053163550685|0.0
0.4852767128663082|0.0
0.4854332880339191|0.0
0.48620599674118736|0.0
0.4892405264062194|0.0
0.4907743807310953|0.0
0.48766001933447156|0.0
0.48420433300041077|0.0
0.49129297466113536|0.0
0.489154403917704|0.0
0.4948552649163507|0.0
0.48960087659681545|0.0
0.48525499755187446|0.0
0.48723007038453214|0.0
0.4913162764182414|0.0
0.4937657881529895|0.0
0.49337804530698665|0.0
0.4965554856239622|0.0
0.49539836190408143|0.0
0.49187924978217|0.0
0.4905945151351272|0.0
0.4919791959193964|0.0
0.49271416820522196|0.0
0.4882676615523902|0.0
0.4915209253205833|0.0
0.4918693835491169|0.0
0.4913598271994981|0.0
0.49162174212382415|0.0
0.49482408903831226|0.0
0.487596835418586|0.0
0.48616068717226363|0.0
0.49436884164064837|0.0
0.49066573791769647|0.0
0.4929920727499682|0.0
0.4955149683782304|0.0
0.49301542979121393|0.0
0.49391798035287954|0.0
0.4949882376163446|0.0
0.49077505134843946|0.0
0.4910416104944069|0.0
0.4907895002389807|0.0
0.49098935893348206|0.0
0.4889205429582061|0.0
0.48990557148325675|0.0
