PredictedProbability|PredictedLabel
0.4870182318556195|0.0
0.48568826853558816|0.0
0.48567857530844|0.0
0.4855442439673644|0.0
0.48817051887791324|0.0
0.4881092189558352|0.0
0.4866333245023257|0.0
0.4866381533404229|0.0
0.4872555983954693|0.0
0.4868175633167078|0.0
0.48666461463156147|0.0
0.48695214483298715|0.0
0.48608279494762385|0.0
0.4857236322312323|0.0
0.4880844604903408|0.0
0.4862866646188187|0.0
0.48622127928106135|0.0
0.4865926609310306|0.0
0.487566407473826|0.0
0.48737143723241766|0.0
0.48817525491628205|0.0
0.4879887412692263|0.0
0.4866220690662446|0.0
