PredictedProbability|PredictedLabel
0.4860209213447828|0.0
0.48660528066411723|0.0
0.4868625600148812|0.0
0.4859173857925602|0.0
0.48525427556869183|0.0
0.4837177690835684|0.0
0.48784493165445253|0.0
0.49117656570964274|0.0
0.48905729577943097|0.0
0.4922823815858883|0.0
0.4915998299456268|0.0
0.4878381076585499|0.0
0.4884716703195319|0.0
0.4859379464421869|0.0
0.48604251264036996|0.0
0.4851330548958206|0.0
0.4887463124575472|0.0
0.4875487764664275|0.0
0.49008652763113847|0.0
0.4893633528360206|0.0
0.4867430166309007|0.0
0.48905218529876404|0.0
