PredictedProbability|PredictedLabel
0.48695600305015757|0.0
0.48277623670596376|0.0
0.4857165754987161|0.0
0.48316279273723917|0.0
0.4873875047086507|0.0
0.48509278647706555|0.0
0.48658013402521516|0.0
0.48500909547511506|0.0
0.48474076737050675|0.0
0.4847262784420492|0.0
0.4858997343524084|0.0
0.4861642808741322|0.0
0.48654842750644955|0.0
0.4864883017673972|0.0
0.4861878156631847|0.0
0.4855955792785334|0.0
0.4858723103775866|0.0
0.48545540266387077|0.0
0.48426101101681707|0.0
0.4861538225307427|0.0
0.4873662226407123|0.0
0.4866099075920107|0.0
0.4873482489506423|0.0
0.48747444628925085|0.0
0.4878639561222249|0.0
0.4884274806951612|0.0
0.487880391137345|0.0
0.4876675467060467|0.0
0.48747444628925085|0.0
0.4885680579846034|0.0
