PredictedProbability|PredictedLabel
0.4874356063449926|0.0
0.48867904195844325|0.0
0.4890329546688114|0.0
0.4893759587301607|0.0
0.49066606258258316|0.0
0.4882876872573016|0.0
0.4843531375630468|0.0
0.4873297506378523|0.0
0.487797297913028|0.0
0.4872562311053659|0.0
0.4889135286254751|0.0
0.48908225423783086|0.0
0.4861541877349497|0.0
0.48739147411436284|0.0
0.48672328255328734|0.0
0.48677143623780095|0.0
0.4874340243592316|0.0
0.4877252779145368|0.0
0.4883798062068139|0.0
0.4893877238849198|0.0
0.4884607175172001|0.0
0.48928992706467317|0.0
0.4869551172057951|0.0
0.4889598442050574|0.0
0.487297610873895|0.0
0.48423387185506517|0.0
0.4837355129805646|0.0
0.48862521285149263|0.0
0.4880192123805003|0.0
0.4843774179597137|0.0
0.48379414308747765|0.0
0.4904826580457888|0.0
0.49048399602628756|0.0
0.48801883851648553|0.0
0.49142988227241496|0.0
0.4907468512836633|0.0
0.4919571299553523|0.0
0.4884827409973823|0.0
0.4869551172057951|0.0
0.4881471832978681|0.0
0.4884762283850947|0.0
0.48517855876866883|0.0
0.4836669226224522|0.0
0.49010473160251244|0.0
0.49033553299482985|0.0
0.48839832527863064|0.0
0.48867949880987754|0.0
