PredictedProbability|PredictedLabel
0.4892631713441673|0.0
0.4844172877984887|0.0
0.48348119612946916|0.0
0.48482929996291185|0.0
0.4881424040561962|0.0
0.4908630463439514|0.0
0.4882103169703636|0.0
0.4860402032689291|0.0
0.48476731458825234|0.0
0.48030919274504125|0.0
0.48010637649973453|0.0
0.4850146039511105|0.0
0.48713565294931543|0.0
0.4866503499574852|0.0
0.4894594416985555|0.0
0.4868390189999131|0.0
0.48408396547594545|0.0
0.4882744358334126|0.0
0.4890164709916983|0.0
0.4885210253456146|0.0
0.4851775740330989|0.0
0.48651450288418635|0.0
0.48723699987543945|0.0
0.48488178005834964|0.0
0.48507048858909446|0.0
0.4814519304211345|0.0
0.47648239377179274|0.0
0.4821301364361023|0.0
0.4858505617833955|0.0
0.4895235479336892|0.0
0.4908345518864046|0.0
0.49260359616852806|0.0
0.4882594770789327|0.0
0.4843662438194575|0.0
0.488051414820241|0.0
0.48628408886855895|0.0
0.4862155383217354|0.0
0.4857572997805247|0.0
0.484502961927537|0.0
0.48789961927234304|0.0
0.4857855571064307|0.0
0.4873911644760136|0.0
0.48383394708802635|0.0
0.48574636863491477|0.0
0.4876086638712514|0.0
0.4868067591387614|0.0
0.48547919734508216|0.0
