PredictedProbability|PredictedLabel
0.48304865828159477|0.0
0.4837106249741558|0.0
0.48501183099726575|0.0
0.4848204846192145|0.0
0.4847587788319037|0.0
0.48402686324546945|0.0
0.4832600241678085|0.0
0.484569398558312|0.0
0.48443421280206145|0.0
0.4866178113418032|0.0
0.4863323303748827|0.0
0.4820745113229861|0.0
0.48493166027525725|0.0
0.48385540291461465|0.0
0.4845271719322517|0.0
0.4859139666196992|0.0
0.48410300652658644|0.0
0.4851180651476549|0.0
0.48529143353065457|0.0
0.484393103021759|0.0
0.4855204358862149|0.0
0.485269350365464|0.0
