PredictedProbability|PredictedLabel
0.48283137449646396|0.0
0.48202068133540626|0.0
0.4861809574713646|0.0
0.48471925557861967|0.0
0.48652046542452204|0.0
0.4863067786355342|0.0
0.484126128074964|0.0
0.48249619792847254|0.0
0.4819748950873132|0.0
0.4819748950873132|0.0
0.4819748950873132|0.0
0.4824461166577975|0.0
0.48311036626496257|0.0
0.482861294837519|0.0
0.4861968911421426|0.0
0.4849080059339864|0.0
0.48440022115420356|0.0
0.48451195166756983|0.0
0.483772264054991|0.0
0.4834710755754329|0.0
0.4862646538659335|0.0
0.4868669689761601|0.0
0.4834202207060503|0.0
0.4874242244039838|0.0
0.48768062230559883|0.0
0.4856334427092545|0.0
0.4846009032006457|0.0
0.48598484148986204|0.0
0.4847315557181188|0.0
0.4853381457500134|0.0
0.4865661837033028|0.0
0.48596579382559446|0.0
0.486254120916601|0.0
0.4855766781710869|0.0
