PredictedProbability|PredictedLabel
0.002997835712414923|1.0
0.0033143386546246978|1.0
0.0003692099219921991|0.0
0.0009634048169035508|1.0
6.400345904113821e-05|0.0
0.0010402684270680192|1.0
0.00012180483753806976|0.0
0.00034566765177815073|0.0
0.0018071004919836483|1.0
0.0006962473975317336|1.0
0.0013289872637620675|1.0
0.007912622654480813|1.0
0.0047929815817537936|1.0
9.622791201478635e-05|0.0
4.126942156977643e-05|0.0
0.0033143386546246978|1.0
0.0036419304589908955|1.0
0.0033143386546246978|1.0
0.0033143386546246978|1.0
0.0033143386546246978|1.0
0.0009365710056900645|1.0
0.00038156086400710243|0.0
0.00023429456784662732|0.0
