PredictedProbability|PredictedLabel
0.009748374526103613|1.0
0.012960493899693948|1.0
0.00346723997434875|1.0
0.006936720375556222|1.0
0.0048418273251976335|1.0
0.005405703149619489|1.0
0.0009313984546612839|1.0
0.004866742870955838|1.0
0.004149029912535542|1.0
0.006199888921109214|1.0
0.005185765683583576|1.0
0.005116604076229217|1.0
0.004491869636495295|1.0
0.001422045969139545|1.0
0.010078396425695897|1.0
0.001649087733133503|1.0
0.005225887484899849|1.0
0.008795132522525569|1.0
0.009486158572180164|1.0
0.005160626081200464|1.0
0.007143633681930851|1.0
0.005045199318620692|1.0
0.008587436439516684|1.0
0.012960493899693948|1.0
0.0018815160454008252|1.0
0.008672974854959775|1.0
0.006895349423737638|1.0
0.012960493899693948|1.0
0.009380989362552028|1.0
0.0017487846510678266|1.0
0.007281866932306598|1.0
0.006332725703929563|1.0
0.002245006512579794|1.0
0.005490900603884192|1.0
0.0074981749206503474|1.0
0.0010636638501803413|1.0
0.003354874710978474|1.0
0.008552057625884632|1.0
0.006860088361989087|1.0
0.0071139436812078785|1.0
0.004883873840001498|1.0
0.0013877290716238291|1.0
0.012960493899693948|1.0
0.008461285640421038|1.0
0.005264911349809109|1.0
0.008470885441498696|1.0
0.003591315201622512|1.0
0.0032713543343753865|1.0
0.011936840800599792|1.0
