PredictedProbability|PredictedLabel
0.002826065816785967|1.0
0.010255546922415763|1.0
0.0042803226404546785|1.0
0.0037739648830409467|1.0
0.005048027222989102|1.0
0.0036633014112622568|1.0
0.00439293263155645|1.0
0.0019379448953793842|1.0
0.0014421102156832108|1.0
0.010255546922415763|1.0
0.0015783517633603473|1.0
0.0028311653535740364|1.0
0.0016890512607508497|1.0
0.0017518751810458486|1.0
0.0017030121741397368|1.0
0.0025955605447561553|1.0
0.0025094773526132376|1.0
0.0034495642288013767|1.0
0.004301270120612552|1.0
0.00408841195647471|1.0
0.003070040730279629|1.0
0.003319781739177859|1.0
0.005655801908963998|1.0
0.003078595589676015|1.0
0.002566472877288722|1.0
0.0021212180351004076|1.0
0.002292033338668836|1.0
0.0017833085813633068|1.0
0.0016432488843675381|1.0
0.0026617270803956433|1.0
0.00271999482626403|1.0
0.0032405231160815284|1.0
0.003661289716903045|1.0
0.003147475174240448|1.0
0.0024853170484418477|1.0
0.0015732298848393069|1.0
0.002124859197823594|1.0
0.001773599676694259|1.0
0.0014055427521194853|1.0
0.002431345955226129|1.0
0.0021991459089280864|1.0
0.002537829984677537|1.0
0.002604626329337848|1.0
0.0027270908697030203|1.0
0.0024770653192320623|1.0
0.0025799088134483487|1.0
0.004111748661395026|1.0
0.0018057837707847269|1.0
