PredictedProbability|PredictedLabel
0.0055134643837222155|1.0
0.0016997815660846642|1.0
0.0023068860459353534|1.0
0.0034613133702678543|1.0
0.002384479347503446|1.0
0.004025793814088597|1.0
0.0038576375404321575|1.0
0.002101561618604341|1.0
0.002723780266560255|1.0
0.004401851844759635|1.0
0.004014715658421992|1.0
0.003104986339767828|1.0
0.002132359745410211|1.0
0.004583487615037298|1.0
0.0043935876117316645|1.0
0.0038691798179795|1.0
0.002735452928115496|1.0
0.003938928210861512|1.0
0.004020809904801454|1.0
0.00461932562359576|1.0
0.005081260358559072|1.0
0.004258502700520602|1.0
0.004064844567517654|1.0
0.004182766371077125|1.0
0.007050988184177531|1.0
0.0032555943721948796|1.0
0.003143849211928593|1.0
0.0014889828717600552|1.0
0.004530914231691979|1.0
0.003436415610323347|1.0
0.004479943201911677|1.0
0.004280108916932003|1.0
0.004731425774829495|1.0
0.0036234400683408372|1.0
0.0027701401242518557|1.0
0.004666820331850011|1.0
0.004462852029572501|1.0
0.004319948139198195|1.0
0.004244972877202064|1.0
0.004979134031624898|1.0
0.005131219901177954|1.0
0.0033705542695381097|1.0
0.0053723474466751495|1.0
0.004390748101813417|1.0
0.00454661522276977|1.0
0.0034395168862164528|1.0
0.005151156905457241|1.0
0.0031915646713451744|1.0
0.004969657635433999|1.0
0.004561094447731368|1.0
0.0056950174108796065|1.0
0.005325321107626614|1.0
0.005199797366221239|1.0
0.005294183748020799|1.0
