PredictedProbability|PredictedLabel
0.01187923693924286|1.0
0.0033143386546246978|1.0
0.0033143386546246978|1.0
0.006173202441742763|1.0
0.01599704284013935|1.0
0.006714888622206746|1.0
0.007122572730279389|1.0
0.015758811899238993|1.0
0.007175915261967314|1.0
0.00758542567887662|1.0
0.0036438858627170796|1.0
0.009219682524801931|1.0
0.005945466577859072|1.0
0.019407665610135058|1.0
0.006433214265896683|1.0
0.0006232749065291031|1.0
0.0019159090320142432|1.0
0.004842326510397569|1.0
0.005257423085867489|1.0
0.008825389544508339|1.0
0.003143978099497598|1.0
0.004583698721425064|1.0
0.0054659428927537005|1.0
0.002314090423370046|1.0
0.006063366045597244|1.0
