PredictedProbability|PredictedLabel
0.0041283457971281155|1.0
0.04728466606139681|1.0
0.006565312402104874|1.0
0.0017220826818113405|1.0
1.3950529413866113e-05|0.0
0.007612327621741768|1.0
0.00011615546215405807|1.0
0.0006416021110654337|1.0
0.0022105437532608557|1.0
0.0015674802383439147|1.0
0.0010796332477913033|1.0
0.0032041388363612494|1.0
0.0028948157984859603|1.0
0.001483041154778995|1.0
0.000558183190253947|1.0
0.00362156147181163|1.0
0.00560983910195894|1.0
0.0010100993583334924|1.0
0.004177417364628677|1.0
0.009918878986848472|1.0
0.016320996869715044|1.0
0.014380374048556029|1.0
0.0003886986724140692|1.0
0.0007747831877810857|1.0
0.0006212139691907167|1.0
0.00020201765020916998|1.0
0.0001528997922212446|1.0
0.0002597345464094437|1.0
0.0006489643220145818|1.0
0.000287775048642855|1.0
0.0007184773067053324|1.0
0.0008849930050282146|1.0
0.0016377667975626853|1.0
0.000707066363754979|1.0
0.0032787069335427277|1.0
0.0005271183698350677|1.0
0.002160464391870626|1.0
0.0021199433977466655|1.0
0.006580916972798317|1.0
0.006514228118182767|1.0
0.005770640232098756|1.0
0.003523247386378779|1.0
0.0034039059990747644|1.0
0.0004458464887203044|1.0
0.002503566760121858|1.0
0.00202084065189954|1.0
0.0064046376530031215|1.0
0.010195259865717562|1.0
0.008752978441290759|1.0
0.005316046542284397|1.0
0.005050772318384831|1.0
0.006612807140066407|1.0
0.0063578737666776935|1.0
