PredictedProbability|PredictedLabel
0.0031523185376702303|1.0
0.004832513664082181|1.0
0.002463391480399984|1.0
0.00018078755278139706|1.0
0.0035756194093471165|1.0
0.0018610123288948664|1.0
0.0031980903718306663|1.0
0.0009439505339246371|1.0
0.0036310512728877026|1.0
0.004832513664082181|1.0
0.00016538189049265873|1.0
0.003239090360735893|1.0
0.0036663765178781595|1.0
0.002163525323583115|1.0
0.004557474700241817|1.0
0.000839910904833057|1.0
0.001931426898376083|1.0
0.0010214532324065418|1.0
0.003652305303353817|1.0
0.0005665034292043455|1.0
0.0011925385667725644|1.0
0.0006499234901078575|1.0
0.0011582131775414296|1.0
0.0009080081789348266|1.0
0.0013997387184254454|1.0
0.0021837973761416646|1.0
0.001292608454758987|1.0
0.0015302512192549515|1.0
0.0024402429130901747|1.0
0.0006613487261023864|1.0
0.0021211431474507784|1.0
0.0012772075015069304|1.0
0.002257466725117754|1.0
0.00010991955560769367|1.0
0.0003822104072608834|1.0
0.0005075709118832686|1.0
0.00011625942724179358|1.0
0.000811498058603486|1.0
0.004724831665197522|1.0
0.0003155694042380372|1.0
0.0006620955124013981|1.0
0.0005784184495083644|1.0
0.0014413306723310862|1.0
0.0007086224794555501|1.0
0.0014443820090636165|1.0
0.0003570707977150992|1.0
0.00030108903650915815|1.0
0.0008940511104991943|1.0
0.0023750242507491292|1.0
0.001381688713100044|1.0
0.00044959078627388935|1.0
0.0015454115227553863|1.0
0.00306420658487339|1.0
