PredictedProbability|PredictedLabel
0.007222471861198132|1.0
0.0033143386546246978|1.0
0.009583007886649115|1.0
0.0024578306486042426|1.0
0.0028546876479798376|1.0
0.0027472277632905966|1.0
0.002995296445120568|1.0
0.019016093084512548|1.0
0.0019464849291202038|1.0
0.0018299666461299097|1.0
0.0020187797149634956|1.0
0.008076325942298629|1.0
0.0009441967500648273|1.0
0.0031266664356178757|1.0
0.0025873186872924113|1.0
0.018156333837091986|1.0
0.005023873373694777|1.0
0.0020090620967176225|1.0
0.0020667791583482372|1.0
0.004312735816038493|1.0
0.0021546268183820073|1.0
0.005454671082209542|1.0
0.0075027281603311765|1.0
0.0012857549459456506|1.0
0.00503586307985757|1.0
0.0033143386546246978|1.0
0.008958101222844786|1.0
0.0032657177988948422|1.0
0.009508005179674435|1.0
0.020389550767208192|1.0
0.018413033631094762|1.0
0.0007071967882185826|1.0
0.0015320346715786747|1.0
0.02556049377993096|1.0
