PredictedProbability|PredictedLabel
0.0022394998395039957|1.0
0.0009099984510179751|1.0
0.012409984505575308|1.0
0.0037956306324605452|1.0
3.617156518189769e-05|0.0
0.00012867531988071683|1.0
0.005571623786320958|1.0
0.0020280611127059672|1.0
0.004838818809441218|1.0
0.004273623610707405|1.0
0.0027127621511948545|1.0
8.419711617327728e-05|0.0
0.0005474478620369549|1.0
3.216318151341326e-05|0.0
0.00023039920678997195|1.0
0.0004572437881440954|1.0
0.0004190703449109981|1.0
0.00025763315949012055|1.0
0.00013940487704559832|1.0
6.8509360477411e-05|0.0
0.0009019664734146208|1.0
0.0011487014239758492|1.0
0.00018135164483362192|1.0
0.000529961770390211|1.0
9.933187194842907e-05|1.0
0.0005595393647575635|1.0
0.000430065781948871|1.0
0.0005513076167812013|1.0
0.0006668540724361815|1.0
