PredictedProbability|PredictedLabel
0.00472622789764978|1.0
0.0033143386546246978|1.0
1.80315963294185e-05|0.0
2.8419504187107212e-05|0.0
3.9946656857826805e-05|0.0
0.00013841868947992364|0.0
5.413157264426174e-05|0.0
0.0008073605225670097|1.0
0.0006204924690265423|1.0
0.007301788422885022|1.0
0.018148166423343416|1.0
0.0015074904256330132|1.0
0.0004958757022595242|0.0
0.0021547515318282363|1.0
0.0018368399474443153|1.0
0.001852005345154371|1.0
0.0048585576979353305|1.0
0.003448032437397877|1.0
0.001964765904022492|1.0
0.0033889986217992573|1.0
0.00938760770549546|1.0
6.088463933633068e-05|0.0
0.0026761437548001926|1.0
0.005585015345674411|1.0
0.011866441322350891|1.0
0.0016505142426114262|1.0
0.004820067313589994|1.0
0.001844736604541373|1.0
0.0013607915501952772|1.0
0.0011092354543018848|1.0
0.0011927129734912438|1.0
0.0015421223837361947|1.0
0.0029167300334280314|1.0
0.0002458083206414768|0.0
0.00019203836926196224|0.0
9.638933661266029e-05|0.0
0.00024502453945638634|0.0
0.0012754400326235227|1.0
