PredictedProbability|PredictedLabel
0.0067767984820995865|1.0
0.007574698088545381|1.0
0.0031600913616024033|1.0
0.004807381674692585|1.0
0.005413058109890256|1.0
0.005203326921510748|1.0
0.006431347989584996|1.0
0.004889224543278598|1.0
0.006041652978286408|1.0
0.0030396812569803778|1.0
0.0055182265989370365|1.0
0.00522147809349717|1.0
0.003916297592205729|1.0
0.00411287260314427|1.0
0.007574698088545381|1.0
0.004470991886104534|1.0
0.005481500740745795|1.0
0.003822593178146299|1.0
0.005325916646093474|1.0
0.003962545999247222|1.0
0.003157320210947022|1.0
0.006439826261742262|1.0
0.004000958161886545|1.0
0.004687925476659893|1.0
0.005136601012327903|1.0
