PredictedProbability|PredictedLabel
0.0015157913931059005|1.0
0.0017330814976236357|1.0
0.0006821349953359579|1.0
0.00025666187509753923|1.0
0.0011051300623842934|1.0
0.00018486858603263383|1.0
0.0003176541130899693|1.0
0.0008312271652157767|1.0
0.00023034371991200893|1.0
0.0013115340647950249|1.0
0.001292606814809181|1.0
0.00042219088426613674|1.0
0.0007501552514265408|1.0
0.0011251786203262284|1.0
0.0008066140570431796|1.0
0.00048518525444152873|1.0
0.0011693391902689058|1.0
0.000398106430569019|1.0
0.0009578417372423264|1.0
0.001099323968042492|1.0
0.0009778411761575904|1.0
0.0009828923538170934|1.0
0.0005291232213324625|1.0
0.0005852545249775415|1.0
0.0017330814976236357|1.0
0.0010249718978547488|1.0
0.0017330814976236357|1.0
0.0009616882931393886|1.0
0.0010192798027777153|1.0
0.0017330814976236357|1.0
0.0006365800342492888|1.0
0.00010018333802693773|1.0
