PredictedProbability|PredictedLabel
0.0018115207659480143|1.0
0.007877962200533809|1.0
0.0007418567395609473|1.0
0.0004623252587866129|1.0
0.0012533625407158432|1.0
0.00022511461894936|1.0
0.0005709451447916481|1.0
0.000741230681441348|1.0
0.00010868781190975503|1.0
0.0010904353602498174|1.0
6.9939939431783e-05|0.0
0.0004740036906818717|1.0
0.0008610745011498061|1.0
0.0011352970939780703|1.0
0.00035023616635988954|1.0
0.0006643512012680652|1.0
0.0018435822293810672|1.0
0.0006614233767240168|1.0
0.0005533790432514665|1.0
0.0018721003898048436|1.0
0.0008121779819093769|1.0
0.0025564950041184853|1.0
0.00033888526147120605|1.0
0.000996516610095145|1.0
0.0004449458140110976|1.0
0.0010642598599329871|1.0
0.001335169701766668|1.0
0.0006384315616532421|1.0
0.0011325068726547429|1.0
0.0015685653739374277|1.0
0.0006447201822867665|1.0
0.0019134452708341565|1.0
0.0034376369819959125|1.0
0.0018357372907661668|1.0
0.0006502070290821817|1.0
0.000331665653687245|1.0
0.0010567026016910653|1.0
0.0012721618342647189|1.0
