PredictedProbability|PredictedLabel
9.7865121034442e-05|0.0
0.0005095036741088986|1.0
1.8690797401615277e-05|0.0
0.00020469656082232408|1.0
2.8693165424521977e-06|0.0
2.457478344681942e-05|0.0
1.5207867446249122e-05|0.0
6.911689879991953e-05|0.0
0.0002823815271010981|1.0
9.14180612011496e-05|0.0
5.525128405686974e-06|0.0
1.2293723618337162e-07|0.0
7.281689970847428e-07|0.0
0.000497966298387772|1.0
3.312240998210502e-05|0.0
2.5539924298472437e-05|0.0
2.3605276122580765e-05|0.0
6.708997339125733e-05|0.0
0.00024738422143065437|1.0
6.441923810029447e-05|0.0
7.756778356532032e-05|0.0
4.687637212565535e-05|0.0
3.078987456451713e-05|0.0
0.00015491446721155704|1.0
3.285457267212455e-05|0.0
0.0005095036741088986|1.0
6.183865456504879e-06|0.0
7.646665230808352e-06|0.0
2.0926890121578465e-05|0.0
5.20529814203046e-06|0.0
5.208803241038339e-05|0.0
0.0002851659037901775|1.0
0.0001225667542176447|1.0
0.00027403831884394457|1.0
0.00022941459997597057|1.0
3.657368057024047e-05|0.0
7.634770834444165e-06|0.0
1.0136376064006129e-05|0.0
5.087509799664324e-06|0.0
6.325174529125545e-06|0.0
8.06783702716147e-05|0.0
0.00020590595470284956|1.0
