PredictedProbability|PredictedLabel
0.014894690866671285|1.0
0.009407219082168447|1.0
0.008781786107448744|1.0
0.0051923736013307934|1.0
0.011504215085747354|1.0
0.02078593202913916|1.0
0.013671538795641971|1.0
0.0009849358715297808|1.0
0.01450923075891661|1.0
0.012972661820583752|1.0
0.013006438889455789|1.0
0.00893578095095533|1.0
0.00951443320890645|1.0
0.008870510047454209|1.0
0.012058479403726011|1.0
0.01207177173205518|1.0
0.0014030474364498035|1.0
0.02018197707970976|1.0
0.01340956654864835|1.0
0.00029007042484148645|1.0
0.015729673277625613|1.0
0.017473025430978922|1.0
