PredictedProbability|PredictedLabel
0.002460412162836744|1.0
0.0033143386546246978|1.0
0.00047758798350670145|0.0
0.00038762155937986247|0.0
0.00145377806455143|1.0
0.0013055100741828194|1.0
0.002380842961211874|1.0
0.0025498088764572854|1.0
0.0009882383782202175|1.0
0.0018717387824029672|1.0
0.0003102391645523205|0.0
0.0031427283713257393|1.0
0.0017415324549119187|1.0
0.0001231131018609931|0.0
0.00039873530117597944|0.0
0.0009016289670771612|1.0
0.0013124707347126996|1.0
0.0015855391654870496|1.0
0.002219810078246075|1.0
0.0010353604547137115|1.0
0.0019744973623217663|1.0
0.001801327313764952|1.0
4.445236066850572e-05|0.0
0.0010754740109949995|1.0
0.0007538481392977132|1.0
0.0012865171215548144|1.0
