PredictedProbability|PredictedLabel
0.012743757144939248|1.0
0.014510297365110753|1.0
0.0004908035817743669|1.0
0.00379692856546656|1.0
0.0032025682926562645|1.0
0.0014082672027876254|1.0
0.00037659457546653137|1.0
0.013753758283070778|1.0
0.01236477705584393|1.0
0.005280076304524941|1.0
0.002238492791181622|1.0
0.0011109601318458034|1.0
0.0028612916713989904|1.0
0.014510297365110753|1.0
0.00033611312245254075|1.0
0.002137017750778018|1.0
0.0014489168083079485|1.0
0.0010832181060506905|1.0
0.0010692351067046746|1.0
0.010730834336167002|1.0
0.012903874187340897|1.0
0.010543735505357877|1.0
0.00202134297594068|1.0
0.004679626186026365|1.0
0.0040826146593865706|1.0
0.003460092854894267|1.0
0.005214430519705979|1.0
0.007994097042974858|1.0
0.003659039301433414|1.0
0.009095176096236586|1.0
0.008900747706194164|1.0
0.007071556364227192|1.0
0.00842221362265448|1.0
0.0063946357917758255|1.0
0.0007480642755083323|1.0
0.008884050260309969|1.0
0.005468962221220705|1.0
0.002404837337511162|1.0
0.008062307538840305|1.0
0.01096236556397825|1.0
0.004218812291119641|1.0
0.010688672608112983|1.0
0.010989222646391255|1.0
0.006432551298446473|1.0
0.009330497240188274|1.0
0.014671228578437044|1.0
0.014510297365110753|1.0
0.014510297365110753|1.0
0.014510297365110753|1.0
0.0035133362403347037|1.0
0.00980279118951864|1.0
0.005226023492325223|1.0
0.00459547140961386|1.0
0.006153902348947395|1.0
0.011516373731702926|1.0
0.010626502721960907|1.0
0.004419419166175266|1.0
0.0019530303598531509|1.0
