PredictedProbability|PredictedLabel
0.008650388933190301|0.0
0.00839209548536181|0.0
0.008811892452640649|0.0
0.008607359538440964|0.0
0.007969786528231828|0.0
0.008109435781889723|0.0
0.007683577023955957|0.0
0.007683577023955957|0.0
0.007683577023955957|0.0
0.007683577023955957|0.0
0.007683577023955957|0.0
0.007683577023955957|0.0
0.007683577023955957|0.0
0.008650388933190301|0.0
0.007951512135013529|0.0
0.008159293763835257|0.0
0.007683577023955957|0.0
0.007683577023955957|0.0
0.008387309064812587|0.0
0.007862739448639708|0.0
0.007969786528231828|0.0
0.009619862517076591|0.0
0.009639055124426489|0.0
0.01143548313993655|0.0
0.008951733746203033|0.0
0.009505214350550215|0.0
0.008911285108960786|0.0
0.008611290098833024|0.0
0.008109435781889723|0.0
0.008650388933190301|0.0
0.00839209548536181|0.0
0.009185410247425852|0.0
0.00839209548536181|0.0
0.008611290098833024|0.0
0.008109435781889723|0.0
0.008109435781889723|0.0
0.008109435781889723|0.0
0.007683577023955957|0.0
0.007683577023955957|0.0
0.007683577023955957|0.0
0.008109435781889723|0.0
0.007683577023955957|0.0
0.007683577023955957|0.0
0.008650388933190301|0.0
0.00839209548536181|0.0
0.008159293763835257|0.0
