PredictedProbability|PredictedLabel
0.008738002843980547|0.0
0.018737431167765564|0.0
0.03642108653602977|0.0
0.04084879226390105|0.0
0.012123945215732413|0.0
0.00908018578991831|0.0
0.007479384527811756|0.0
0.006167698735109099|0.0
0.006329164772625095|0.0
0.007248209961370072|0.0
0.007031487453645565|0.0
0.007215402698173735|0.0
0.00679434128367993|0.0
0.007248209961370072|0.0
0.007031487453645565|0.0
0.008123787273707932|0.0
0.007916902623027475|0.0
0.011087522924861832|0.0
0.008969924362805214|0.0
0.009310706704283198|0.0
0.008406942968048078|0.0
0.0093204377081334|0.0
0.009333492553706465|0.0
0.007171270731882164|0.0
0.0076501247251236784|0.0
0.007916902623027475|0.0
0.008406942968048078|0.0
0.008406942968048078|0.0
0.008835573089672541|0.0
0.008835573089672541|0.0
0.008406942968048078|0.0
0.008388875463390299|0.0
0.00864467943981199|0.0
0.007914711699743834|0.0
0.00796558638944277|0.0
0.00796558638944277|0.0
0.00796558638944277|0.0
0.00796558638944277|0.0
0.00796558638944277|0.0
0.008406942968048078|0.0
0.008371903821316256|0.0
0.009720822962901875|0.0
0.008406942968048078|0.0
0.008406942968048078|0.0
0.008887901400767662|0.0
0.008467731785717072|0.0
