PredictedProbability|PredictedLabel
0.008457812956881266|0.0
0.018212163696356226|0.0
0.01839960151929683|0.0
0.01699049508130408|0.0
0.00786149794713039|0.0
0.008887232732503112|0.0
0.017990015137248468|0.0
0.008469241086920789|0.0
0.016046527066276205|0.0
0.012782557262498431|0.0
0.00837503540520825|0.0
0.016036127892863333|0.0
0.018940883106284803|0.0
0.024993057146706587|0.0
0.030226376143932143|0.0
0.016071175106934753|0.0
0.022107584203179324|0.0
0.022003902460311038|0.0
0.01184485162577658|0.0
0.010456677343967583|0.0
0.009126343241161414|0.0
0.008457812956881266|0.0
0.008457812956881266|0.0
0.008457812956881266|0.0
0.007861454901489541|0.0
0.008715729293219454|0.0
0.0070372297593581145|0.0
0.008218689520769923|0.0
0.0070372297593581145|0.0
0.007639062095545521|0.0
0.006837992768289487|0.0
0.007702149471523357|0.0
0.007926364243831426|0.0
0.007509514832490846|0.0
0.007297004839096392|0.0
0.006837992768289487|0.0
0.006837992768289487|0.0
0.007702149471523357|0.0
0.0070372297593581145|0.0
0.008218689520769923|0.0
0.007926364243831426|0.0
0.008457812956881266|0.0
