PredictedProbability|PredictedLabel
0.008457812956881266|0.0
0.00807939265746358|0.0
0.008457812956881266|0.0
0.00807939265746358|0.0
0.00807939265746358|0.0
0.009399204559985974|0.0
0.009596656899849376|0.0
0.010094483885460918|0.0
0.016150803060107664|0.0
0.0197931733402645|0.0
0.012562954387620654|0.0
0.011394268475624098|0.0
0.009000049248785544|0.0
0.008716309927555753|0.0
0.00807939265746358|0.0
0.008457812956881266|0.0
0.008733211640922918|0.0
0.008716309927555753|0.0
0.008457812956881266|0.0
0.008457812956881266|0.0
0.008457812956881266|0.0
0.008716309927555753|0.0
0.008457812956881266|0.0
0.008326421053548966|0.0
0.008457812956881266|0.0
0.00807939265746358|0.0
0.008457812956881266|0.0
0.00807939265746358|0.0
0.008457812956881266|0.0
0.00807939265746358|0.0
0.00807939265746358|0.0
0.008733211640922918|0.0
0.009000049248785544|0.0
0.009000049248785544|0.0
0.009000049248785544|0.0
0.008716309927555753|0.0
