PredictedProbability|PredictedLabel
0.01206122004473592|0.0
0.010496728873610191|0.0
0.008457812956881266|0.0
0.008457812956881266|0.0
0.01135573528727177|0.0
0.011111455679681944|0.0
0.014952471048635351|0.0
0.05246587404556647|0.0
0.12996868680039309|0.0
0.031795058109565164|0.0
0.01660986462980107|0.0
0.034044412574439076|0.0
0.02857962977076265|0.0
0.021838352309768355|0.0
0.015273296485293077|0.0
0.03146211812285545|0.0
0.16832306800585856|0.0
0.021603234249683776|0.0
0.029988527184353273|0.0
0.025984493884603062|0.0
0.029554816751332955|0.0
0.012094717167673588|0.0
0.04342068220773206|0.0
0.08927626185128794|0.0
0.8900241190872573|1.0
0.14178549884040761|0.0
0.7103910688352337|1.0
0.14866371914242932|0.0
0.05015220773507277|0.0
0.06999639642267344|0.0
0.06608750581285427|0.0
0.014398791425378326|0.0
0.039191961209600966|0.0
0.06580412578108841|0.0
0.11551848586450336|0.0
0.07768178283337221|0.0
0.3542794887866732|0.0
0.0203090945578167|0.0
0.040989837257197105|0.0
0.026059579546113043|0.0
0.04313509297995261|0.0
0.03807771965197258|0.0
0.06534759361805063|0.0
0.03957783370129596|0.0
0.053158341403784906|0.0
0.08969311394460537|0.0
0.08472175554248662|0.0
0.12177266191059982|0.0
0.068754254123598|0.0
0.06237471361443958|0.0
0.09688214160137992|0.0
0.10024222940030178|0.0
0.04246364799147702|0.0
0.08143597174337841|0.0
0.042846301349774914|0.0
0.11672030389524206|0.0
0.06367750889133955|0.0
0.038568681510089|0.0
0.06394078740776063|0.0
0.04374226222470499|0.0
0.057232373926913896|0.0
