PredictedProbability|PredictedLabel
0.008457812956881266|0.0
0.007509514832490846|0.0
0.007297004839096392|0.0
0.006837992768289487|0.0
0.007357288270591482|0.0
0.007926364243831426|0.0
0.00807939265746358|0.0
0.00807939265746358|0.0
0.00807939265746358|0.0
0.00807939265746358|0.0
0.00807939265746358|0.0
0.00807939265746358|0.0
0.00807939265746358|0.0
0.007509514832490846|0.0
0.007297004839096392|0.0
0.007357288270591482|0.0
0.007926364243831426|0.0
0.007861454901489541|0.0
0.007297004839096392|0.0
0.006837992768289487|0.0
0.00710278031296463|0.0
0.007721305296041125|0.0
0.007814270386835822|0.0
0.0070372297593581145|0.0
