PredictedProbability|PredictedLabel
0.009619789350505569|0.0
0.009932644661359376|0.0
0.010457645037932718|0.0
0.010010616893267358|0.0
0.009619789350505569|0.0
0.009619789350505569|0.0
0.009189861638484873|0.0
0.009694729544186861|0.0
0.010156588799615842|0.0
0.010121746283096502|0.0
0.009702905481800007|0.0
0.01063656529190115|0.0
0.010156588799615842|0.0
0.010121746283096502|0.0
0.009619789350505569|0.0
0.009619789350505569|0.0
0.011753294785496545|0.0
0.009913444854997483|0.0
0.009933259385069884|0.0
0.010156588799615842|0.0
0.010121746283096502|0.0
0.009619789350505569|0.0
0.009619789350505569|0.0
0.009932644661359376|0.0
0.009913444854997483|0.0
0.009619789350505569|0.0
0.009619789350505569|0.0
0.009619789350505569|0.0
0.009189861638484873|0.0
0.009619789350505569|0.0
0.009619789350505569|0.0
0.009702905481800007|0.0
0.008988577582975435|0.0
0.009348123671726053|0.0
0.009015991471388434|0.0
0.010156588799615842|0.0
0.00854233171953084|0.0
0.009348123671726053|0.0
0.008612814025818122|0.0
0.009619789350505569|0.0
