PredictedProbability|PredictedLabel
0.008406942968048078|0.0
0.014295753175562727|0.0
0.015321513083284173|0.0
0.01104944874696999|0.0
0.010782798331058184|0.0
0.015480452676334189|0.0
0.03854929924025156|0.0
0.03617326967626977|0.0
0.01769186276160653|0.0
0.0138979329896177|0.0
0.009764051084824098|0.0
0.009020536182676887|0.0
0.008406942968048078|0.0
0.008406942968048078|0.0
0.008406942968048078|0.0
0.008406942968048078|0.0
0.008406942968048078|0.0
0.008406942968048078|0.0
0.00796558638944277|0.0
0.008835573089672541|0.0
0.008835573089672541|0.0
0.008694921099315878|0.0
0.008566977795746928|0.0
0.008262213141114994|0.0
0.00796558638944277|0.0
0.00796558638944277|0.0
0.008406942968048078|0.0
0.00796558638944277|0.0
0.007467134886183083|0.0
0.007215402698173735|0.0
0.008344473622616876|0.0
0.008116694869690133|0.0
0.007441277349344961|0.0
0.007697180710241434|0.0
0.00871324004493999|0.0
0.008406942968048078|0.0
0.008835573089672541|0.0
0.008406942968048078|0.0
0.008406942968048078|0.0
0.008406942968048078|0.0
0.008406942968048078|0.0
0.008406942968048078|0.0
0.008406942968048078|0.0
