PredictedProbability|PredictedLabel
0.011315947843161752|0.0
0.010825556870709704|0.0
0.008232698804113642|0.0
0.007715285128641797|0.0
0.007158688359665474|0.0
0.007158688359665474|0.0
0.006837992768289487|0.0
0.007702149471523357|0.0
0.0070372297593581145|0.0
0.007579431058087384|0.0
0.008020021135791852|0.0
0.01109315318320733|0.0
0.00851781424867445|0.0
0.00925120687768692|0.0
0.011202207546527426|0.0
0.007435801221687605|0.0
0.008083090275075519|0.0
0.00760342935823122|0.0
0.006837992768289487|0.0
0.007158688359665474|0.0
0.007158688359665474|0.0
0.007158688359665474|0.0
0.007158688359665474|0.0
0.007702149471523357|0.0
0.0073672000696248146|0.0
0.007639062095545521|0.0
0.006837992768289487|0.0
0.007702149471523357|0.0
0.0070372297593581145|0.0
0.007639062095545521|0.0
0.006837992768289487|0.0
0.007158688359665474|0.0
0.006837992768289487|0.0
0.007702149471523357|0.0
0.007926364243831426|0.0
0.011015212203524763|0.0
0.007509514832490846|0.0
0.008232698804113642|0.0
0.010078161439303769|0.0
0.006837992768289487|0.0
0.006837992768289487|0.0
0.007357288270591482|0.0
0.0070372297593581145|0.0
0.007850883393483471|0.0
0.008471602496785155|0.0
0.008700993828656111|0.0
0.007926364243831426|0.0
