PredictedProbability|PredictedLabel
0.008457812956881266|0.0
0.00873375278747767|0.0
0.00873375278747767|0.0
0.010010860417838049|0.0
0.009855581772238888|0.0
0.010010860417838049|0.0
0.009261651035967787|0.0
0.01045057237972839|0.0
0.009563623728377832|0.0
0.01061512484108374|0.0
0.010010860417838049|0.0
0.009544479302196198|0.0
0.008457812956881266|0.0
0.008969183359782189|0.0
0.008969183359782189|0.0
0.008457812956881266|0.0
0.008457812956881266|0.0
0.009018054755107226|0.0
0.011510284418977711|0.0
0.011065819741004882|0.0
0.014410127408416865|0.0
0.012544612189195566|0.0
0.013889381258258143|0.0
0.012712236533666876|0.0
0.00807939265746358|0.0
0.008733211640922918|0.0
0.010316329479866158|0.0
0.00807939265746358|0.0
0.00807939265746358|0.0
0.008457812956881266|0.0
0.008457812956881266|0.0
0.00807939265746358|0.0
