PredictedProbability|PredictedLabel
0.008457812956881266|0.0
0.015589630391982046|0.0
0.019319100500141573|0.0
0.01668368258627074|0.0
0.014024741744676949|0.0
0.011506224842368986|0.0
0.012275061765015933|0.0
0.014187782864567849|0.0
0.017062496170319755|0.0
0.013431955970568342|0.0
0.011537520522020873|0.0
0.02939518197515732|0.0
0.02007076762095589|0.0
0.01651425175415813|0.0
0.01708190522367599|0.0
0.08191695466280081|0.0
0.08337477074264796|0.0
0.01768486832912969|0.0
0.03720794884447129|0.0
0.04263065868952555|0.0
0.02114574732506724|0.0
0.04589974988335547|0.0
0.013096113497242962|0.0
0.012208334042006972|0.0
0.00807939265746358|0.0
0.027752294287442362|0.0
0.02301612084754747|0.0
0.031411080746126266|0.0
0.029905567722949503|0.0
0.013883994792773037|0.0
0.012063536018183284|0.0
0.008523779015745523|0.0
0.009197475084250797|0.0
0.008568080983515226|0.0
0.00807939265746358|0.0
0.00807939265746358|0.0
0.008568080983515226|0.0
0.011763037575539401|0.0
0.018847980324677598|0.0
0.012765017462443089|0.0
0.012327912934817702|0.0
0.01778348553372465|0.0
0.01240925147144622|0.0
0.011182276222249043|0.0
0.008086843309868778|0.0
0.008479659554911978|0.0
0.007252143037331985|0.0
0.007158688359665474|0.0
0.007158688359665474|0.0
0.007158688359665474|0.0
0.007158688359665474|0.0
0.007047334881437414|0.0
0.006837992768289487|0.0
0.007158688359665474|0.0
0.006837992768289487|0.0
