PredictedProbability|PredictedLabel
0.0076501247251236784|0.0
0.007421474746167469|0.0
0.007615512247354667|0.0
0.007171270731882164|0.0
0.007171270731882164|0.0
0.007171270731882164|0.0
0.008333038041424384|0.0
0.007587267500509952|0.0
0.00861850657795577|0.0
0.008264515938911242|0.0
0.008521340433539136|0.0
0.007338575756968503|0.0
0.007438540126122885|0.0
0.007171270731882164|0.0
0.007171270731882164|0.0
0.00789537196082003|0.0
0.007743318379526241|0.0
0.007935098111893983|0.0
0.007916902623027475|0.0
0.007881092712458895|0.0
0.007615512247354667|0.0
0.00679434128367993|0.0
0.007171270731882164|0.0
0.00679434128367993|0.0
0.00679434128367993|0.0
0.007171270731882164|0.0
0.007895530507879453|0.0
0.007587267500509952|0.0
0.00679434128367993|0.0
0.007171270731882164|0.0
0.00679434128367993|0.0
0.007171270731882164|0.0
0.007171270731882164|0.0
0.008333038041424384|0.0
0.007587267500509952|0.0
0.008333038041424384|0.0
0.009383267801065782|0.0
0.00976311617174297|0.0
