PredictedProbability|PredictedLabel
0.007702149471523357|0.0
0.007926364243831426|0.0
0.007509514832490846|0.0
0.008218689520769923|0.0
0.0070372297593581145|0.0
0.007297004839096392|0.0
0.006837992768289487|0.0
0.006837992768289487|0.0
0.006837992768289487|0.0
0.006837992768289487|0.0
0.006837992768289487|0.0
0.007158688359665474|0.0
0.007158688359665474|0.0
0.006837992768289487|0.0
0.006837992768289487|0.0
0.006837992768289487|0.0
0.006837992768289487|0.0
0.007158688359665474|0.0
0.007158688359665474|0.0
0.007702149471523357|0.0
0.0070372297593581145|0.0
0.008218689520769923|0.0
0.0070372297593581145|0.0
0.008218689520769923|0.0
0.0070372297593581145|0.0
0.008218689520769923|0.0
0.007926364243831426|0.0
0.008457812956881266|0.0
0.00903927537965669|0.0
0.009186998630326503|0.0
0.007405437346760448|0.0
0.008218689520769923|0.0
0.0070372297593581145|0.0
0.008218689520769923|0.0
0.007926364243831426|0.0
0.007509514832490846|0.0
0.007297004839096392|0.0
0.007702149471523357|0.0
0.0070372297593581145|0.0
