PredictedProbability|PredictedLabel
0.008406942968048078|0.0
0.007467134886183083|0.0
0.007215402698173735|0.0
0.00679434128367993|0.0
0.00679434128367993|0.0
0.00679434128367993|0.0
0.009361942828540921|0.0
0.009334999734376624|0.0
0.007979244799991531|0.0
0.008695300481835729|0.0
0.008047289874254095|0.0
0.00679434128367993|0.0
0.00679434128367993|0.0
0.007248209961370072|0.0
0.007434346494047473|0.0
0.007670622666289552|0.0
0.007664095178408827|0.0
0.008146641552542378|0.0
0.007974910125930415|0.0
0.008211616520847242|0.0
0.007031487453645565|0.0
0.007697180710241434|0.0
0.0075010780866959555|0.0
0.00796558638944277|0.0
0.00796558638944277|0.0
0.008421509402752025|0.0
0.008467731785717072|0.0
0.008968386525279235|0.0
0.00796558638944277|0.0
0.00796558638944277|0.0
0.00796558638944277|0.0
0.00796558638944277|0.0
0.00796558638944277|0.0
0.008406942968048078|0.0
0.00796558638944277|0.0
0.00796558638944277|0.0
0.00796558638944277|0.0
0.00796558638944277|0.0
0.008421509402752025|0.0
0.008467731785717072|0.0
0.008497807287964237|0.0
0.00796558638944277|0.0
