PredictedProbability|PredictedLabel
0.007702149471523357|0.0
0.0075715405022306614|0.0
0.007509514832490846|0.0
0.007850883393483471|0.0
0.0075715405022306614|0.0
0.007861454901489541|0.0
0.007297004839096392|0.0
0.006837992768289487|0.0
0.006837992768289487|0.0
0.006837992768289487|0.0
0.006837992768289487|0.0
0.007158688359665474|0.0
0.007158688359665474|0.0
0.007158688359665474|0.0
0.007158688359665474|0.0
0.00739210102182932|0.0
0.0076182767886366935|0.0
0.0073777754926112465|0.0
0.0076182767886366935|0.0
0.0076182767886366935|0.0
0.0076182767886366935|0.0
0.0073777754926112465|0.0
0.007158688359665474|0.0
0.008618957571205755|0.0
0.008405770466669987|0.0
0.006837992768289487|0.0
0.006837992768289487|0.0
0.006837992768289487|0.0
0.007158688359665474|0.0
0.007158688359665474|0.0
0.006837992768289487|0.0
0.006837992768289487|0.0
0.007214595721459181|0.0
0.006837992768289487|0.0
0.007702149471523357|0.0
0.0070372297593581145|0.0
0.007698691951844246|0.0
0.006837992768289487|0.0
0.007357288270591482|0.0
0.007926364243831426|0.0
0.007509514832490846|0.0
0.007297004839096392|0.0
