PredictedProbability|PredictedLabel
0.009061082992196445|0.0
0.009630203736386522|0.0
0.016565609388531653|0.0
0.02027593430957325|0.0
0.025972715875096416|0.0
0.029778313041979032|0.0
0.010447393918052956|0.0
0.008730772291184692|0.0
0.007630625084879777|0.0
0.007509514832490846|0.0
0.007297004839096392|0.0
0.007158688359665474|0.0
0.007357288270591482|0.0
0.007926364243831426|0.0
0.008457812956881266|0.0
0.007509514832490846|0.0
0.007850883393483471|0.0
0.007926364243831426|0.0
0.00807939265746358|0.0
0.007509514832490846|0.0
