PredictedProbability|PredictedLabel
0.008589746205317375|0.0
0.008444213924679063|0.0
0.008375099688720663|0.0
0.008138295568870033|0.0
0.00798416047983544|0.0
0.00798416047983544|0.0
0.00798416047983544|0.0
0.00798416047983544|0.0
0.00798416047983544|0.0
0.00798416047983544|0.0
0.00798416047983544|0.0
0.00798416047983544|0.0
0.009009966464171503|0.0
0.008228301294490979|0.0
0.008228301294490979|0.0
0.00798416047983544|0.0
0.008589746205317375|0.0
0.008216516805714945|0.0
0.00916526259138564|0.0
0.00883956934352579|0.0
