PredictedProbability|PredictedLabel
0.008406942968048078|0.0
0.008406942968048078|0.0
0.008406942968048078|0.0
0.008406942968048078|0.0
0.008406942968048078|0.0
0.00796558638944277|0.0
0.008406942968048078|0.0
0.008406942968048078|0.0
0.00796558638944277|0.0
0.008406942968048078|0.0
0.008406942968048078|0.0
0.007881092712458895|0.0
0.008123787273707932|0.0
0.007916902623027475|0.0
0.008406942968048078|0.0
0.008406942968048078|0.0
0.009357500089734927|0.0
0.008406942968048078|0.0
0.00955183637776216|0.0
0.008406942968048078|0.0
0.011462447694425669|0.0
0.00796558638944277|0.0
0.008406942968048078|0.0
0.00796558638944277|0.0
0.008406942968048078|0.0
0.008694921099315878|0.0
0.00889745417546395|0.0
0.008922969497815002|0.0
0.009018460303370456|0.0
0.008602826307595275|0.0
0.008262213141114994|0.0
0.00796558638944277|0.0
0.00796558638944277|0.0
0.00796558638944277|0.0
0.00796558638944277|0.0
0.007467134886183083|0.0
0.007215402698173735|0.0
0.00679434128367993|0.0
0.00679434128367993|0.0
0.00679434128367993|0.0
0.00679434128367993|0.0
0.007248209961370072|0.0
0.0075010780866959555|0.0
0.00796558638944277|0.0
0.008406942968048078|0.0
0.00796558638944277|0.0
0.00796558638944277|0.0
0.00796558638944277|0.0
0.00796558638944277|0.0
