PredictedProbability|PredictedLabel
0.3228692887043692|0.0
0.24909855081661797|0.0
0.24855468649097628|0.0
0.21790697654550883|0.0
0.3178319062805267|0.0
0.47993385330773175|0.0
0.44870850117312194|0.0
0.5306750338003012|1.0
0.4180689128020543|0.0
0.3816992028873601|0.0
0.340418253766192|0.0
0.296366468543977|0.0
0.29400067604145186|0.0
0.30661014255971963|0.0
0.30362187762912984|0.0
0.286409808788969|0.0
0.2707540813190922|0.0
0.3198110253644741|0.0
0.40371731244937087|0.0
0.4278494111998531|0.0
0.43390254948851914|0.0
0.40535961826915506|0.0
0.36992091757336837|0.0
0.32850125467867336|0.0
0.3223388002411147|0.0
0.3337133590695969|0.0
0.347274336754754|0.0
0.2648335809550809|0.0
0.27897647497255956|0.0
0.31577983676734167|0.0
0.3277661284093617|0.0
0.5088307419878497|1.0
0.4416033266513146|0.0
0.4477521027374038|0.0
0.38200676362270863|0.0
0.3696104587985566|0.0
0.3468789754662244|0.0
0.35556097145409604|0.0
0.3529883838141227|0.0
0.3715077812225334|0.0
0.4000472013121365|0.0
0.4126823324054928|0.0
0.45339903342451365|0.0
0.425610746180182|0.0
0.38695473662446117|0.0
0.41614911116124675|0.0
0.40472775235051855|0.0
0.41476929200344076|0.0
0.37405728236663405|0.0
0.4122405665692779|0.0
0.34481388426047344|0.0
0.39366704375370554|0.0
0.37418473002286345|0.0
0.3714952024517224|0.0
0.43464501503150815|0.0
0.4290056836424907|0.0
0.4141456680122407|0.0
0.3923106061394042|0.0
0.4254313053520853|0.0
