PredictedProbability|PredictedLabel
0.48071189798205055|0.0
0.5230587646309762|1.0
0.5660302620315232|1.0
0.5716788750325222|1.0
0.5818462209814212|1.0
0.590685456633237|1.0
0.6003909944482652|1.0
0.636115596650521|1.0
0.6544061837816662|1.0
0.5388933605588345|1.0
0.43229875326390427|0.0
0.34437977803921177|0.0
0.2964304103491547|0.0
0.29835132424482175|0.0
0.30066855186134017|0.0
0.2929374682116208|0.0
0.3374556599389783|0.0
0.34259959659400435|0.0
0.3485484331375043|0.0
0.3429986689846975|0.0
0.3224331543775709|0.0
