PredictedProbability|PredictedLabel
0.3760994335738055|0.0
0.3369808115009632|0.0
0.38744602994993355|0.0
0.3964915011268138|0.0
0.40976262798008584|0.0
0.4286410859084062|0.0
0.3944970662041689|0.0
0.3870452439290492|0.0
0.38858007455701743|0.0
0.37110649180331384|0.0
0.3706864509907124|0.0
0.354259023467753|0.0
0.3557497392914906|0.0
0.36082440167559826|0.0
0.3597790547098843|0.0
0.3621695172722336|0.0
0.36738503430930997|0.0
0.3649996555450181|0.0
0.3483734429493121|0.0
0.33605284891895615|0.0
0.34300407671522054|0.0
0.3599086853175457|0.0
0.3800162063430616|0.0
0.39460931134657073|0.0
0.41307594276068654|0.0
0.41308250635434623|0.0
0.4118011845943779|0.0
0.43539698553369177|0.0
0.43217408161047777|0.0
0.4290600618757518|0.0
0.40410430245398915|0.0
0.3951754880942536|0.0
0.4003636031694423|0.0
0.4160862562001859|0.0
0.43173820261741364|0.0
0.445702462842762|0.0
0.4441219572105265|0.0
0.4341402371833946|0.0
0.48811780981569824|0.0
0.5206833617568737|1.0
0.5334939131062724|1.0
0.5483805113484138|1.0
0.5691091273361267|1.0
0.5319668705317274|1.0
0.5343373916169456|1.0
0.5259541331733392|1.0
0.5111386924061929|1.0
0.5057563887014304|1.0
0.5269676215650628|1.0
0.5354482943542609|1.0
0.5327780544996021|1.0
0.5115376890225163|1.0
0.49954630280208345|0.0
0.4903275833880188|0.0
0.4693014134780574|0.0
0.4483667333029799|0.0
