PredictedProbability|PredictedLabel
0.7336993341069479|1.0
0.7540973901422965|1.0
0.7797981197708418|1.0
0.758610765885651|1.0
0.3921738420601842|0.0
0.29854532350804214|0.0
0.27318065109138934|0.0
0.27861715458485004|0.0
0.3877060599319875|0.0
0.41093399594543617|0.0
0.4351181758452895|0.0
0.44420512365279996|0.0
0.4417507849979849|0.0
0.45707882194516036|0.0
0.43779427455894426|0.0
0.44500009519145634|0.0
0.39136566355825975|0.0
0.3460995751454394|0.0
0.4566441909404238|0.0
0.506689639674538|1.0
0.528054908194253|1.0
0.5694294110290605|1.0
0.6245848426530679|1.0
0.5913984592717916|1.0
0.5251110215497204|1.0
0.4915327944677999|0.0
0.5454233833333112|1.0
0.5352755155017215|1.0
0.37151751400388|0.0
0.41721626480926605|0.0
0.3556108200888656|0.0
0.36744689627698723|0.0
0.4749641894957078|0.0
0.47650870905127535|0.0
0.533540600877302|1.0
0.5158851437146061|1.0
0.5019076933812203|1.0
0.4951689124440172|0.0
0.495294376117964|0.0
0.4722885746265718|0.0
