PredictedProbability|PredictedLabel
0.31155029150704333|0.0
0.2792515257379556|0.0
0.24971850750997562|0.0
0.23737100942226683|0.0
0.1766294917967812|0.0
0.27274591427966655|0.0
0.22002399637109712|0.0
0.18291506130672378|0.0
0.24800545969732787|0.0
0.2559022700413877|0.0
0.32736397925854843|0.0
0.17814148962862822|0.0
0.17758274234232202|0.0
0.18176748113932212|0.0
0.2169306199414354|0.0
0.2311607324378866|0.0
0.24581232127618344|0.0
0.2123116617243189|0.0
0.23987911895020708|0.0
0.23313808729102922|0.0
0.24135952172796613|0.0
