PredictedProbability|PredictedLabel
0.3961413546026681|0.0
0.38396327238563743|0.0
0.3377229875814454|0.0
0.32900587066052606|0.0
0.32971593387343306|0.0
0.34553017848123446|0.0
0.36793477198525487|0.0
0.40811307880934994|0.0
0.405984090661282|0.0
0.4056579565892966|0.0
0.40848526957260084|0.0
0.42458488051669496|0.0
0.44104828644404065|0.0
0.4529219850948935|0.0
0.4358301677889848|0.0
0.5134623436942914|1.0
0.5479499038123329|1.0
0.5517176638371645|1.0
0.5398683391259496|1.0
0.4935513887549403|0.0
0.4299788201149358|0.0
0.442871166142286|0.0
0.4726719792261367|0.0
0.48842929711681465|0.0
0.4651997407343483|0.0
0.47550846477824793|0.0
0.47843103175786766|0.0
0.49041421505224014|0.0
0.4893913814194236|0.0
0.5098851412152944|1.0
0.505707118517774|1.0
0.513260168049452|1.0
0.5120452753451884|1.0
0.5096194536535974|1.0
0.5053255834047811|1.0
0.5359332606546583|1.0
0.5408097841109112|1.0
0.5365514945328185|1.0
0.53257875940056|1.0
0.5264022488688859|1.0
0.48636489872608696|0.0
0.45981301591927676|0.0
0.4443502405241618|0.0
0.4325714554345779|0.0
0.4012885739232612|0.0
0.3973398093017731|0.0
0.381919000617045|0.0
0.39473035846403837|0.0
0.39321489800177|0.0
0.3789934926382752|0.0
0.3759901654209138|0.0
0.3831063584984237|0.0
0.40854338532996887|0.0
0.4249442468363812|0.0
0.4473307369535127|0.0
0.46067960361869215|0.0
0.4067059734655912|0.0
0.39320790918518905|0.0
0.3840872855402348|0.0
0.380398652662374|0.0
0.38818267787214383|0.0
0.3634834643333567|0.0
0.3663369573864014|0.0
0.35756840603435597|0.0
0.346113150317243|0.0
0.3420311197787186|0.0
0.346904871620468|0.0
0.3488532890683365|0.0
0.3531692335189159|0.0
0.3747777911250767|0.0
0.3836411426442825|0.0
0.3762038019355357|0.0
0.3681833239340634|0.0
0.3698283552832797|0.0
0.3672123469129746|0.0
0.3243336712717937|0.0
0.30407119414511624|0.0
0.2861370379071102|0.0
0.2988980071862862|0.0
0.30442995691538255|0.0
0.37076043309812373|0.0
0.39971717291703796|0.0
0.4251435482202457|0.0
0.41614563212454225|0.0
0.42224622908897413|0.0
0.4328383687997196|0.0
0.43410555378960625|0.0
0.4580790207049708|0.0
0.4688232890757754|0.0
0.4681315057390085|0.0
0.4461868011480534|0.0
0.4255443095513288|0.0
0.3924153809680371|0.0
0.4128220423594453|0.0
0.41383672999918947|0.0
0.4066182585303127|0.0
0.4083287125070776|0.0
0.39612071694052275|0.0
0.38706989980542944|0.0
0.38379363728234084|0.0
0.3821883446257198|0.0
0.38863668275165025|0.0
0.3969926436994794|0.0
0.3921895906515485|0.0
0.3960380228577229|0.0
0.39962788754195117|0.0
0.38089229884949444|0.0
0.3786692086611491|0.0
0.3750275977886789|0.0
0.37042792532335594|0.0
0.3535695500375642|0.0
0.34140865573134094|0.0
0.32508428511397097|0.0
0.31713537078920867|0.0
0.33045869091101715|0.0
0.3527382812197979|0.0
0.37478428360811866|0.0
0.3736630639165591|0.0
0.37489913627267|0.0
0.39046749087044696|0.0
0.3920436985193356|0.0
0.3844460528519985|0.0
0.3980816673313525|0.0
0.3787491296150609|0.0
0.36068767391755086|0.0
0.3684113831106608|0.0
0.3634170973563693|0.0
0.37372480758916443|0.0
0.409230900337718|0.0
0.4131185090010226|0.0
0.41305265516023487|0.0
0.41691057708067564|0.0
0.4067884683301838|0.0
0.4080268786325076|0.0
0.41342095825705105|0.0
0.4106330278071272|0.0
0.4222223219289263|0.0
0.4300379139609437|0.0
0.4494313654418373|0.0
0.4654359168607325|0.0
0.4788165945627359|0.0
0.47179993148328403|0.0
0.48298282569386447|0.0
0.47824597396175267|0.0
0.47768040289278296|0.0
0.4576755707145674|0.0
0.45365418466423857|0.0
0.4558911306793603|0.0
0.4648960740197871|0.0
0.48038173383306304|0.0
0.46538433015312036|0.0
0.4336694407847453|0.0
0.4228393990574878|0.0
0.41010265946179336|0.0
0.37291786642195845|0.0
0.3672600530236064|0.0
0.38209942098597854|0.0
0.38964044642054096|0.0
0.3965940673879331|0.0
0.4517641264714367|0.0
0.4650894648207664|0.0
0.46831840664320046|0.0
0.478129921818217|0.0
0.46702440726269856|0.0
0.4766776635869111|0.0
0.4933091952185866|0.0
0.5067429880790802|1.0
0.5150125416746681|1.0
0.5190738416719639|1.0
0.5249784568626465|1.0
0.5196559023551268|1.0
0.5174445244596827|1.0
0.5178590666682898|1.0
0.5019407570729144|1.0
0.5016726415993131|1.0
0.534383955919994|1.0
0.5445337729688281|1.0
0.5238064469970987|1.0
0.5273294350377626|1.0
0.5191533139986506|1.0
0.4764961401653992|0.0
0.4966455179570176|0.0
0.498974052257456|0.0
0.4694557983507507|0.0
0.42868277888087636|0.0
0.416411543859259|0.0
0.43725384232019504|0.0
0.46440908416163784|0.0
0.5266182776495215|1.0
0.5388521550669528|1.0
0.5335703154270692|1.0
0.5055588096456947|1.0
0.5072521451659711|1.0
0.5079179175587332|1.0
