PredictedProbability|PredictedLabel
0.3012212882065346|0.0
0.3268651431585386|0.0
0.340612266319606|0.0
0.32408040863525484|0.0
0.2810125512639709|0.0
0.2601303688482923|0.0
0.23524064628902294|0.0
0.24569411215410514|0.0
0.23028935997421152|0.0
0.22123612844814305|0.0
0.2432280103791556|0.0
0.24668695056240741|0.0
0.2673549790285771|0.0
0.30252702932677183|0.0
0.31319053699000493|0.0
0.32067991358936704|0.0
0.33497295982476183|0.0
0.3434850521401089|0.0
0.368970131696859|0.0
0.3460526111448887|0.0
0.35748863983247664|0.0
0.3465643382076777|0.0
0.32839489232696717|0.0
0.3244517219328826|0.0
0.31106637735260534|0.0
0.30060285875881054|0.0
0.3187474475391298|0.0
0.3127435542171387|0.0
0.3146072281769586|0.0
0.3478804790056096|0.0
0.3444681766833374|0.0
0.36848327749225657|0.0
0.35402158216286006|0.0
0.35839195745468017|0.0
0.3562947798804483|0.0
0.33371104360688253|0.0
0.30799362988623696|0.0
0.27065720169891005|0.0
0.23703136146857873|0.0
0.2379212029443883|0.0
0.29704629002161|0.0
0.35461926512345066|0.0
