PredictedProbability|PredictedLabel
0.6936454027986154|1.0
0.4881955949254435|0.0
0.5164319010136799|1.0
0.44233525957622505|0.0
0.49131283641017104|0.0
0.31839354090052085|0.0
0.36455183010201647|0.0
0.3810765791766787|0.0
0.3569011962509939|0.0
0.3650621176687035|0.0
0.40120237161441447|0.0
0.38657705036045104|0.0
0.31739053671456663|0.0
0.4465995330748014|0.0
0.5044560408321582|1.0
0.534444520791862|1.0
0.5301754877288534|1.0
0.57726983425971|1.0
0.567293997710699|1.0
0.5836901460544687|1.0
0.5985125215819335|1.0
0.5828302515011218|1.0
0.5445749473808708|1.0
0.48185733438378275|0.0
0.6383073874154064|1.0
0.5915958153864235|1.0
0.5738043463514633|1.0
0.6085375673289481|1.0
0.40628062042993196|0.0
0.6807283882799183|1.0
0.7128202720374659|1.0
0.7352349670869787|1.0
0.7082003767963035|1.0
0.7311998737365494|1.0
0.7594845720000801|1.0
0.7407584753240365|1.0
0.7067921981217412|1.0
0.6930540661930688|1.0
0.6843288650780713|1.0
0.6588656928118605|1.0
0.6849648307432141|1.0
0.7172094744270028|1.0
0.717126868131434|1.0
0.7692551521388087|1.0
0.7699539946554566|1.0
0.7722189615955997|1.0
0.7468926597215866|1.0
0.56884142262515|1.0
0.5569114165291057|1.0
0.5731769309117922|1.0
0.5409769273530802|1.0
0.5331726294789081|1.0
0.6379678458053811|1.0
