PredictedProbability|PredictedLabel
0.3279367242753437|0.0
0.4906793653703679|0.0
0.4339024555115291|0.0
0.48255708130155595|0.0
0.271197429252273|0.0
0.2273339057696468|0.0
0.2266882904832328|0.0
0.18528038119021564|0.0
0.2191045906610235|0.0
0.364648412667347|0.0
0.4034291233802701|0.0
0.398731235706373|0.0
0.4316810784669206|0.0
0.4524400101802878|0.0
0.42418108773410607|0.0
0.40666370565508975|0.0
0.4256875906270877|0.0
0.3905636662041596|0.0
0.42765469798504935|0.0
0.4485411926528117|0.0
0.418697942059874|0.0
0.4259626853222364|0.0
0.46078003889786606|0.0
0.4657668666342065|0.0
0.4504824069367015|0.0
0.4495181320150448|0.0
0.3868185608555333|0.0
0.3816959340388102|0.0
0.4325809590356998|0.0
0.3858797458167004|0.0
0.39500133185292063|0.0
0.5105417585853425|1.0
0.42284859414133774|0.0
