PredictedProbability|PredictedLabel
0.45014232873763826|0.0
0.42692643875882635|0.0
0.4196805003111908|0.0
0.45948507870629757|0.0
0.5223623147023401|1.0
0.6155726232935103|1.0
0.6138987121529226|1.0
0.6181064576775197|1.0
0.554593374279912|1.0
0.4898575760572536|0.0
0.5066200204609681|1.0
0.5174047171351298|1.0
0.4956326237887625|0.0
0.5165304366364732|1.0
0.5391662187065069|1.0
0.5793992576249345|1.0
0.44239160601480276|0.0
0.3895330411996948|0.0
0.329644455757043|0.0
0.30547152154289237|0.0
0.2873558671175416|0.0
0.31217197215091735|0.0
0.30066123247574383|0.0
0.30938491918476513|0.0
0.3103237679158006|0.0
0.31310684099164354|0.0
0.3107078775491623|0.0
0.33611090953254613|0.0
0.315225260616983|0.0
0.26565864511232123|0.0
0.27961778706712104|0.0
0.27092409489986596|0.0
0.2985333323110971|0.0
0.312145541547424|0.0
0.35269101079472337|0.0
0.34385141740725556|0.0
0.3159352210769814|0.0
0.3328665809514995|0.0
0.32029346075225185|0.0
0.3457080245536278|0.0
0.38088959098125036|0.0
0.38404275891935|0.0
0.37505261050162114|0.0
0.3799889880239273|0.0
0.342591515122429|0.0
0.34693380618488867|0.0
0.36502052549136155|0.0
