PredictedProbability|PredictedLabel
0.30467542651054946|0.0
0.2658754974614258|0.0
0.2913276433951523|0.0
0.32629785779510323|0.0
0.34906682728073507|0.0
0.36966923865897805|0.0
0.368922424958658|0.0
0.33513434091764815|0.0
0.3495158404834677|0.0
0.35618150483433775|0.0
0.3698596402075676|0.0
0.3637931644023794|0.0
0.36499330064826|0.0
0.3655005499967429|0.0
0.3882626884208422|0.0
0.4037592360115473|0.0
0.42847568997572205|0.0
0.4296160305381864|0.0
0.44082738585545894|0.0
0.4630237036798702|0.0
