PredictedProbability|PredictedLabel
0.6840229306226729|1.0
0.7705850208977508|1.0
0.6841120543391926|1.0
0.7176095679196509|1.0
0.5914549249720511|1.0
0.4451575355680773|0.0
0.35920912906004104|0.0
0.477497266984149|0.0
0.5045960344361496|1.0
0.6352871745764276|1.0
0.6823596236274366|1.0
0.39580362497131516|0.0
0.36505240195363003|0.0
0.470735882714006|0.0
0.4402419533583687|0.0
0.5396874918375163|1.0
0.586701683584071|1.0
0.556939410339437|1.0
0.47448073784627587|0.0
0.42809889805180334|0.0
0.5045042668308104|1.0
0.5608247109210235|1.0
0.591030784360974|1.0
0.6481157046254242|1.0
0.6013785542266455|1.0
0.510197807345238|1.0
0.5216205786326784|1.0
0.4915832415038169|0.0
0.4760631087249442|0.0
0.5249249176489034|1.0
0.4869551943064195|0.0
0.47012260810750456|0.0
0.4821547826242009|0.0
0.4628883836945488|0.0
0.6008496014750694|1.0
0.49565901163747755|0.0
0.4784338246533328|0.0
0.44748669853911865|0.0
0.39372282300755723|0.0
0.3738281196470253|0.0
0.38863743594195715|0.0
