PredictedProbability|PredictedLabel
0.07992974106623388|0.0
0.27641417693779224|0.0
0.1686704268799821|0.0
0.32955938649243677|0.0
0.2799776016811454|0.0
0.5105719559089242|1.0
0.31569319518271827|0.0
0.329211990718953|0.0
0.4019687570956174|0.0
0.4191130709276855|0.0
0.4027721769014417|0.0
0.49386761574472166|0.0
0.5042333939795008|1.0
0.4045606798793102|0.0
0.704180177113309|1.0
0.792991170016111|1.0
0.7128999623089766|1.0
0.689583588721594|1.0
0.7382173659152301|1.0
0.7038528588555426|1.0
0.6853624044758537|1.0
0.6547796482756421|1.0
0.6229992802467773|1.0
0.5885744230550912|1.0
0.5688977047542465|1.0
0.6193371791093312|1.0
0.6506864857065979|1.0
0.5417159520406696|1.0
0.5290963893465747|1.0
0.5037432546667218|1.0
0.4659070161378695|0.0
0.5061561670626513|1.0
0.4717806708938806|0.0
0.5164681150309497|1.0
0.5680960444424377|1.0
0.4825143076937205|0.0
0.4937862246898932|0.0
0.4723648907348747|0.0
0.3730853369022288|0.0
0.4083248488734893|0.0
0.4532053978759772|0.0
0.4844160106050085|0.0
0.5259156753775454|1.0
0.5908033768058841|1.0
0.5773716830246596|1.0
0.5724636623893077|1.0
0.5783348258498565|1.0
0.5958271043526316|1.0
0.5543015159556826|1.0
0.5696165545632127|1.0
0.5430390684889039|1.0
0.5295794820134451|1.0
0.4873317479016642|0.0
0.3805112982084011|0.0
0.44881065791746105|0.0
0.46504180289209607|0.0
0.4713654973959284|0.0
0.5122336936270937|1.0
