PredictedProbability|PredictedLabel
0.3916370909942293|0.0
0.46128760015234477|0.0
0.48492143762127254|0.0
0.5133605081913056|1.0
0.530202089480065|1.0
0.4481076314335555|0.0
0.39485793110540857|0.0
0.3637664462478352|0.0
0.31641784463019323|0.0
0.3185631207725452|0.0
0.30971233152985345|0.0
0.2861439591777633|0.0
0.29774475262153466|0.0
0.3384623898092779|0.0
0.30010743824855396|0.0
0.28966636831186965|0.0
0.2919969826484225|0.0
0.28381442228700204|0.0
0.29335825681211686|0.0
0.3309828505185975|0.0
0.31239702965751603|0.0
0.30465927566910816|0.0
0.30328773633539463|0.0
0.2982986698485756|0.0
0.2933489996686779|0.0
0.30107146878616825|0.0
0.30137505442969514|0.0
0.2596532711179027|0.0
0.2525025980956433|0.0
0.2544923131551139|0.0
0.24028921652051236|0.0
0.3147488477273061|0.0
0.2958860963648438|0.0
0.2528165749352001|0.0
0.25043284675387406|0.0
0.2410214574798539|0.0
0.2353614987323946|0.0
0.2206131364592005|0.0
0.2189019996676173|0.0
0.20914851457878708|0.0
0.22088713925476205|0.0
0.22676586422613998|0.0
0.24176924158797086|0.0
0.2495421722181192|0.0
0.2502218637068586|0.0
0.25673382303012293|0.0
0.2551842201271996|0.0
0.23578951693612205|0.0
0.2305203276097138|0.0
0.21925748670252176|0.0
0.21533986757536452|0.0
0.21074542632349927|0.0
0.2324186521349182|0.0
0.2295585938281302|0.0
