PredictedProbability|PredictedLabel
0.7605962770753172|1.0
0.6561117698783487|1.0
0.7331651131626613|1.0
0.7776473310162257|1.0
0.8329917165893551|1.0
0.8804504047256546|1.0
0.888366719612435|1.0
0.879595954678831|1.0
0.88452541423636|1.0
0.8858661314587665|1.0
0.8859465790574227|1.0
0.8859155057582506|1.0
0.8908024368584461|1.0
0.887273728446497|1.0
0.8814109897089943|1.0
0.8864660466891751|1.0
0.8659103792788783|1.0
0.8472538288537105|1.0
0.8693562160689685|1.0
0.871269644846953|1.0
0.877877468634625|1.0
0.8782635813078555|1.0
0.8496593548767666|1.0
0.8498091855043688|1.0
0.8631353450843973|1.0
0.8671878801332569|1.0
0.8776438089379047|1.0
0.8883174572645359|1.0
0.8759677915249992|1.0
0.8929338181496047|1.0
0.9021708220195266|1.0
0.9130787427073823|1.0
0.9144722423828238|1.0
0.9098092884500936|1.0
0.9067393820864654|1.0
0.906306726633386|1.0
0.9057828250605702|1.0
0.9084784400280073|1.0
0.90991151651186|1.0
0.9132760971054548|1.0
0.9091935475447596|1.0
0.9096275098864121|1.0
0.9115005890404229|1.0
0.913388900211284|1.0
0.9164962864963974|1.0
0.9063386026151632|1.0
0.8993314449203483|1.0
0.8974458858846434|1.0
0.8980277638218483|1.0
0.8969069279649727|1.0
0.8996496265082004|1.0
0.8996852548406672|1.0
0.90314229479276|1.0
0.9113704679612292|1.0
0.9065350012714467|1.0
0.9052056499021968|1.0
0.9103285566454651|1.0
