PredictedProbability|PredictedLabel
0.6220241219735546|1.0
0.6478951855485168|1.0
0.650705695588149|1.0
0.626132771728981|1.0
0.6220250449503069|1.0
0.602781708292624|1.0
0.609278557391649|1.0
0.6363753046104089|1.0
0.6702228867566938|1.0
0.6654400553377039|1.0
0.6610485951530457|1.0
0.6366474969086687|1.0
0.6498922915707822|1.0
0.6530192473172404|1.0
0.6745644740967253|1.0
0.6616497605031737|1.0
0.6770811803310011|1.0
0.6623753259332376|1.0
0.6487192154295818|1.0
0.621012943236687|1.0
0.5896132896276344|1.0
0.579093362866809|1.0
0.5666531509258972|1.0
0.5695071901418282|1.0
0.5744561008466695|1.0
0.5846533310168432|1.0
0.5943794375017564|1.0
0.4994060995673813|0.0
0.4433167381503738|0.0
0.41554503084253136|0.0
0.40753079419444566|0.0
0.45905059369035517|0.0
0.5372176884911376|1.0
0.5395641779092861|1.0
0.5342287977719683|1.0
0.555941469666337|1.0
0.5421568933831712|1.0
0.5537897723200652|1.0
