PredictedProbability|PredictedLabel
0.4054750514450023|0.0
0.42550066813125703|0.0
0.45057565916120446|0.0
0.4513123514281155|0.0
0.45982848211031235|0.0
0.4707866520673303|0.0
0.461328826198814|0.0
0.45101604876185003|0.0
0.4257046823548513|0.0
0.40375019292484376|0.0
0.419055915913408|0.0
0.405476626470186|0.0
0.38618153895939444|0.0
0.3628240691919304|0.0
0.357095203827491|0.0
0.3591612395318952|0.0
0.36357300519951635|0.0
0.37602913128814913|0.0
0.3677800578617613|0.0
0.37529129625725927|0.0
0.37032537521919434|0.0
0.3744025543078757|0.0
0.36785437159012024|0.0
