PredictedProbability|PredictedLabel
0.6547166050810804|1.0
0.7355207662655688|1.0
0.7981320227816577|1.0
0.8172076153502315|1.0
0.8033610178783668|1.0
0.7678440384052156|1.0
0.7557420899396556|1.0
0.7583690285636024|1.0
0.5992793669226665|1.0
0.5178820077907452|1.0
0.4436910034998129|0.0
0.4363359017566496|0.0
0.43994829002814867|0.0
0.43783514283198316|0.0
0.43260190873970616|0.0
0.42560703978710746|0.0
0.41277829871750565|0.0
0.41850965606445184|0.0
0.43197749174240935|0.0
0.4330468363190848|0.0
0.4413316927786314|0.0
0.44897332230338194|0.0
0.44684496577102467|0.0
0.4458717889812145|0.0
0.44752353836445696|0.0
0.42889941808188203|0.0
0.4184142570728004|0.0
0.424145897931002|0.0
0.4369926220077696|0.0
0.4298854855250344|0.0
0.4235281779678294|0.0
0.4619383828863289|0.0
0.4759696837451654|0.0
0.4878044826848727|0.0
0.498226121751692|0.0
0.48607790965371006|0.0
0.4964365567278055|0.0
0.46055616643126207|0.0
0.44634105917687905|0.0
0.4295059900969491|0.0
0.41641294713322785|0.0
0.42884785111161405|0.0
0.46131407055666646|0.0
0.478946837493901|0.0
0.5020274853480177|1.0
