PredictedProbability|PredictedLabel
0.5216808079319226|1.0
0.5340132832044584|1.0
0.5531649570248174|1.0
0.58561687776539|1.0
0.6585214912720821|1.0
0.7102149440848742|1.0
0.7304466276831297|1.0
0.7212571758285703|1.0
0.6671449186018218|1.0
0.6660069387458442|1.0
0.6481843453319831|1.0
0.6294364234121592|1.0
0.6249019989462969|1.0
0.6241291700170677|1.0
0.6131224634104092|1.0
0.6273915808915604|1.0
0.6392415188749981|1.0
0.6587996870134394|1.0
0.6731058173064762|1.0
0.6691560197067313|1.0
0.6613071728460947|1.0
0.6627620901489076|1.0
0.6619411070800255|1.0
0.6310983762325892|1.0
0.6264885018119309|1.0
0.6295077797862907|1.0
0.6261244449466554|1.0
0.6346327323991738|1.0
0.6159046585643867|1.0
0.5268340005554202|1.0
0.4691997082146551|0.0
0.43543932990174106|0.0
0.4817678172610017|0.0
0.5482522705271733|1.0
0.6680273479457|1.0
0.7065056899106147|1.0
0.7152278745755483|1.0
0.7235887047933698|1.0
0.704210627466421|1.0
0.7077451826728045|1.0
0.7207939055406201|1.0
0.7241490524742871|1.0
0.7239169492290153|1.0
0.7353925466906347|1.0
0.7477468074149954|1.0
0.7539951873230508|1.0
0.752910782847001|1.0
0.7604455526546343|1.0
0.7258521977854243|1.0
0.7123439010915529|1.0
0.6977963174913668|1.0
0.6995531324909685|1.0
0.5705317210741145|1.0
0.5160974450322758|1.0
0.4827830752213755|0.0
0.4697438972671695|0.0
0.5206394880213282|1.0
0.5596124416509042|1.0
0.5667804147627854|1.0
