PredictedProbability|PredictedLabel
0.4697418234387454|0.0
0.45766207647425333|0.0
0.45007596628836627|0.0
0.4711811197981038|0.0
0.46430504507285125|0.0
0.4563614517804154|0.0
0.5084811477107446|1.0
0.5176695425170635|1.0
0.4544384560932667|0.0
0.4480080707038173|0.0
0.43554302780121906|0.0
0.44620210128466475|0.0
0.44636038798163147|0.0
0.38521796601867275|0.0
0.368520656469521|0.0
0.45679325791866193|0.0
0.47851783667883974|0.0
0.4755298475406205|0.0
0.47550232560022965|0.0
0.4716986808551611|0.0
0.482105069835447|0.0
