PredictedProbability|PredictedLabel
0.45865149102391883|0.0
0.4670616509244547|0.0
0.4670616509244547|0.0
0.4538569176489547|0.0
0.44590872682841187|0.0
0.4670616509244547|0.0
0.4670616509244547|0.0
0.4848195854002232|0.0
0.47668279413468667|0.0
0.4484652001889955|0.0
0.4532862448534063|0.0
0.4670616509244547|0.0
0.43075592780747607|0.0
0.4411438937826197|0.0
0.4326293595577464|0.0
0.3643966336037592|0.0
0.4208692017651753|0.0
0.4670616509244547|0.0
0.4670616509244547|0.0
0.4097150906731229|0.0
0.4198971199864267|0.0
0.4670616509244547|0.0
0.4670616509244547|0.0
0.4169446108944685|0.0
0.4239915794941444|0.0
0.4670616509244547|0.0
0.4670616509244547|0.0
0.42621592535375563|0.0
0.42815705212856675|0.0
0.4670616509244547|0.0
0.4670616509244547|0.0
0.4232190954318027|0.0
0.4324572146509319|0.0
0.4670616509244547|0.0
0.4670616509244547|0.0
0.4670616509244547|0.0
