PredictedProbability|PredictedLabel
0.5266317857499699|1.0
0.482105069835447|0.0
0.482105069835447|0.0
0.482105069835447|0.0
0.5202960569956205|1.0
0.5715024686003858|1.0
0.5134957483654266|1.0
0.5966012865907668|1.0
0.6894191177634278|1.0
0.6744317572550504|1.0
0.6804649346134733|1.0
0.6341483676061221|1.0
0.6264235186666016|1.0
0.6379367333365095|1.0
0.6364063756676483|1.0
0.6555252648457849|1.0
0.6240920208313545|1.0
0.5667436089166082|1.0
0.6515299509036576|1.0
0.6396972289957307|1.0
0.5612009224086913|1.0
0.5506732869526082|1.0
0.499228819408829|0.0
0.5772519024912447|1.0
0.6290335166066728|1.0
0.5177633207410196|1.0
0.5180724509031261|1.0
0.5153536376904059|1.0
0.4785050335908118|0.0
0.5278442336482358|1.0
0.5396038752572581|1.0
0.5807907665081214|1.0
0.58804754022422|1.0
0.5704793561668199|1.0
0.5699794089142186|1.0
0.5681788418310286|1.0
0.5848341110955243|1.0
0.5976269987699072|1.0
0.6310229138725567|1.0
0.6152949365396846|1.0
0.601210752797357|1.0
0.6125581442438806|1.0
0.6100538184918143|1.0
0.5931382834390009|1.0
