PredictedProbability|PredictedLabel
0.47923395909258015|0.0
0.46644437632649877|0.0
0.4459625970293895|0.0
0.47459638241728114|0.0
0.4981908615892115|0.0
0.5073730125772579|1.0
0.5248735303023746|1.0
0.5580684581211135|1.0
0.5235731837007882|1.0
0.5079114018720863|1.0
0.5642351289147938|1.0
0.563371907510137|1.0
0.5484262976542461|1.0
0.5467661680896254|1.0
0.5442490471130259|1.0
0.5280655301641024|1.0
0.5104565272445543|1.0
0.5011232429802659|1.0
0.4948546586362699|0.0
0.494921281338907|0.0
0.49031693396770115|0.0
0.5001050674952177|1.0
0.4870583254790802|0.0
0.4583330950942512|0.0
0.46182601388629363|0.0
0.46418028140680617|0.0
0.4668791848745887|0.0
0.46890554546703095|0.0
0.44216291210209424|0.0
0.45058480636845827|0.0
0.44827526241632665|0.0
0.42685284718248834|0.0
0.3924517203093993|0.0
0.4016969500032791|0.0
0.43445904542019875|0.0
0.4560111807571104|0.0
0.48878933371178035|0.0
0.4600383743045033|0.0
0.426433598970124|0.0
0.42394709197190245|0.0
0.442913788561079|0.0
0.4864398874700757|0.0
0.4706256333725285|0.0
0.4390217421187154|0.0
0.3997533792197124|0.0
0.3991535295970033|0.0
0.4330178720593435|0.0
0.45340965794733795|0.0
0.44816937849080585|0.0
0.43877132642820094|0.0
0.43787160423702454|0.0
0.4271144247551133|0.0
0.4310418218003407|0.0
0.4623446477786672|0.0
0.5144803524833844|1.0
0.5012913115383831|1.0
