PredictedProbability|PredictedLabel
0.4473687082435499|0.0
0.39161248877219434|0.0
0.3066360674664363|0.0
0.287437188291232|0.0
0.33904920295087526|0.0
0.37741921249071136|0.0
0.3765090486805043|0.0
0.35229276359827083|0.0
0.366938389229425|0.0
0.2988215190796104|0.0
0.30350267197317937|0.0
0.3589850149052037|0.0
0.3554354122826743|0.0
0.3673091424996619|0.0
0.35171711145639073|0.0
0.3737846874173884|0.0
0.43904625136554526|0.0
0.4272774124533904|0.0
0.3774783232254935|0.0
0.3964944948344432|0.0
0.4643375926243451|0.0
0.4465839286545176|0.0
0.44027284220019136|0.0
0.44923769608304914|0.0
0.47620834803739065|0.0
0.4479605206888215|0.0
0.39934108019277537|0.0
0.41602099491723676|0.0
0.4534681690402006|0.0
0.4805927879012449|0.0
0.4627924538200607|0.0
0.4582762689942987|0.0
0.47946347474421613|0.0
0.4808111242375405|0.0
0.532640142943558|1.0
0.48702249354932325|0.0
