PredictedProbability|PredictedLabel
0.47274954526076574|0.0
0.4403093551448973|0.0
0.4276437460825944|0.0
0.4472886035547363|0.0
0.4320919482873755|0.0
0.4429516286175669|0.0
0.47154066260754135|0.0
0.4650781348182275|0.0
0.4709705832963248|0.0
0.4471195845102693|0.0
0.456863456477154|0.0
0.4538722913252681|0.0
0.4846724822323994|0.0
0.4702486585144527|0.0
0.4353624856477523|0.0
0.4640161922748172|0.0
0.4952219793797599|0.0
0.47893869862219574|0.0
0.46480392409413107|0.0
0.488918367548298|0.0
0.5181875954379352|1.0
0.49602616456317933|0.0
0.4834800228782312|0.0
0.5088895732513958|1.0
0.479908975041389|0.0
0.4875209735430976|0.0
0.5005922869675639|1.0
0.49652606376805064|0.0
0.49307223656556354|0.0
0.46839973194748635|0.0
0.46198867849364483|0.0
0.4645252483104489|0.0
0.4652922473762239|0.0
0.45132757226416875|0.0
0.4430362815778711|0.0
0.4814844120234278|0.0
0.4787244630665996|0.0
0.4821635157210225|0.0
0.459696183674944|0.0
0.44032206462841283|0.0
0.4606522906576722|0.0
0.4618883939644502|0.0
0.41623967103414367|0.0
0.3880737873088193|0.0
0.4337630523987617|0.0
0.44704895537385153|0.0
0.45172069680505766|0.0
0.4764209745810658|0.0
0.5041117434259353|1.0
