PredictedProbability|PredictedLabel
0.48718095829222635|0.0
0.4743648310992213|0.0
0.45068831437089507|0.0
0.43998260666720024|0.0
0.4367449249599945|0.0
0.4450200634817304|0.0
0.44170614337528963|0.0
0.41281776527048025|0.0
0.387708837124731|0.0
0.3655023326110694|0.0
0.3980689765766471|0.0
0.41751376438242904|0.0
0.3624536151283686|0.0
0.36539398938361073|0.0
0.40616386768883456|0.0
0.3673465099127504|0.0
0.43262135781698147|0.0
0.5235034266269734|1.0
0.4612536173991421|0.0
0.3985372411619228|0.0
0.3808055172991926|0.0
0.45343204482562943|0.0
0.49472936981398863|0.0
0.516469185411684|1.0
0.4330661136650587|0.0
0.3841354594035075|0.0
0.43205580277111433|0.0
0.4634849336423435|0.0
0.4700996276935021|0.0
0.4520539424153835|0.0
0.4680960308196732|0.0
0.5257652538896012|1.0
0.579804260726974|1.0
0.5001595016922754|1.0
0.4528797611336757|0.0
0.5286982757795073|1.0
0.5737376632107735|1.0
0.5379397137712945|1.0
0.578176739207273|1.0
0.6146099708724923|1.0
0.6049931024256131|1.0
0.6258156949169655|1.0
0.6415564377819102|1.0
0.6832219611908826|1.0
0.6531971121612662|1.0
0.6021789733422255|1.0
0.5909034741782023|1.0
0.5832977888044667|1.0
0.5924674335181364|1.0
0.5130385753215643|1.0
0.5688280637568817|1.0
0.5684788278318661|1.0
0.47350672491084295|0.0
