PredictedProbability|PredictedLabel
0.42744547280422934|0.0
0.4190693279226663|0.0
0.42132805306870663|0.0
0.37176512164231656|0.0
0.3656800551045872|0.0
0.38062547497381716|0.0
0.3774114734804143|0.0
0.3659120376608474|0.0
0.35296859804268904|0.0
0.35282014416380975|0.0
0.3468371414508229|0.0
0.344661501552991|0.0
0.3635381692499454|0.0
0.36164477728256716|0.0
0.2041622668566523|0.0
0.20642361821036098|0.0
0.4160532125444959|0.0
0.4157017996508186|0.0
0.39626463795808453|0.0
0.39691413997735536|0.0
0.4559102153406621|0.0
