PredictedProbability|PredictedLabel
0.4818065666102079|0.0
0.4974548672904899|0.0
0.5283868447164325|1.0
0.5102204938972602|1.0
0.5291657639740445|1.0
0.5575565148754007|1.0
0.565076343378877|1.0
0.5695723979733717|1.0
0.5563970107027201|1.0
0.5557642946218289|1.0
0.530798926314891|1.0
0.5497434754405297|1.0
0.55450512308905|1.0
0.5417329321200781|1.0
0.5157461544297133|1.0
0.5279823110119194|1.0
0.5037991004082994|1.0
0.48989109180166057|0.0
0.47321127372276517|0.0
0.44648708538403115|0.0
0.46066889660901317|0.0
0.4659388102146802|0.0
0.4773858317438792|0.0
0.5201274341858909|1.0
0.5213060802719314|1.0
0.4973069883556321|0.0
0.4971141775945268|0.0
0.5356368397337858|1.0
0.5240717496260161|1.0
0.49823138432392455|0.0
0.48675863092253663|0.0
0.48260254687745613|0.0
0.47799042701036304|0.0
0.4732888523228305|0.0
0.49063000271771573|0.0
0.5398832576185343|1.0
0.51942243460773|1.0
0.5285270432109973|1.0
0.5450327013843167|1.0
0.5425730453683092|1.0
0.5065879216143304|1.0
0.4815638380762788|0.0
0.5013899633101604|1.0
0.5006961199716389|1.0
0.5041866753680628|1.0
0.5345485467180517|1.0
0.4999286014753651|0.0
0.44882665588927656|0.0
0.4550934444394069|0.0
0.432413655953585|0.0
0.40764535081708025|0.0
0.4586286660365715|0.0
