PredictedProbability|PredictedLabel
0.5033016166222852|1.0
0.5587446504700581|1.0
0.5839854270343313|1.0
0.5183535974702222|1.0
0.5150073327096056|1.0
0.5362508160475519|1.0
0.5221377255782286|1.0
0.5266498531233152|1.0
0.5338053196206887|1.0
0.5365389136072662|1.0
0.5416280592110603|1.0
0.528582575164026|1.0
0.5222070330664385|1.0
0.5329834401487754|1.0
0.55529692428531|1.0
0.5754993291529998|1.0
0.5700129416122874|1.0
0.5582446049419685|1.0
0.5317263768880637|1.0
0.5271653067493607|1.0
0.5307585974724134|1.0
0.5185414185024666|1.0
