PredictedProbability|PredictedLabel
0.43868285773053517|0.0
0.4177324062430922|0.0
0.40032326420808884|0.0
0.39759066406900323|0.0
0.39682961299093816|0.0
0.3999612980961078|0.0
0.39919015088039883|0.0
0.39141868291311077|0.0
0.4058768961733793|0.0
0.40976583435349123|0.0
0.39205419180912077|0.0
0.39789159141043984|0.0
0.4938828244979869|0.0
0.46364942622912614|0.0
0.3528004364818061|0.0
0.3712496652102647|0.0
0.39335086938674174|0.0
0.350239289751671|0.0
0.38451430286960725|0.0
0.41055770358964444|0.0
0.3964603802504163|0.0
0.36854370161659894|0.0
0.3540919626251894|0.0
0.3715429803166773|0.0
0.3871962204797707|0.0
0.3722103653493259|0.0
0.3654939034254486|0.0
0.38680387392116383|0.0
0.40612699327332724|0.0
0.3873732715349916|0.0
0.3690868952302581|0.0
0.38056925745405784|0.0
0.4148978987225338|0.0
0.4082232630142469|0.0
0.4058933320984738|0.0
0.39950198783095153|0.0
0.3986791879551283|0.0
0.35858196426456057|0.0
0.3514103468625248|0.0
0.3903849403344994|0.0
0.3987467761593935|0.0
