PredictedProbability|PredictedLabel
0.4338179053327589|0.0
0.40801690932166257|0.0
0.392664930297297|0.0
0.37466318667650156|0.0
0.3383859306392438|0.0
0.3237447799241661|0.0
0.366093344777903|0.0
0.34633127914812994|0.0
0.3518869041752805|0.0
0.3540150496682658|0.0
0.3433396549401938|0.0
0.347634994040594|0.0
0.3450390436988736|0.0
0.35135132912107064|0.0
0.3257380666402354|0.0
0.32349137760107055|0.0
0.3072838048584417|0.0
0.3222012169251148|0.0
0.3118100019588239|0.0
0.3007485332435323|0.0
0.30748036401518164|0.0
0.34353266970754714|0.0
0.3137027319854908|0.0
0.3525748905396068|0.0
0.3778183432913389|0.0
0.36601126877225015|0.0
0.36351242225497155|0.0
0.4053870372118666|0.0
0.3575743148692141|0.0
0.30733002761700723|0.0
0.3036913351734362|0.0
0.2699452878191615|0.0
0.33270103468978157|0.0
0.38593245081055116|0.0
0.38250577900247495|0.0
0.3961582938170712|0.0
0.37985017814111643|0.0
0.3637989890841184|0.0
0.34886693072846653|0.0
0.36984967512383815|0.0
0.3686374040316017|0.0
0.3539581076509556|0.0
0.341181691150764|0.0
0.3441714225044046|0.0
0.3495229484668565|0.0
0.3861296894415965|0.0
0.3330273151711405|0.0
