PredictedProbability|PredictedLabel
0.45970457150287997|0.0
0.4401102489738165|0.0
0.40866816692420377|0.0
0.4975544684333238|0.0
0.5452588466920123|1.0
0.5261125455758093|1.0
0.524835110955902|1.0
0.5278666090309887|1.0
0.5890517424768387|1.0
0.543728502137334|1.0
0.4955264281582317|0.0
0.49316488655068774|0.0
0.5357763689315734|1.0
0.5343566010989791|1.0
0.5125030124767035|1.0
0.4972716694015996|0.0
0.47741627476453974|0.0
0.45070810432136316|0.0
0.43272394318363766|0.0
0.43827175053742373|0.0
0.4277192367638878|0.0
0.4187093262690888|0.0
0.4215898173126317|0.0
0.39949510983317743|0.0
0.3890818717230244|0.0
0.3893315486956646|0.0
0.37530030196963854|0.0
0.34464113422039067|0.0
0.33748096274062095|0.0
0.3752157944505282|0.0
0.34799563076296103|0.0
0.33000100787721415|0.0
0.3842124515963165|0.0
0.3916040732903137|0.0
0.3154467331358038|0.0
0.3120178089862823|0.0
0.3843480324650359|0.0
0.40550162641101306|0.0
0.4174347329880582|0.0
0.399741302767317|0.0
0.39781865557582297|0.0
