PredictedProbability|PredictedLabel
0.48548226936855937|0.0
0.4980813786076394|0.0
0.5680687293894825|1.0
0.5736450411748433|1.0
0.5931541738065688|1.0
0.5834363213075797|1.0
0.4896509693536221|0.0
0.4877505547296845|0.0
0.5248808394914383|1.0
0.49480602316257954|0.0
0.5103548910637851|1.0
0.5078155714154015|1.0
0.485791506263938|0.0
0.5046494815560939|1.0
0.52570191433081|1.0
0.5320395213519395|1.0
0.4998950630981761|0.0
0.4654971133697278|0.0
0.45562916590038044|0.0
0.4609528510620448|0.0
0.42077697906516515|0.0
0.4368148771508534|0.0
0.4727526358431888|0.0
0.4682307401063492|0.0
0.5182381957854465|1.0
0.5318804858838003|1.0
0.473929746839962|0.0
0.49540958744542385|0.0
0.5021341116317782|1.0
0.5033754419379544|1.0
0.4495988547258693|0.0
0.4335980210204129|0.0
0.4662091248458828|0.0
0.455656045307508|0.0
0.461263421178016|0.0
0.5129794833043865|1.0
0.5080164140636777|1.0
0.4731212801599678|0.0
0.4843410033536211|0.0
0.4912642589462972|0.0
