PredictedProbability|PredictedLabel
0.4528240590956593|0.0
0.4213086443188742|0.0
0.3932876843056777|0.0
0.4597057527666846|0.0
0.45264174639927657|0.0
0.3520444303282329|0.0
0.3354296140142724|0.0
0.36436624289174957|0.0
0.384224160767877|0.0
0.3647449409338298|0.0
0.3555957895900094|0.0
0.42517527766067403|0.0
0.4672752239859816|0.0
0.4541310260110142|0.0
0.42463209185340284|0.0
0.4310532108174571|0.0
0.4804727785456261|0.0
0.48818815803012106|0.0
0.4956016444543352|0.0
0.47680624105289704|0.0
0.41935330590852393|0.0
0.39072147039891697|0.0
0.37985884543340614|0.0
0.39473993122964196|0.0
0.4102859003120805|0.0
0.3981631366158055|0.0
0.3744613215020357|0.0
0.3959677980970579|0.0
0.4388108078149859|0.0
0.41791305432275244|0.0
0.3830688937848618|0.0
0.36840474206866103|0.0
0.3840964174786661|0.0
0.3999935284084102|0.0
0.40681728723513644|0.0
0.3937805170176779|0.0
0.4001811569706898|0.0
0.451395605440166|0.0
0.47503231252743155|0.0
0.48810908173078654|0.0
0.485932908598724|0.0
0.5005494236303193|1.0
0.5368781747521474|1.0
0.5057845468225783|1.0
0.4658770235522454|0.0
