PredictedProbability|PredictedLabel
0.4017364713651922|0.0
0.4259179202431645|0.0
0.40207318617573434|0.0
0.4391383621277488|0.0
0.43352899165542|0.0
0.4582499311443596|0.0
0.4709435244388084|0.0
0.4709435244388084|0.0
0.3752342846291559|0.0
0.412961913389345|0.0
0.4709435244388084|0.0
0.4709435244388084|0.0
0.4095313529304144|0.0
0.4213322356145336|0.0
0.4709435244388084|0.0
0.4709435244388084|0.0
0.3918226973608269|0.0
0.42201363171667783|0.0
0.4709435244388084|0.0
0.39701117777729517|0.0
0.439327961410488|0.0
0.4709435244388084|0.0
