PredictedProbability|PredictedLabel
0.009645426866708164|1.0
0.010561649017105379|1.0
0.009026493178174017|1.0
0.007717989723899239|1.0
0.008346789346527777|1.0
0.006041036581757958|1.0
0.008234173347132716|1.0
0.008323915574299342|1.0
0.009213803001608779|1.0
0.009172653902631788|1.0
0.010398677856219247|1.0
0.0119239350331237|1.0
0.012242720682665985|1.0
0.012223250973587892|1.0
0.012329833571581933|1.0
0.012977799737566787|1.0
0.013742220070104139|1.0
0.015433603671735477|1.0
0.01338422128260414|1.0
0.012352904632085295|1.0
0.011011211880945145|1.0
0.009700403988208617|1.0
0.010095998148555245|1.0
0.010432344727947386|1.0
0.010125278997926373|1.0
0.01179742270640805|1.0
0.011500077683282999|1.0
0.011119955095239156|1.0
0.011301994440980099|1.0
0.010596724330685514|1.0
0.010286863768619113|1.0
0.010676506635338314|1.0
0.010665649331821337|1.0
0.011172129443244548|1.0
0.010350156767363181|1.0
0.009653100917896123|1.0
0.010349911350183597|1.0
0.010037645024121447|1.0
0.009464247621451977|1.0
0.008978851291321728|1.0
0.008776761323743144|1.0
0.00830650161223997|1.0
0.008130080430134799|1.0
0.006307390330141286|1.0
0.005859997478877716|1.0
0.006454652413632255|1.0
0.00709945506921591|1.0
0.007186293285988481|1.0
0.006378706658626744|1.0
0.006657145867527624|1.0
