PredictedProbability|PredictedLabel
0.006377118316684888|1.0
0.007548977411370198|1.0
0.00663758715592126|1.0
0.007063466181872452|1.0
0.005839830296336499|1.0
0.004817678156353344|1.0
0.005943296422484322|1.0
0.006579052775668922|1.0
0.007864700901688983|1.0
0.007616334775423633|1.0
0.007546776445142964|1.0
0.006696906878837831|1.0
0.008293907992724371|1.0
0.007458823563212941|1.0
0.0067607726306377364|1.0
0.00661481973863798|1.0
0.0067288456292166395|1.0
0.007827815990066137|1.0
0.007771358620481538|1.0
0.006376890813146538|1.0
0.006480548100617857|1.0
0.006775239837895445|1.0
0.006851745604166825|1.0
0.006386775378282354|1.0
0.006267587616994266|1.0
0.00686642029726062|1.0
0.007723541881504076|1.0
0.008331296800765473|1.0
0.00778236981575672|1.0
0.007490328167358857|1.0
0.007276368391758289|1.0
0.007241739820070738|1.0
0.006629409117864009|1.0
0.005771812990240873|1.0
0.006122341755238168|1.0
0.00607190188491326|1.0
0.006703019585105566|1.0
0.006865680252705244|1.0
0.007016053832113884|1.0
0.006839782079949141|1.0
0.006546169188161959|1.0
0.006999329016189713|1.0
0.00658086832781473|1.0
0.00587093058254426|1.0
0.00652342269623462|1.0
0.006328589860018809|1.0
