PredictedProbability|PredictedLabel
0.0033006181846785498|1.0
0.0038206559775749186|1.0
0.0037663391694760977|1.0
0.0031936687644041305|1.0
0.0035697716606747157|1.0
0.0036603381077835026|1.0
0.0029519142032881328|1.0
0.002966355536737583|1.0
0.003333230631029703|1.0
0.003658584405842997|1.0
0.0037803629884692797|1.0
0.004287463297325937|1.0
0.004044577199264837|1.0
0.004016832757225122|1.0
0.004010509744241672|1.0
0.003940305526884131|1.0
0.004207546032985331|1.0
0.0043933666545781565|1.0
0.00429530338295711|1.0
0.004534559033205801|1.0
0.004387176179801886|1.0
