PredictedProbability|PredictedLabel
0.0034283740017128175|1.0
0.003317937693795497|1.0
0.004076224277543678|1.0
0.004612739826507433|1.0
0.005277806702797912|1.0
0.005536147579150935|1.0
0.005465939635378098|1.0
0.005279806989068663|1.0
0.0043851906135624836|1.0
0.004129904739637314|1.0
0.003851311945102463|1.0
0.003357882440446684|1.0
0.003137147271147297|1.0
0.002737206586443329|1.0
0.0025624743862806224|1.0
0.0030778887184003756|1.0
0.0031696967311815494|1.0
0.003305347972615705|1.0
0.0036918024678019795|1.0
0.003923058308227429|1.0
0.0038149956135677668|1.0
0.0037359762260135935|1.0
0.0037955243363800265|1.0
0.003920851626893077|1.0
0.0035697273527030837|1.0
0.0037641048505095147|1.0
0.003787106139591138|1.0
0.003479025179282426|1.0
0.003391750279846519|1.0
0.0036373197055796875|1.0
0.004224755257513805|1.0
0.004567037400784883|1.0
0.004201332573595365|1.0
0.003247834654367442|1.0
0.0036860879312584868|1.0
0.003924027353588005|1.0
0.003718900785960677|1.0
