PredictedProbability|PredictedLabel
0.007557532028796829|1.0
0.007392163031111622|1.0
0.0073982309523218355|1.0
0.007714818758490539|1.0
0.007785390184936832|1.0
0.006438008551686582|1.0
0.006229206404720164|1.0
0.006623178789494829|1.0
0.0062926354222516395|1.0
0.0067089458564172375|1.0
0.006497163632595252|1.0
0.0057819163979323|1.0
0.00605476610140052|1.0
0.007269060713433358|1.0
0.008003667900837126|1.0
0.007371669643521561|1.0
0.008026787428214062|1.0
0.008072201818407652|1.0
0.0077191970544137215|1.0
0.0080083197406767|1.0
0.00800922534287955|1.0
0.007631800005211432|1.0
0.0072199738979084015|1.0
0.007097730703233002|1.0
0.007780727284989595|1.0
0.007775655674829493|1.0
0.008109859189286197|1.0
0.00849604089991076|1.0
0.00743166451754056|1.0
0.007715383677098038|1.0
0.007049044208441485|1.0
0.006351933046245076|1.0
0.006297004505027258|1.0
0.005917379676971866|1.0
0.005460806392065404|1.0
0.006247190589835961|1.0
0.006405485244533224|1.0
0.006875549098748829|1.0
0.006486832478674962|1.0
0.005455550322915864|1.0
