PredictedProbability|PredictedLabel
0.004821174363211147|1.0
0.004598065845163989|1.0
0.004379668592778092|1.0
0.004132289776502417|1.0
0.004395114840232396|1.0
0.0043980551832857985|1.0
0.004425839399979988|1.0
0.004864962155506484|1.0
0.005042394427311027|1.0
0.005381043764820027|1.0
0.005856012117511129|1.0
0.005537268914796598|1.0
0.0050121639445371265|1.0
0.004956479830687823|1.0
0.004802940174242297|1.0
0.005244734069441689|1.0
0.004834562277944536|1.0
0.005113786625806244|1.0
0.005214827952378161|1.0
0.0047803938386970085|1.0
0.005046644717681649|1.0
0.005089641630570589|1.0
0.004852896105934135|1.0
0.005042417625428446|1.0
0.0044888214217434|1.0
0.004356543791595444|1.0
0.0038622559957072625|1.0
0.004066653817692354|1.0
0.004224246188086313|1.0
0.0044828906271396326|1.0
0.005590889935094454|1.0
0.006180890150216466|1.0
0.006217780402148808|1.0
0.006311696606875105|1.0
0.006072579080812636|1.0
0.00606046432699836|1.0
0.006265050118579295|1.0
0.006090246254570159|1.0
0.005755097803107631|1.0
0.005605549754546645|1.0
0.005460538063915394|1.0
0.0055385242210907615|1.0
0.00558635475411102|1.0
