PredictedProbability|PredictedLabel
0.003856959237486841|1.0
0.00416478715667585|1.0
0.004685128666409002|1.0
0.0039138359360551015|1.0
0.0037591808660183894|1.0
0.004608289493792882|1.0
0.0049827216964543125|1.0
0.004720873654310001|1.0
0.004667953723743691|1.0
0.004372128874166926|1.0
0.004476864727718782|1.0
0.0043338875813158295|1.0
0.004110858728864364|1.0
0.004087212700915827|1.0
0.0036045016640972776|1.0
0.003561024557113501|1.0
0.0037827088863454377|1.0
0.003792114663479868|1.0
0.004044340727906277|1.0
0.0042909560813978|1.0
0.00437729931360095|1.0
0.0044654170981091885|1.0
0.004318579335905559|1.0
0.004233119086399045|1.0
0.0038249726442087053|1.0
0.0038348358818353807|1.0
0.003377295263282921|1.0
0.003418191444424399|1.0
0.0031842040700993035|1.0
0.0029477343275320683|1.0
0.002988959261852677|1.0
0.002153556706222662|1.0
0.0021237742067838654|1.0
0.002435839766727196|1.0
0.0025515078856732784|1.0
0.002961540709454645|1.0
0.0028713837652357757|1.0
0.0027939206619170503|1.0
0.0031233260926689294|1.0
0.003057390817033259|1.0
0.0032274396731800156|1.0
0.0032827116815277776|1.0
0.0033214478777961005|1.0
0.003319505996377813|1.0
0.0033218253733704344|1.0
0.0032784944284535594|1.0
0.003063035177721519|1.0
