PredictedProbability|PredictedLabel
0.0067505801240013335|1.0
0.007066676280268939|1.0
0.007889218635306158|1.0
0.007586057332671997|1.0
0.006958009132981881|1.0
0.006179378103144647|1.0
0.005325391503752895|1.0
0.00637087425340103|1.0
0.006945485518677676|1.0
0.007140339931449578|1.0
0.006605274545380022|1.0
0.006499855188331583|1.0
0.007225295467767459|1.0
0.00689957454839601|1.0
0.0072514434944534484|1.0
0.007464239723019983|1.0
0.0067343375474309694|1.0
0.006653568916383108|1.0
0.006793496378022312|1.0
0.006586942798445186|1.0
0.005728420985433231|1.0
0.004736262247633063|1.0
0.004689982827584267|1.0
0.004892550941095087|1.0
0.005023412659194039|1.0
0.005198667860646475|1.0
0.005685581276707898|1.0
0.006065457559868499|1.0
0.006329707516498347|1.0
0.006895532558135995|1.0
0.007285398741887412|1.0
0.0075297118067498775|1.0
0.008077387580984582|1.0
0.008368979188114257|1.0
0.008827785020270498|1.0
0.008161249630352896|1.0
0.008142132064265306|1.0
0.008679794439283966|1.0
0.008300329521740386|1.0
