PredictedProbability|PredictedLabel
0.00756639267499729|1.0
0.008591057472342872|1.0
0.009876649081015036|1.0
0.009663229353595182|1.0
0.008295563265864553|1.0
0.008596732830275053|1.0
0.00723719700183971|1.0
0.007561322117013862|1.0
0.007665395629807175|1.0
0.005516535693555557|1.0
0.005077189658358399|1.0
0.00479565998251857|1.0
0.005508272206870466|1.0
0.0056370709121565795|1.0
0.005176860986667898|1.0
0.005168776884364883|1.0
0.004661561878150889|1.0
0.004321085308479095|1.0
0.004616302665505812|1.0
0.004866048115486458|1.0
0.0045556149569056185|1.0
0.004068236121371532|1.0
0.004196143636310895|1.0
0.004229862027187602|1.0
0.003769649586283769|1.0
0.004090148549429018|1.0
0.003405116514652552|1.0
0.003628183208558067|1.0
0.0034200462407559234|1.0
0.0036960044869826154|1.0
0.00401685345541223|1.0
0.003928557997028771|1.0
0.004048065953113544|1.0
0.004049082192056871|1.0
0.004229469916839487|1.0
0.004583661460094417|1.0
0.00472854049796737|1.0
0.004833178764621445|1.0
0.005312973001600236|1.0
0.005970577372105723|1.0
0.006334974172530753|1.0
0.006781868052089024|1.0
0.006551942875318657|1.0
0.006266204056325771|1.0
0.005726703585977351|1.0
0.0055530906807577714|1.0
0.00548076660216973|1.0
0.005115871976602963|1.0
0.005246398525671985|1.0
0.005488538749299461|1.0
