PredictedProbability|PredictedLabel
0.006360230751197971|1.0
0.006276998228282557|1.0
0.0059254418843116274|1.0
0.005827137623407089|1.0
0.005543403324676006|1.0
0.005410792682868361|1.0
0.004916655565519031|1.0
0.004754869005721458|1.0
0.004730141280604441|1.0
0.004755367722024646|1.0
0.004949657486182193|1.0
0.004722376129759832|1.0
0.004802180381034524|1.0
0.005108801555624792|1.0
0.00581007525100013|1.0
0.006611464619848948|1.0
0.007435438466272252|1.0
0.007181214904090267|1.0
0.006457991720447207|1.0
0.005893180492743212|1.0
0.005536902995425469|1.0
0.005355559596187764|1.0
0.005099973663609861|1.0
0.005273566001664236|1.0
0.005650578575169031|1.0
0.005914924219108191|1.0
0.006497582575106698|1.0
0.006385782246630446|1.0
0.00618590558677364|1.0
0.006079284356681496|1.0
0.006218656953359171|1.0
0.006047975376737738|1.0
0.00623078633181471|1.0
0.006306795576526437|1.0
0.006609028446612466|1.0
0.0067617977427052245|1.0
0.007004338261464394|1.0
0.007453378533065298|1.0
0.0076450659969035705|1.0
0.007890757026066257|1.0
0.00772626437633904|1.0
0.0071138963471923475|1.0
0.006647711880513451|1.0
0.006427663993083757|1.0
0.006297547434501137|1.0
0.006408997287692322|1.0
0.006069767901772526|1.0
0.0058105866089047855|1.0
