PredictedProbability|PredictedLabel
0.011538980953242088|1.0
0.011651179206537424|1.0
0.012049628231547156|1.0
0.009284414162363877|1.0
0.009687453082518884|1.0
0.009560553921863104|1.0
0.012562986031040013|1.0
0.013538138758895561|1.0
0.011964013819315705|1.0
0.011451423359802643|1.0
0.011342566010097862|1.0
0.010861787439182096|1.0
0.01176944899522502|1.0
0.012316379460219743|1.0
0.013412130338924577|1.0
0.013228078782928266|1.0
0.01325343919608171|1.0
0.01271979660055841|1.0
0.011736089321721216|1.0
0.011921895964143513|1.0
0.011295898654681601|1.0
0.010804037938124162|1.0
