PredictedProbability|PredictedLabel
0.004326269032302117|1.0
0.004254756143486025|1.0
0.004614979390304348|1.0
0.004872222067439645|1.0
0.004369943134648508|1.0
0.0040903445402275035|1.0
0.003475402869181892|1.0
0.0037771944478888634|1.0
0.00388330517605059|1.0
0.003715550836653975|1.0
0.0033446412033586925|1.0
0.0030623877037449254|1.0
0.003093464713727586|1.0
0.003267364806070815|1.0
0.0034816042209733686|1.0
0.0038559426941035986|1.0
0.0043224886258757715|1.0
0.004391136914805031|1.0
0.004283257385206464|1.0
0.004122081095041889|1.0
0.004015620065680707|1.0
0.004149062381097194|1.0
0.004087334412968803|1.0
0.004264787976623676|1.0
0.004297554660959744|1.0
0.004444119041462698|1.0
0.004414430299151174|1.0
0.004464793346607653|1.0
0.004316128226579542|1.0
0.004341694762571475|1.0
0.00458131968677537|1.0
0.004575957652841367|1.0
0.004562040399760583|1.0
0.00500547449308273|1.0
0.00493004277496169|1.0
0.004649450384461879|1.0
0.004585812989302854|1.0
0.004874468314149982|1.0
0.004932316686703014|1.0
0.004920833329076483|1.0
0.005790851586072251|1.0
0.00689539228573213|1.0
0.006996701033653364|1.0
0.006516923707221353|1.0
0.005221445331026479|1.0
0.004187009515021671|1.0
0.004148258367697943|1.0
0.004330621481532485|1.0
0.004625307408981625|1.0
0.004713567728354271|1.0
0.004993849722254406|1.0
0.005140565139922216|1.0
0.005001059703640819|1.0
0.00478321342402947|1.0
