PredictedProbability|PredictedLabel
0.0027118755553012315|1.0
0.0023619462869545805|1.0
0.0025785999475331682|1.0
0.0024803479225605|1.0
0.002612601831208435|1.0
0.0026076186925204758|1.0
0.0022919209638262504|1.0
0.002666688689268782|1.0
0.0029489762970355896|1.0
0.0029178743267988076|1.0
0.00302446129225512|1.0
0.0027630144473262124|1.0
0.003021022264464586|1.0
0.0029971255957389076|1.0
0.0030076431703579634|1.0
0.0030549997077452527|1.0
0.0029784982585811222|1.0
0.0030603919295461037|1.0
0.003111253257797905|1.0
0.003019692141203836|1.0
0.0029295398728417235|1.0
0.0029643571011350534|1.0
0.003057558253794391|1.0
0.003214709911640036|1.0
0.003257052033859276|1.0
0.0032705955705531293|1.0
0.0031260489198378046|1.0
0.003128296330322063|1.0
0.0032221087124787743|1.0
0.0032558598618224943|1.0
0.0030767710834513516|1.0
0.0030125346691588445|1.0
0.0029949987626455613|1.0
0.003170330293526221|1.0
0.0031927444687456|1.0
0.0033401831055988036|1.0
0.0031140293188242256|1.0
0.0031910263392081616|1.0
0.003340003811876957|1.0
0.0034010830799696295|1.0
0.0033881425585388656|1.0
0.0032485013332620933|1.0
0.003365439980534526|1.0
0.0032673388285932503|1.0
0.00333126795207762|1.0
0.003285666120953394|1.0
0.0032639008711376834|1.0
0.002993409342787335|1.0
0.0029305801147675743|1.0
0.0028185014737073005|1.0
0.0027882198457844795|1.0
0.002932281479419111|1.0
0.0029694342361706646|1.0
0.002914229461222869|1.0
