PredictedProbability|PredictedLabel
0.0059338106071056855|1.0
0.006523739221861645|1.0
0.006995411068383965|1.0
0.007093767217331919|1.0
0.006364380482960878|1.0
0.007060698442919199|1.0
0.006668899820544833|1.0
0.0065489215139577376|1.0
0.006938309143794913|1.0
0.006842830279389941|1.0
0.006527468274481664|1.0
0.005751006675635043|1.0
0.00581939157043807|1.0
0.006272822801420628|1.0
0.006391748468055188|1.0
0.006347731786934669|1.0
0.006751290453647823|1.0
0.006979070585909709|1.0
0.0069697199942029215|1.0
0.006043451303942959|1.0
0.005873858114136374|1.0
0.006083261657594761|1.0
0.006832631790806944|1.0
0.007568617341505524|1.0
0.00859002441639923|1.0
0.008332385880682525|1.0
0.008258029217294367|1.0
0.008752247501844482|1.0
0.008650186077537871|1.0
0.008404095527581921|1.0
0.008099728417010003|1.0
0.008508224176354095|1.0
0.008462776089205164|1.0
0.008623312154935602|1.0
0.008542039696512956|1.0
0.008317589871070681|1.0
0.008552864231081501|1.0
0.008311647593632863|1.0
0.00851105844861326|1.0
0.008456878254072361|1.0
0.008278484384550042|1.0
0.007835561670414978|1.0
0.008671071441347338|1.0
0.008667952746776788|1.0
0.008443818117243916|1.0
