PredictedProbability|PredictedLabel
0.4234072379361419|0.0
0.4602610663205132|0.0
0.46428646135813256|0.0
0.5503926366599139|1.0
0.46242000341120254|0.0
0.5503926366599139|1.0
0.5503926366599139|1.0
0.5417624570196227|1.0
0.41938184289852254|0.0
0.4602610663205132|0.0
0.5417624570196227|1.0
0.41938184289852254|0.0
0.4602610663205132|0.0
0.5503926366599139|1.0
0.579330321268822|1.0
0.4948148900705469|0.0
0.4948148900705469|0.0
0.5503926366599139|1.0
0.4948148900705469|0.0
0.49828205627211875|0.0
0.44270430968275176|0.0
0.49828205627211875|0.0
0.46242000341120254|0.0
0.4948148900705469|0.0
0.4102705032816221|0.0
0.49828205627211875|0.0
0.5503926366599139|1.0
0.5140211529485565|1.0
0.48069396004649595|0.0
0.4927994275715072|0.0
0.5139505074488202|1.0
0.4981417050809906|0.0
0.4830144466876571|0.0
0.5458042013247966|1.0
0.5140211529485565|1.0
0.49828205627211875|0.0
0.49828205627211875|0.0
0.49828205627211875|0.0
0.5245036320193248|1.0
0.6255850360118291|1.0
0.44307024010418006|0.0
0.47842601135253987|0.0
0.44213522326566645|0.0
