PredictedProbability|PredictedLabel
0.4520174127896933|0.0
0.4376975230196732|0.0
0.4520174127896933|0.0
0.4385187748737141|0.0
0.4520174127896933|0.0
0.4520174127896933|0.0
0.4520174127896933|0.0
0.4520174127896933|0.0
0.45686137693139733|0.0
0.4520174127896933|0.0
0.4520174127896933|0.0
0.4193549209619899|0.0
0.4520174127896933|0.0
0.47036001484737644|0.0
0.45686137693139733|0.0
0.45686137693139733|0.0
0.4737159803303645|0.0
0.4872146182463437|0.0
0.47460303640091955|0.0
0.4520174127896933|0.0
0.4193549209619899|0.0
0.4376975230196732|0.0
0.4872146182463437|0.0
0.47036001484737644|0.0
0.4737159803303645|0.0
0.5103363283941384|1.0
0.4872146182463437|0.0
0.4872146182463437|0.0
0.4742520668669329|0.0
0.4193549209619899|0.0
0.4193549209619899|0.0
0.4193549209619899|0.0
0.4193549209619899|0.0
0.4193549209619899|0.0
0.4193549209619899|0.0
0.4385187748737141|0.0
0.4737159803303645|0.0
0.5103363283941384|1.0
0.47036001484737644|0.0
0.492594668924616|0.0
0.4520174127896933|0.0
0.4742520668669329|0.0
0.4385187748737141|0.0
