PredictedProbability|PredictedLabel
0.4193549209619899|0.0
0.40585628304601074|0.0
0.4385187748737141|0.0
0.4385187748737141|0.0
0.44226047654415457|0.0
0.44226047654415457|0.0
0.44226047654415457|0.0
0.44226047654415457|0.0
0.44226047654415457|0.0
0.4149896353834134|0.0
0.40959798471645115|0.0
0.40959798471645115|0.0
0.4105212543133874|0.0
0.44158957503922946|0.0
0.4193549209619899|0.0
0.40959798471645115|0.0
0.44158957503922946|0.0
0.41201210399956956|0.0
0.3800205136767913|0.0
0.41201210399956956|0.0
0.40959798471645115|0.0
0.4520174127896933|0.0
0.4193549209619899|0.0
0.3762788120063508|0.0
0.38977744992233004|0.0
0.38977744992233004|0.0
0.4193549209619899|0.0
0.3762788120063508|0.0
0.3762788120063508|0.0
0.3762788120063508|0.0
0.3762788120063508|0.0
0.3762788120063508|0.0
0.3762788120063508|0.0
0.3762788120063508|0.0
0.3762788120063508|0.0
0.3762788120063508|0.0
0.3762788120063508|0.0
0.3762788120063508|0.0
0.38977744992233004|0.0
0.3762788120063508|0.0
0.3762788120063508|0.0
0.4193549209619899|0.0
0.3762788120063508|0.0
0.3762788120063508|0.0
0.40585628304601074|0.0
0.4226146488565403|0.0
0.40585628304601074|0.0
0.4520174127896933|0.0
