PredictedProbability|PredictedLabel
0.46687467228068547|0.0
0.41938184289852254|0.0
0.47675322692716227|0.0
0.41938184289852254|0.0
0.41938184289852254|0.0
0.41938184289852254|0.0
0.4390975366269734|0.0
0.4390975366269734|0.0
0.6803950299652267|1.0
0.6364465235925358|1.0
0.591686748415398|1.0
0.5803957358829497|1.0
0.41938184289852254|0.0
0.41938184289852254|0.0
0.4522734960787075|0.0
0.458070996208081|0.0
0.41938184289852254|0.0
0.41938184289852254|0.0
0.41938184289852254|0.0
0.41938184289852254|0.0
0.41938184289852254|0.0
0.41938184289852254|0.0
0.4390975366269734|0.0
0.41938184289852254|0.0
0.4390975366269734|0.0
0.41938184289852254|0.0
0.47571006162343055|0.0
0.41938184289852254|0.0
