PredictedProbability|PredictedLabel
0.41938184289852254|0.0
0.4556726309853959|0.0
0.44213522326566645|0.0
0.42934147682975937|0.0
0.41938184289852254|0.0
0.41938184289852254|0.0
0.4556726309853959|0.0
0.47842601135253987|0.0
0.46582362047132386|0.0
0.4882137480717363|0.0
0.44213522326566645|0.0
0.41938184289852254|0.0
0.41938184289852254|0.0
0.41938184289852254|0.0
0.42934147682975937|0.0
0.41938184289852254|0.0
0.44307024010418006|0.0
0.47842601135253987|0.0
0.47842601135253987|0.0
0.44213522326566645|0.0
0.4556726309853959|0.0
0.5023855615936876|1.0
0.44213522326566645|0.0
0.41938184289852254|0.0
0.41938184289852254|0.0
0.41938184289852254|0.0
0.41938184289852254|0.0
0.41938184289852254|0.0
0.42934147682975937|0.0
0.41938184289852254|0.0
0.42934147682975937|0.0
0.44213522326566645|0.0
0.41938184289852254|0.0
0.42934147682975937|0.0
0.41597342447446267|0.0
0.41938184289852254|0.0
0.41938184289852254|0.0
