PredictedProbability|PredictedLabel
0.41938184289852254|0.0
0.41938184289852254|0.0
0.41938184289852254|0.0
0.41938184289852254|0.0
0.41938184289852254|0.0
0.41938184289852254|0.0
0.41938184289852254|0.0
0.41938184289852254|0.0
0.41938184289852254|0.0
0.41938184289852254|0.0
0.49023661329214907|0.0
0.41938184289852254|0.0
0.41938184289852254|0.0
0.41938184289852254|0.0
0.41938184289852254|0.0
0.41938184289852254|0.0
0.41938184289852254|0.0
0.41938184289852254|0.0
0.41938184289852254|0.0
0.42934147682975937|0.0
0.4345723127299813|0.0
0.41938184289852254|0.0
0.41938184289852254|0.0
