PredictedProbability|PredictedLabel
0.4193549209619899|0.0
0.3762788120063508|0.0
0.3762788120063508|0.0
0.3762788120063508|0.0
0.40585628304601074|0.0
0.40585628304601074|0.0
0.4193549209619899|0.0
0.4520174127896933|0.0
0.4193549209619899|0.0
0.4385187748737141|0.0
0.4520174127896933|0.0
0.4520174127896933|0.0
0.43721863986763543|0.0
0.47357938133433103|0.0
0.41201210399956956|0.0
0.4272725156425978|0.0
0.4425128446361657|0.0
0.41201210399956956|0.0
0.38977744992233004|0.0
0.44158957503922946|0.0
0.44158957503922946|0.0
0.4193549209619899|0.0
0.4193549209619899|0.0
0.4193549209619899|0.0
0.4193549209619899|0.0
0.4193549209619899|0.0
0.4193549209619899|0.0
0.4193549209619899|0.0
0.4193549209619899|0.0
0.4193549209619899|0.0
0.4250016840950469|0.0
0.345318801407377|0.0
0.4586892458758364|0.0
0.4677710381288068|0.0
0.654516370273921|1.0
0.6410177323579418|1.0
0.5467830257149504|1.0
0.4542724002128276|0.0
0.5498257243041137|1.0
0.6920145184089465|1.0
