PredictedProbability|PredictedLabel
0.41938184289852254|0.0
0.41938184289852254|0.0
0.4390975366269734|0.0
0.4840365802963163|0.0
0.4981417050809906|0.0
0.5060335827067507|1.0
0.4731419295265658|0.0
0.4503885491594219|0.0
0.4618509169941172|0.0
0.4490571705582102|0.0
0.4993478749549946|0.0
0.48965187663182774|0.0
0.4143340529818307|0.0
0.44307024010418006|0.0
0.44213522326566645|0.0
0.41938184289852254|0.0
0.4796321812265438|0.0
0.5458042013247966|1.0
0.4731419295265658|0.0
0.41938184289852254|0.0
0.4390975366269734|0.0
0.4885642841655809|0.0
0.4731419295265658|0.0
0.41938184289852254|0.0
0.4556726309853959|0.0
0.44213522326566645|0.0
0.42934147682975937|0.0
0.4759618932843649|0.0
0.47842601135253987|0.0
0.44213522326566645|0.0
0.41938184289852254|0.0
0.41938184289852254|0.0
0.4302621472842282|0.0
0.41938184289852254|0.0
0.4885642841655809|0.0
0.44213522326566645|0.0
0.41938184289852254|0.0
0.41938184289852254|0.0
0.4796321812265438|0.0
0.48965187663182774|0.0
0.41938184289852254|0.0
0.4522734960787075|0.0
0.41938184289852254|0.0
0.4556726309853959|0.0
0.44213522326566645|0.0
0.44307024010418006|0.0
0.47842601135253987|0.0
0.44213522326566645|0.0
0.42934147682975937|0.0
0.41938184289852254|0.0
