PredictedProbability|PredictedLabel
0.5013910974364808|1.0
0.41938184289852254|0.0
0.41938184289852254|0.0
0.41938184289852254|0.0
0.5055094911674962|1.0
0.43432785386305717|0.0
0.42934147682975937|0.0
0.6360825800532096|1.0
0.5913195697209838|1.0
0.42934147682975937|0.0
0.44307024010418006|0.0
0.4194306408841288|0.0
0.41938184289852254|0.0
0.41938184289852254|0.0
0.4556726309853959|0.0
0.4981417050809906|0.0
0.46582362047132386|0.0
0.44213522326566645|0.0
0.4556726309853959|0.0
0.47842601135253987|0.0
0.5179347394887787|1.0
0.4731419295265658|0.0
0.4503885491594219|0.0
0.41938184289852254|0.0
0.4818821460949863|0.0
0.509898718408365|1.0
