PredictedProbability|PredictedLabel
0.40585628304601074|0.0
0.4193549209619899|0.0
0.4193549209619899|0.0
0.4193549209619899|0.0
0.4193549209619899|0.0
0.4137738777266186|0.0
0.4193549209619899|0.0
0.4193549209619899|0.0
0.4193549209619899|0.0
0.4137738777266186|0.0
0.4193549209619899|0.0
0.4193549209619899|0.0
0.4193549209619899|0.0
0.40585628304601074|0.0
0.4193549209619899|0.0
0.4193549209619899|0.0
0.4193549209619899|0.0
0.40585628304601074|0.0
0.4193549209619899|0.0
0.4193549209619899|0.0
0.4193549209619899|0.0
0.40585628304601074|0.0
0.4193549209619899|0.0
0.4193549209619899|0.0
0.4193549209619899|0.0
0.4137738777266186|0.0
0.4193549209619899|0.0
0.4193549209619899|0.0
0.4193549209619899|0.0
0.40585628304601074|0.0
0.4193549209619899|0.0
0.4193549209619899|0.0
0.4193549209619899|0.0
0.4193549209619899|0.0
0.4137738777266186|0.0
0.4193549209619899|0.0
0.4193549209619899|0.0
0.34521284615320574|0.0
0.4193549209619899|0.0
0.4193549209619899|0.0
0.4193549209619899|0.0
0.4137738777266186|0.0
0.4193549209619899|0.0
0.4193549209619899|0.0
0.4193549209619899|0.0
0.4137738777266186|0.0
0.4193549209619899|0.0
0.4193549209619899|0.0
0.4193549209619899|0.0
0.4137738777266186|0.0
0.4193549209619899|0.0
0.4193549209619899|0.0
0.4193549209619899|0.0
0.4272725156425978|0.0
0.4193549209619899|0.0
