PredictedProbability|PredictedLabel
0.4055945577789536|0.0
0.4207585370749142|0.0
0.4615557364591244|0.0
0.4485637240095387|0.0
0.43034096756707846|0.0
0.4295344581134287|0.0
0.4295344581134287|0.0
0.4055945577789536|0.0
0.43034096756707846|0.0
0.4295344581134287|0.0
0.4295344581134287|0.0
0.43034096756707846|0.0
0.4055945577789536|0.0
0.41800193795225155|0.0
0.4295344581134287|0.0
0.4295344581134287|0.0
0.4295344581134287|0.0
0.4295344581134287|0.0
0.4295344581134287|0.0
0.44902036895131436|0.0
0.49378022480863926|0.0
0.4476488226930022|0.0
0.44902036895131436|0.0
0.46667808858911214|0.0
0.4295344581134287|0.0
0.436116302531825|0.0
0.42370892235852703|0.0
0.43034096756707846|0.0
0.4295344581134287|0.0
0.4295344581134287|0.0
0.41800193795225155|0.0
0.4295344581134287|0.0
0.4414832265855229|0.0
0.41800193795225155|0.0
0.4295344581134287|0.0
0.41800193795225155|0.0
0.41800193795225155|0.0
0.41800193795225155|0.0
0.41800193795225155|0.0
0.41800193795225155|0.0
0.44902036895131436|0.0
0.4485637240095387|0.0
0.4297307960064118|0.0
0.41800193795225155|0.0
0.4055945577789536|0.0
0.44902036895131436|0.0
