PredictedProbability|PredictedLabel
0.41938184289852254|0.0
0.4369253188241175|0.0
0.6122390921860841|1.0
0.47315139294616576|0.0
0.4369253188241175|0.0
0.4369253188241175|0.0
0.41938184289852254|0.0
0.41938184289852254|0.0
0.4369253188241175|0.0
0.4369253188241175|0.0
0.40284778999870374|0.0
0.41938184289852254|0.0
0.41938184289852254|0.0
0.41938184289852254|0.0
0.41938184289852254|0.0
0.41938184289852254|0.0
0.4369253188241175|0.0
0.4229202125463082|0.0
0.41938184289852254|0.0
0.41938184289852254|0.0
0.41938184289852254|0.0
0.41938184289852254|0.0
0.41938184289852254|0.0
0.4390975366269734|0.0
0.4369253188241175|0.0
0.41938184289852254|0.0
0.41938184289852254|0.0
0.41938184289852254|0.0
0.4369253188241175|0.0
0.41938184289852254|0.0
0.41938184289852254|0.0
0.4369253188241175|0.0
0.4369253188241175|0.0
0.4264910201418465|0.0
0.41938184289852254|0.0
0.4390975366269734|0.0
0.4369253188241175|0.0
0.41938184289852254|0.0
0.41938184289852254|0.0
0.41938184289852254|0.0
0.41938184289852254|0.0
0.41938184289852254|0.0
0.41938184289852254|0.0
0.41938184289852254|0.0
0.4369253188241175|0.0
0.4369253188241175|0.0
0.4369253188241175|0.0
