PredictedProbability|PredictedLabel
0.4207585370749142|0.0
0.42192951982996957|0.0
0.4327073055470083|0.0
0.4207585370749142|0.0
0.4207585370749142|0.0
0.41880844740590123|0.0
0.4207585370749142|0.0
0.4207585370749142|0.0
0.4207585370749142|0.0
0.4207585370749142|0.0
0.4207585370749142|0.0
0.4327073055470083|0.0
0.4207585370749142|0.0
0.4207585370749142|0.0
0.40922601691373695|0.0
0.4207585370749142|0.0
0.4207585370749142|0.0
0.4338782883020638|0.0
0.4207585370749142|0.0
0.4207585370749142|0.0
0.4207585370749142|0.0
0.40922601691373695|0.0
0.4207585370749142|0.0
0.4207585370749142|0.0
0.4327073055470083|0.0
0.4207585370749142|0.0
0.4211747853858311|0.0
0.4207585370749142|0.0
0.4207585370749142|0.0
0.40922601691373695|0.0
0.4055945577789536|0.0
0.4207585370749142|0.0
0.4207585370749142|0.0
0.40922601691373695|0.0
0.4055945577789536|0.0
0.4327073055470083|0.0
0.4207585370749142|0.0
0.4211747853858311|0.0
0.4055945577789536|0.0
0.4207585370749142|0.0
0.4207585370749142|0.0
0.4211747853858311|0.0
0.4207585370749142|0.0
0.4207585370749142|0.0
0.4207585370749142|0.0
0.42192951982996957|0.0
0.4207585370749142|0.0
0.4327073055470083|0.0
