PredictedProbability|PredictedLabel
0.4530155276513721|0.0
0.4556726309853959|0.0
0.5652996342964032|1.0
0.5283239236677876|1.0
0.49026211024316285|0.0
0.4818821460949863|0.0
0.4337552591174899|0.0
0.46750872987601894|0.0
0.46750872987601894|0.0
0.46278593383263084|0.0
0.4731419295265658|0.0
0.4556726309853959|0.0
0.4977405126158862|0.0
0.47405211541022874|0.0
0.4337552591174899|0.0
0.4337552591174899|0.0
0.4016806595497965|0.0
0.41922413547539134|0.0
0.45656824368320237|0.0
0.47826830392940867|0.0
0.4819643810003253|0.0
0.4244340399169403|0.0
0.4556726309853959|0.0
0.5283239236677876|1.0
0.5125151212999579|1.0
0.45650863948463377|0.0
0.44213522326566645|0.0
0.42934147682975937|0.0
0.45347095284594074|0.0
0.48553931419977464|0.0
0.44213522326566645|0.0
0.48976174093281416|0.0
0.5094327176134392|1.0
0.5046355264621302|1.0
0.46750872987601894|0.0
0.4337552591174899|0.0
0.519001729623087|1.0
0.48553931419977464|0.0
0.45650863948463377|0.0
0.4830144466876571|0.0
0.49828205627211875|0.0
0.5616111549098097|1.0
0.46582362047132386|0.0
0.47842601135253987|0.0
0.4927994275715072|0.0
0.4762243332130846|0.0
0.4369253188241175|0.0
0.42934147682975937|0.0
0.42934147682975937|0.0
0.4390975366269734|0.0
0.41938184289852254|0.0
0.41938184289852254|0.0
0.41938184289852254|0.0
0.41938184289852254|0.0
0.41938184289852254|0.0
0.4556726309853959|0.0
0.44213522326566645|0.0
0.41938184289852254|0.0
0.41938184289852254|0.0
