PredictedProbability|PredictedLabel
0.5016822341180298|1.0
0.4777154045609587|0.0
0.4556495553396732|0.0
0.5425129883124399|1.0
0.4564932024221834|0.0
0.4564932024221834|0.0
0.45835525795832|0.0
0.5102649926797731|1.0
0.5320683043140301|1.0
0.5858399644721496|1.0
0.6180880902042865|1.0
0.6357892735530126|1.0
0.6709929011682731|1.0
0.6483916644342286|1.0
0.6483916644342286|1.0
0.6415543548364051|1.0
0.5222752085681991|1.0
0.47842601135253987|0.0
0.44213522326566645|0.0
0.4556726309853959|0.0
0.47842601135253987|0.0
0.46582362047132386|0.0
0.47842601135253987|0.0
0.47842601135253987|0.0
0.47842601135253987|0.0
0.44213522326566645|0.0
0.4556726309853959|0.0
0.47842601135253987|0.0
0.47842601135253987|0.0
0.43872680484160653|0.0
0.45302987403541695|0.0
0.46582362047132386|0.0
0.44213522326566645|0.0
0.41938184289852254|0.0
0.42934147682975937|0.0
0.41938184289852254|0.0
0.41938184289852254|0.0
0.41938184289852254|0.0
0.41938184289852254|0.0
0.3969054374951399|0.0
0.41938184289852254|0.0
0.41938184289852254|0.0
0.41938184289852254|0.0
0.41938184289852254|0.0
0.42934147682975937|0.0
0.41938184289852254|0.0
0.4556726309853959|0.0
0.47842601135253987|0.0
0.47842601135253987|0.0
0.47842601135253987|0.0
0.44213522326566645|0.0
0.4556726309853959|0.0
0.44213522326566645|0.0
