PredictedProbability|PredictedLabel
0.4207585370749142|0.0
0.4209548749678972|0.0
0.4324873951290744|0.0
0.4209548749678972|0.0
0.4209548749678972|0.0
0.4305373054600615|0.0
0.4305373054600615|0.0
0.4420698256212387|0.0
0.4424860739321558|0.0
0.4305373054600615|0.0
0.4305373054600615|0.0
0.4305373054600615|0.0
0.4305373054600615|0.0
0.43034096756707846|0.0
0.40922601691373695|0.0
0.41800193795225155|0.0
0.4297307960064118|0.0
0.4305373054600615|0.0
0.41800193795225155|0.0
0.4055945577789536|0.0
0.4305373054600615|0.0
0.4297307960064118|0.0
0.4305373054600615|0.0
0.43034096756707846|0.0
0.4430782143513067|0.0
0.4420698256212387|0.0
0.4586617778881913|0.0
0.4324873951290744|0.0
0.4055945577789536|0.0
0.4420698256212387|0.0
0.4420698256212387|0.0
0.5008588928253769|1.0
0.4493702334631884|0.0
0.4420698256212387|0.0
0.4420698256212387|0.0
0.4420698256212387|0.0
0.4055945577789536|0.0
0.4324873951290744|0.0
0.4295344581134287|0.0
0.4055945577789536|0.0
