PredictedProbability|PredictedLabel
0.4207585370749142|0.0
0.45499323895540533|0.0
0.43034096756707846|0.0
0.44304447048331114|0.0
0.43151195032213396|0.0
0.4422897360391727|0.0
0.4434607187942281|0.0
0.4422897360391727|0.0
0.43346203999114674|0.0
0.4307572158779955|0.0
0.4324873951290744|0.0
0.40922601691373695|0.0
0.40922601691373695|0.0
0.44304447048331114|0.0
0.4667220970095656|0.0
0.43034096756707846|0.0
0.4207585370749142|0.0
0.4327073055470083|0.0
0.43034096756707846|0.0
0.4207585370749142|0.0
0.43034096756707846|0.0
0.4327073055470083|0.0
0.4207585370749142|0.0
0.4207585370749142|0.0
0.4295344581134287|0.0
0.4055945577789536|0.0
0.4422897360391727|0.0
0.4055945577789536|0.0
0.43346203999114674|0.0
0.4377432716384738|0.0
0.43034096756707846|0.0
0.4207585370749142|0.0
0.4207585370749142|0.0
0.4305373054600615|0.0
0.4207585370749142|0.0
0.4327073055470083|0.0
0.4207585370749142|0.0
0.4207585370749142|0.0
0.43151195032213396|0.0
0.4327073055470083|0.0
0.4207585370749142|0.0
0.43151195032213396|0.0
0.4207585370749142|0.0
0.4207585370749142|0.0
