PredictedProbability|PredictedLabel
0.4870951034916506|0.0
0.48589872876689727|0.0
0.48689683805400275|0.0
0.4877805246233437|0.0
0.48773477393986236|0.0
0.4861257967282054|0.0
0.47922894149925427|0.0
0.4864505721184264|0.0
0.48464319901709807|0.0
0.48384460979475724|0.0
0.4864505721184264|0.0
0.4866840728274941|0.0
0.4859509557849577|0.0
0.4859509557849577|0.0
0.4866840728274941|0.0
0.4856886271254277|0.0
0.48551379485978946|0.0
0.48551379485978946|0.0
0.48825746551206933|0.0
0.48551379485978946|0.0
0.48790837628896105|0.0
0.48831359577451044|0.0
0.48742329931112555|0.0
0.4854384646105134|0.0
0.4880933371032619|0.0
0.48661592912452195|0.0
0.4876560772250112|0.0
