PredictedProbability|PredictedLabel
0.4846806684025864|0.0
0.484127744661775|0.0
0.48586617443380387|0.0
0.4870702678215259|0.0
0.4879193645504871|0.0
0.48930772255605737|0.0
0.4888741484742031|0.0
0.4874251661903085|0.0
0.48743637201486995|0.0
0.4891845683013106|0.0
0.48936395281807804|0.0
0.48964760633591864|0.0
0.4913483214792411|0.0
0.4899347587335627|0.0
0.489465269493395|0.0
0.49021231799439025|0.0
0.4875385954904099|0.0
0.48682992601330133|0.0
0.4863722797502833|0.0
0.4835924581887628|0.0
0.48263854955404273|0.0
0.486482801019205|0.0
0.48650755415127406|0.0
0.4876272968334013|0.0
0.4868064723123541|0.0
0.4886282766768038|0.0
0.48665221092624983|0.0
0.4861212009504401|0.0
0.4874695355382529|0.0
