PredictedProbability|PredictedLabel
0.48652054153043167|0.0
0.485026768868272|0.0
0.4847095680887502|0.0
0.485805448350058|0.0
0.484751908699115|0.0
0.4856963628963039|0.0
0.48572954142026653|0.0
0.487304464389071|0.0
0.48594635474873615|0.0
0.4867733369130927|0.0
0.48552455619074664|0.0
0.48625927914615663|0.0
0.48738292029101477|0.0
0.48934700583216656|0.0
0.4876121573972515|0.0
0.48853116173159633|0.0
0.4881538248424725|0.0
0.4875738252618682|0.0
0.4876121573972515|0.0
0.4859789656751309|0.0
0.4885373028428909|0.0
0.4869342089030624|0.0
0.4876121573972515|0.0
0.48767669421413284|0.0
0.4862748237153565|0.0
0.48611138952503236|0.0
0.49120083317533964|0.0
0.4902316780702314|0.0
0.4885602951555943|0.0
0.48510464289614|0.0
0.48527718724084923|0.0
0.48559818830779483|0.0
0.48559818830779483|0.0
0.48664505700520516|0.0
0.486048784141494|0.0
0.48823330291997336|0.0
0.48813908937080613|0.0
0.4867278965758103|0.0
0.486048784141494|0.0
0.4876405304138693|0.0
0.4862748237153565|0.0
0.48498604002892826|0.0
0.4845180123995883|0.0
0.4870441950360789|0.0
0.4881538248424725|0.0
0.48558224092858276|0.0
0.4856544394393121|0.0
0.48466587445480097|0.0
0.48403519503479653|0.0
0.48447710592377907|0.0
0.48704305023250766|0.0
0.48633731035302474|0.0
0.4845346982809052|0.0
0.4859349491511004|0.0
0.4854258932087348|0.0
0.48449044250766543|0.0
0.48433040466430916|0.0
