PredictedProbability|PredictedLabel
0.48715754207674783|0.0
0.48715754207674783|0.0
0.4876560772250112|0.0
0.48813908937080613|0.0
0.4897613952529223|0.0
0.49302226661822685|0.0
0.49031501039969094|0.0
0.49272707825867235|0.0
0.4914127393038508|0.0
0.4845964646114156|0.0
0.48973226735047687|0.0
0.4890683689468621|0.0
0.4851638064718672|0.0
0.4890735946186224|0.0
0.4831029472319752|0.0
0.48224662212021013|0.0
0.48657254338775124|0.0
0.48604776902009417|0.0
0.4855657609013752|0.0
0.48727252424918366|0.0
0.48695749323699783|0.0
0.4866010319532604|0.0
0.4923353271822338|0.0
0.4913891957317128|0.0
0.4876625360601149|0.0
0.4861449789526233|0.0
0.4854392803177776|0.0
0.4850273134190867|0.0
0.4837690468996329|0.0
0.48748562043890287|0.0
0.4850985492333042|0.0
0.4850985492333042|0.0
0.4871961624353066|0.0
0.485943379710342|0.0
0.4862612655179125|0.0
0.4871961624353066|0.0
0.48562432717107373|0.0
0.4858441558720042|0.0
0.4896230815812987|0.0
0.4890151460361521|0.0
0.487564466990638|0.0
0.48993974874414314|0.0
0.4890414554816572|0.0
0.48833066544456405|0.0
0.48603081279270477|0.0
0.4869572383956987|0.0
0.4866182681755636|0.0
0.48698187639711465|0.0
0.4866462314931646|0.0
0.48495559292866597|0.0
0.48494618949282187|0.0
0.48545515233827585|0.0
0.4891753773856319|0.0
0.48877837860379253|0.0
0.48575225538014927|0.0
