PredictedProbability|PredictedLabel
0.4848199419157707|0.0
0.4842670086009085|0.0
0.4849220128254098|0.0
0.4856946758683884|0.0
0.48691595226212825|0.0
0.4874994369404566|0.0
0.48792373001341055|0.0
0.4871050307601923|0.0
0.4884478346882755|0.0
0.48702558618646147|0.0
0.48736622264071233|0.0
0.48729177801883505|0.0
0.487180651333833|0.0
0.4883267676904808|0.0
0.4891071038570254|0.0
0.4876208396626123|0.0
0.48697249281012994|0.0
0.4860890223654362|0.0
0.48809992241295086|0.0
0.48784373839243367|0.0
0.48799768374650343|0.0
0.48696257628170886|0.0
0.4867334725295675|0.0
0.48573884521122196|0.0
0.4865387804995481|0.0
0.48617451866656863|0.0
0.4869173675169511|0.0
0.48754557678233773|0.0
0.48706825254692093|0.0
0.4876675467060472|0.0
0.48683483644126074|0.0
0.48736622264071233|0.0
0.48706987964589676|0.0
0.48734824895064327|0.0
0.48697477553937873|0.0
0.4869173675169511|0.0
