PredictedProbability|PredictedLabel
0.48575750164539805|0.0
0.48519510239936137|0.0
0.4870796734943786|0.0
0.48651021583213316|0.0
0.48981089830842073|0.0
0.49129050748633896|0.0
0.4878255647218715|0.0
0.4926894367776476|0.0
0.4889861614673764|0.0
0.4857978704591022|0.0
0.48661592912452195|0.0
0.48777336248436637|0.0
0.49106379405411105|0.0
0.48881677737129287|0.0
0.49022821107310816|0.0
0.4905632651642391|0.0
0.49038653655517705|0.0
0.4889189249095826|0.0
0.4890157064009615|0.0
0.4854296750693575|0.0
0.4852615207951213|0.0
0.48716476765356054|0.0
0.4858456848417088|0.0
0.48637837989623467|0.0
0.4850833280768444|0.0
0.48498947590192737|0.0
0.4856137486408391|0.0
0.48605137360291817|0.0
0.48601065705437857|0.0
0.48738183432427795|0.0
0.48774465819295404|0.0
0.48763938554111885|0.0
0.48633616563567855|0.0
0.48659478412958346|0.0
0.48667283285757645|0.0
0.4858397157269893|0.0
0.48877062783798964|0.0
0.4876164266550561|0.0
0.48784528796163146|0.0
0.48740193518904595|0.0
0.48740193518904595|0.0
0.4875950677439793|0.0
0.48588791956443794|0.0
