PredictedProbability|PredictedLabel
0.48562657788844443|0.0
0.48413296209500956|0.0
0.48613184804240667|0.0
0.4861454300127615|0.0
0.4856583096885433|0.0
0.48516427198669027|0.0
0.48523675328550375|0.0
0.4850663123123959|0.0
0.48448650881980476|0.0
0.4857604853317035|0.0
0.48526205261742017|0.0
0.4851185342863894|0.0
0.4865764561869101|0.0
0.487691622170356|0.0
0.4856992008596877|0.0
0.48759363549407453|0.0
0.49003470139232985|0.0
0.48813908937080613|0.0
0.48739625278510684|0.0
0.4892200662666127|0.0
0.48964529659954475|0.0
0.48813908937080613|0.0
0.4868939977375871|0.0
0.4881859017413169|0.0
0.4876513462856418|0.0
0.4862600910789883|0.0
0.487533611467876|0.0
0.4870585659875454|0.0
0.4862600910789883|0.0
0.48527965813789853|0.0
0.48509601159839294|0.0
0.4848911834210526|0.0
0.4853868109821519|0.0
0.48643740934877566|0.0
0.4859789656751309|0.0
0.4866314742953476|0.0
0.4864365230210829|0.0
0.4885763693403056|0.0
0.486106899018472|0.0
0.4876560772250112|0.0
