PredictedProbability|PredictedLabel
0.48816331628345067|0.0
0.4899166459434009|0.0
0.4886531685225815|0.0
0.48843516770543105|0.0
0.48637707755412174|0.0
0.49070403272820756|0.0
0.48974015544767896|0.0
0.48843516770543105|0.0
0.487865503306059|0.0
0.4876705272848652|0.0
0.4876673870440315|0.0
0.4864356960451111|0.0
0.4883707840246683|0.0
0.4864031832420645|0.0
0.4862749084567922|0.0
0.48724189562206077|0.0
0.4858661487944733|0.0
0.4884352301331903|0.0
0.4872689108327133|0.0
0.4875754940903394|0.0
0.4877478332028684|0.0
0.4870584699587972|0.0
0.48915463021596706|0.0
0.4903723652863887|0.0
0.4901322616725057|0.0
0.4887969462287252|0.0
0.48910571004385917|0.0
0.48813226162334494|0.0
0.4872177669557623|0.0
0.4887886275406881|0.0
0.4884795711222888|0.0
0.49030495130888474|0.0
0.48766434932058705|0.0
0.4894103739323032|0.0
0.4882201116799361|0.0
0.487748230364686|0.0
