PredictedProbability|PredictedLabel
0.48454528643050754|0.0
0.48430994778295056|0.0
0.48437820161373035|0.0
0.4865271599270751|0.0
0.48733051498720437|0.0
0.48928992706467367|0.0
0.48682731141661223|0.0
0.4873144511779062|0.0
0.4870413484259321|0.0
0.4876459428456791|0.0
0.4853029872994838|0.0
0.4919683975209777|0.0
0.4899818898724576|0.0
0.49176896319963004|0.0
0.4910956249561118|0.0
0.4882790500897315|0.0
0.48625299165254987|0.0
0.48765511272747813|0.0
0.4865203891019616|0.0
0.4906357556586027|0.0
0.4873674890898704|0.0
0.4871743945073815|0.0
0.48772312423319114|0.0
0.48805109554643317|0.0
0.4870937773757848|0.0
0.4874536875507198|0.0
0.4863144052210969|0.0
0.4886621532891553|0.0
0.48677277468838664|0.0
0.4868359153797292|0.0
0.48741776390395586|0.0
0.48595024249024793|0.0
0.48621156536184457|0.0
0.48687269270171146|0.0
0.48686818711702845|0.0
0.4853039228486188|0.0
0.4860694957828914|0.0
0.48718679358107747|0.0
0.48717778652957|0.0
0.48647649782762853|0.0
0.48556255092964273|0.0
0.4872394298188609|0.0
0.4863617625226493|0.0
0.4858802360174336|0.0
0.4877133082652549|0.0
0.4861657027756447|0.0
0.48888275975308465|0.0
0.48647649782762853|0.0
0.4863666284342235|0.0
0.4869905016643705|0.0
0.4864810430647673|0.0
0.4866603807016447|0.0
0.48654926136317184|0.0
