PredictedProbability|PredictedLabel
0.4839268772445546|0.0
0.48439822269822996|0.0
0.48382105443995815|0.0
0.4854045789581183|0.0
0.48640114762814707|0.0
0.4871098939517521|0.0
0.4843272239098656|0.0
0.48599795698920467|0.0
0.4865811101761315|0.0
0.4871098939517521|0.0
0.4841413214574639|0.0
0.48599795698920467|0.0
0.4872181147782835|0.0
0.4866384002774618|0.0
0.48474596791515406|0.0
0.4865892071727712|0.0
0.4876183046213516|0.0
0.48745154046037636|0.0
0.4854104141838502|0.0
0.48599795698920467|0.0
0.4872181147782835|0.0
0.4876076146534169|0.0
0.4854104141838502|0.0
0.48599795698920467|0.0
0.4872181147782835|0.0
0.4852311017688256|0.0
0.48481422542502056|0.0
0.48646941815829586|0.0
0.4878827410558109|0.0
0.4878827410558109|0.0
0.48600379261126764|0.0
0.48817906018525264|0.0
0.48821182139813557|0.0
0.4882685946221453|0.0
0.4854104141838502|0.0
0.48672499899602684|0.0
0.48771211405577036|0.0
0.4882685946221453|0.0
0.48540101024042126|0.0
0.4873620131583327|0.0
0.48821182139813557|0.0
0.4882685946221453|0.0
0.4872892434296809|0.0
0.48576257769947295|0.0
0.48668502180248185|0.0
0.48604522553998897|0.0
