PredictedProbability|PredictedLabel
0.4834274129436167|0.0
0.48493798024561185|0.0
0.4862675354845666|0.0
0.48512102187264633|0.0
0.4876646357587904|0.0
0.4886195387464435|0.0
0.48854706637600537|0.0
0.4915116473908405|0.0
0.489740016020893|0.0
0.49470171104466604|0.0
0.48734341081056637|0.0
0.4873576461638199|0.0
0.48744069825922726|0.0
0.48753801103156497|0.0
0.48707390222880104|0.0
0.48833887885043115|0.0
0.490598138181631|0.0
0.4888186902725846|0.0
0.4874776701553212|0.0
0.4883747419398226|0.0
0.48555202015225757|0.0
0.4898119414708435|0.0
0.48892263613845244|0.0
0.4870564741583252|0.0
0.4861454081480153|0.0
0.49128820715164173|0.0
0.4925031881467836|0.0
0.48899091397103484|0.0
0.4921929998014687|0.0
0.49685328560419945|0.0
0.49084452304524334|0.0
0.493732735666073|0.0
0.494551872664512|0.0
0.49011449162561704|0.0
0.4901606604898652|0.0
0.4925741945879467|0.0
0.4888745436388094|0.0
0.4888995101841728|0.0
0.48802336054046513|0.0
0.48930914929124497|0.0
0.48853636493968117|0.0
0.48925965966784724|0.0
0.48829030790027805|0.0
0.4869301862008471|0.0
0.4859546765608196|0.0
0.4860788985943297|0.0
0.48986714204019566|0.0
0.4885582172181555|0.0
0.48658259991767444|0.0
0.4867692665367006|0.0
0.48694159147763166|0.0
0.4886094744539967|0.0
0.4879143664884057|0.0
0.4888857533192283|0.0
