PredictedProbability|PredictedLabel
0.48690569844343196|0.0
0.48617199303943764|0.0
0.48622209121049453|0.0
0.4866498813727891|0.0
0.486607055547843|0.0
0.48621268639992776|0.0
0.4867103603073117|0.0
0.486048784141494|0.0
0.4860324763044394|0.0
0.48616148735983616|0.0
0.4856025598657729|0.0
0.4846720130204341|0.0
0.4855851556756882|0.0
0.48610101203799905|0.0
0.48610101203799905|0.0
0.48637475388307205|0.0
0.48609160735363666|0.0
0.48674710591142534|0.0
0.4881376067936862|0.0
0.4867762620090418|0.0
0.4870729482288398|0.0
0.4861272120424482|0.0
0.48683966090602004|0.0
0.4863322456850113|0.0
0.48651158043701553|0.0
0.48685054144604345|0.0
0.48588898163551114|0.0
0.48548737763534144|0.0
0.4871989912213539|0.0
0.48601886924319493|0.0
0.48522698352860305|0.0
