PredictedProbability|PredictedLabel
0.4844572361106281|0.0
0.48610431455889314|0.0
0.4844621533475133|0.0
0.4848720498739666|0.0
0.48563868666413224|0.0
0.4868062823273748|0.0
0.48824960159769554|0.0
0.48592335566649847|0.0
0.4860161795275086|0.0
0.4841641121994202|0.0
0.48592335566649847|0.0
0.48748317276890146|0.0
0.48836591268943513|0.0
0.4869748125683945|0.0
0.4868665944730844|0.0
0.48666095702081313|0.0
0.4867881418882656|0.0
0.4864165189922104|0.0
0.48630830735794983|0.0
0.48539776723138883|0.0
0.4840679850151529|0.0
0.485437891323351|0.0
0.485303952862934|0.0
0.4851694970671361|0.0
0.48628227461046697|0.0
0.485897324034|0.0
0.4867194728798412|0.0
0.48491230429695553|0.0
0.487622649776935|0.0
0.48636907996964207|0.0
0.48561776115053984|0.0
0.48477654055297686|0.0
0.48644960380281277|0.0
0.4871852228658146|0.0
0.487071209697607|0.0
0.4860391628156555|0.0
