PredictedProbability|PredictedLabel
0.4866578877215123|0.0
0.48551379485978946|0.0
0.48639077869412006|0.0
0.486424477492575|0.0
0.4856792228791883|0.0
0.4856792228791883|0.0
0.48623747139661877|0.0
0.48626430279660326|0.0
0.48626430279660326|0.0
0.48704447995672856|0.0
0.4862845028146011|0.0
0.4864593501988014|0.0
0.48495559292866597|0.0
0.4855312199802678|0.0
0.48494618949282187|0.0
0.48573565564739385|0.0
0.4857776539828491|0.0
0.48495559292866597|0.0
0.4866578877215123|0.0
0.48495559292866597|0.0
0.4859535961438506|0.0
0.48611630371883435|0.0
0.4860464896418984|0.0
0.4882472117872502|0.0
0.4863904365292812|0.0
0.4851903994932646|0.0
0.4846633781821436|0.0
0.48651308750990985|0.0
0.4874567351171102|0.0
0.48495559292866597|0.0
0.4876560772250112|0.0
0.4854384646105134|0.0
0.4867757500507351|0.0
0.4854290606362898|0.0
0.48791865209318674|0.0
0.4875242293841384|0.0
0.4875242293841384|0.0
0.48574258952991634|0.0
0.48902070375012946|0.0
0.48494618949282187|0.0
0.4877527111656675|0.0
0.4856886271254277|0.0
0.4878283085789005|0.0
