PredictedProbability|PredictedLabel
0.48569786876195564|0.0
0.4857205169161389|0.0
0.48579995021240935|0.0
0.4879380765831307|0.0
0.4866946483612408|0.0
0.4886840299237106|0.0
0.4877446816537916|0.0
0.4876702342168018|0.0
0.4877286642251853|0.0
0.48681888041336224|0.0
0.4877686605809126|0.0
0.48744832735319454|0.0
0.4872529583036907|0.0
0.48796238230090827|0.0
0.48749941459441765|0.0
0.4878132328307054|0.0
0.48798200615513254|0.0
0.4905393914346022|0.0
0.48784799843027443|0.0
0.48814322381609593|0.0
0.4874090690047569|0.0
0.48967930024309547|0.0
0.4893332611492442|0.0
0.49187032005379083|0.0
0.4885457401399304|0.0
0.4867070856743061|0.0
0.48972109940368963|0.0
0.48677821054242054|0.0
0.4894364908481155|0.0
0.4919403850644033|0.0
0.49179150182094233|0.0
0.4898126331953398|0.0
0.49299858563703725|0.0
0.49186161323148175|0.0
0.4931415433696377|0.0
0.4919902852646047|0.0
