PredictedProbability|PredictedLabel
0.48774465819295404|0.0
0.4876675467060472|0.0
0.48697477553937873|0.0
0.48736622264071233|0.0
0.48754557678233773|0.0
0.4873220455460191|0.0
0.489021042376191|0.0
0.48813908937080613|0.0
0.4869854121959258|0.0
0.4875020254066196|0.0
0.4871408512322656|0.0
0.4876560772250112|0.0
0.48813908937080613|0.0
0.489021042376191|0.0
0.48813908937080613|0.0
0.4875020254066196|0.0
0.48813908937080613|0.0
0.4869854121959258|0.0
0.48813908937080613|0.0
0.4876405304138693|0.0
0.4881538248424725|0.0
0.48813908937080613|0.0
0.48813908937080613|0.0
0.48813908937080613|0.0
0.4864365230210829|0.0
0.4864365230210829|0.0
0.4876405304138693|0.0
0.48715754207674783|0.0
0.4876560772250112|0.0
0.48813908937080613|0.0
0.48813908937080613|0.0
0.48813908937080613|0.0
0.48813908937080613|0.0
0.48494535243156334|0.0
0.48813908937080613|0.0
0.4876405304138693|0.0
0.4876560772250112|0.0
0.48813908937080613|0.0
0.48977907597841674|0.0
0.49027585743014795|0.0
0.4915104933510373|0.0
0.49167842895418573|0.0
0.4914128827310192|0.0
0.4934611074029722|0.0
0.48837262981487545|0.0
