PredictedProbability|PredictedLabel
0.48513625303070074|0.0
0.48342486671147133|0.0
0.486272762237101|0.0
0.484471351839222|0.0
0.48219970488218006|0.0
0.4827795927893053|0.0
0.48542663667353825|0.0
0.4847393627329087|0.0
0.485020986854241|0.0
0.4863390946662956|0.0
0.48682204183271655|0.0
0.48669143644925156|0.0
0.4816894730754825|0.0
0.487076786913404|0.0
0.48670084174802264|0.0
0.48966294534150456|0.0
0.48452543269079784|0.0
0.4870513006651767|0.0
0.4846757616631162|0.0
0.48529026516072926|0.0
0.4838946550747675|0.0
0.4847393627329087|0.0
0.4834233402016302|0.0
