PredictedProbability|PredictedLabel
0.48602092134478325|0.0
0.4853814125026035|0.0
0.4871032676646423|0.0
0.48510724200820704|0.0
0.48480600293916026|0.0
0.48832687804832287|0.0
0.4865081760059383|0.0
0.4878100997629372|0.0
0.49004113360690316|0.0
0.49130629329085534|0.0
0.49264215172203274|0.0
0.49093593406310504|0.0
0.4849395305874575|0.0
0.4897550587219656|0.0
0.488239833132387|0.0
0.49105884569803354|0.0
0.48993423681178133|0.0
0.48693841315617103|0.0
0.4841438257548509|0.0
0.48574391640003467|0.0
0.48676394182750055|0.0
0.4826749437140422|0.0
0.4856941276872735|0.0
0.48633107102553635|0.0
0.4846109005302023|0.0
0.4856886271254277|0.0
0.48431875252227763|0.0
0.48865191579819645|0.0
0.4905157085829326|0.0
0.4901871837015036|0.0
0.49176090841612685|0.0
0.4917514990125152|0.0
0.4923080885703767|0.0
0.4906144137114279|0.0
0.49046083799240286|0.0
0.4872968727792754|0.0
0.48442361010028273|0.0
0.4871156715791266|0.0
0.4829686561444417|0.0
0.49123972198999716|0.0
0.47923054223530237|0.0
0.48618092756265524|0.0
0.487787667438789|0.0
0.4863950447060608|0.0
