PredictedProbability|PredictedLabel
0.4844165511489457|0.0
0.48443919583386313|0.0
0.48550704163969083|0.0
0.4865334537588201|0.0
0.486655410935216|0.0
0.48724167262321416|0.0
0.4863416506191152|0.0
0.48645855116666076|0.0
0.48710802938182424|0.0
0.4866739580568396|0.0
0.48657514858199213|0.0
0.4864013743987147|0.0
0.48659664430336946|0.0
0.48728665846489755|0.0
0.4873022047242841|0.0
0.4873479534340929|0.0
0.4872640275525878|0.0
0.4866833633380907|0.0
0.48816512706265575|0.0
0.48874468067191346|0.0
0.48685054144604345|0.0
0.4866833633380907|0.0
