PredictedProbability|PredictedLabel
0.48740340877711613|0.0
0.48669649740480614|0.0
0.48675776753904515|0.0
0.4879318976582014|0.0
0.4829160835725148|0.0
0.48332504559368483|0.0
0.48668788300411997|0.0
0.4848556092545958|0.0
0.4824637351241792|0.0
0.4861205747515322|0.0
0.4855095592297137|0.0
0.48644960380281277|0.0
0.4875555674285631|0.0
0.4898977993386557|0.0
0.48633749128767884|0.0
0.4848703837724313|0.0
0.485379378643642|0.0
0.4849815908005836|0.0
0.48544853685218764|0.0
0.48605930709445694|0.0
0.4861520826123005|0.0
0.48580620638933575|0.0
0.4864753036396858|0.0
0.4854742407458707|0.0
0.48874291991038343|0.0
0.48516657691508736|0.0
0.4884653333198227|0.0
0.48692820150636745|0.0
0.48623888672834653|0.0
0.4864910158566579|0.0
0.48715698423083253|0.0
0.4874132330496703|0.0
0.4814190932184236|0.0
0.4898953458634283|0.0
0.4857714865675541|0.0
0.4879785336627296|0.0
0.4861413133247956|0.0
0.48621715843406205|0.0
0.4860246863206941|0.0
0.48632851246339404|0.0
0.4931405495154714|0.0
