PredictedProbability|PredictedLabel
0.4880690840323138|0.0
0.4911631407997585|0.0
0.490268968253258|0.0
0.49421101095618714|0.0
0.4931347557739371|0.0
0.48992014100657383|0.0
0.4867367794067599|0.0
0.48802942977970226|0.0
0.48737379434709477|0.0
0.48799233682335974|0.0
0.48696088166019524|0.0
0.4861868279345012|0.0
0.48954472586716113|0.0
0.4924647255666358|0.0
0.48612842781939264|0.0
0.483284793508164|0.0
0.48522954669935164|0.0
0.4838495255705515|0.0
0.4848880824479658|0.0
0.4858233951902671|0.0
0.4868244968459938|0.0
0.48692065481073726|0.0
0.4878227033378636|0.0
0.48780601138081847|0.0
0.48722218934515255|0.0
0.48830572322698945|0.0
0.48812547438485604|0.0
0.48914117359341275|0.0
0.48637111795688437|0.0
0.48979565912692835|0.0
0.4858414243071707|0.0
0.48791128574917936|0.0
0.4866065239110812|0.0
0.4870716038690094|0.0
0.48481068602104765|0.0
0.4877198226525032|0.0
0.4885501513120638|0.0
