PredictedProbability|PredictedLabel
0.48652054153043167|0.0
0.4939075427620905|0.0
0.49243540123887114|0.0
0.4859128997919628|0.0
0.4848674143652471|0.0
0.486909725280463|0.0
0.4824000791706212|0.0
0.482389306382587|0.0
0.4862939076995028|0.0
0.48575225538014927|0.0
0.48603081279270477|0.0
0.48323571067564935|0.0
0.4862939076995028|0.0
0.4848182734325102|0.0
0.48520317595351675|0.0
0.48457092539890745|0.0
0.48520317595351675|0.0
0.4854457483457601|0.0
0.48662125710150794|0.0
0.48663066232979324|0.0
0.4876560772250112|0.0
