PredictedProbability|PredictedLabel
0.48462020355512214|0.0
0.4833342841931602|0.0
0.48400502926736494|0.0
0.48512851786779804|0.0
0.4846705695817609|0.0
0.4865756305972435|0.0
0.4853369508956078|0.0
0.4859245372400147|0.0
0.48610386392451277|0.0
0.48490938038782105|0.0
0.48659101470188804|0.0
0.4853283125746085|0.0
0.48398538731428986|0.0
0.486772905649066|0.0
0.486710769499615|0.0
0.48614625377950627|0.0
0.4872724228772163|0.0
0.4853264450348833|0.0
0.48553315135402025|0.0
0.48548737763534144|0.0
0.48566669540442314|0.0
