PredictedProbability|PredictedLabel
0.4229676036184372|0.0
0.45679007587674614|0.0
0.4557736851958484|0.0
0.4683030908162144|0.0
0.4834707395667498|0.0
0.4875148190180872|0.0
0.45838624370242986|0.0
0.454093786911707|0.0
0.4417146861080888|0.0
0.44320845241763107|0.0
0.42230519562147484|0.0
0.4240652685086692|0.0
0.4221014152903828|0.0
0.41951326111865456|0.0
0.40743765742831684|0.0
0.3806722525103412|0.0
0.3892792273581875|0.0
0.38468657279566437|0.0
0.3770129983318411|0.0
0.38807239080905026|0.0
0.3919152576075774|0.0
0.416708049026374|0.0
0.4301719850661779|0.0
0.44459827386869133|0.0
0.4475621047475556|0.0
0.4360085036491941|0.0
0.43802959835439076|0.0
0.4333359381894849|0.0
0.44035350496531345|0.0
0.4470896138077165|0.0
0.4362310775707347|0.0
0.40216860567629004|0.0
0.38378445819104423|0.0
0.38283115065568507|0.0
0.38605827608217036|0.0
0.39597622479586997|0.0
0.3574452754168118|0.0
