PredictedProbability|PredictedLabel
0.42832521315735067|0.0
0.5096926513185924|1.0
0.5020670276211616|1.0
0.4932786303640938|0.0
0.5287123670790398|1.0
0.521987163660287|1.0
0.47722593165778193|0.0
0.42340966285263937|0.0
0.3965105376314535|0.0
0.4469613665172513|0.0
0.4749110248990819|0.0
0.49730130842558523|0.0
0.5166394248682896|1.0
0.5002229311384261|1.0
0.44813879316196337|0.0
0.43270306310201545|0.0
0.5087323091916295|1.0
0.5109065670889072|1.0
0.5566330858312605|1.0
0.5258626367688252|1.0
0.47507289813961945|0.0
0.48800380571045504|0.0
0.4675816327951221|0.0
0.454655696223418|0.0
0.45647546895982705|0.0
0.43624849469819293|0.0
0.420091567428992|0.0
0.4081527292651997|0.0
0.4220275466744039|0.0
0.4218153355410084|0.0
0.4361668262630575|0.0
0.4151149760357626|0.0
0.40595746888306494|0.0
0.3977187165633961|0.0
0.423885599843873|0.0
0.42050361670044506|0.0
0.42471209029636087|0.0
0.41463176870026214|0.0
0.4034625188950044|0.0
0.4006597045412356|0.0
