PredictedProbability|PredictedLabel
0.4499513989779883|0.0
0.47026341353085965|0.0
0.4742241968840417|0.0
0.45376694239419857|0.0
0.4742353708592157|0.0
0.45938227514171204|0.0
0.48801931259268655|0.0
0.4824262612928636|0.0
0.49520444929849533|0.0
0.4842742609892618|0.0
0.43791334543898747|0.0
0.44130127636171035|0.0
0.4293803276153049|0.0
0.43142106984860434|0.0
0.4240727249373172|0.0
0.4218725220161414|0.0
0.4063554586785242|0.0
0.41764323125698993|0.0
0.44829757511807|0.0
0.44781862694966784|0.0
0.4514048405273709|0.0
0.46145708774426586|0.0
0.43305269678085057|0.0
0.43389211071230327|0.0
0.4207350512793087|0.0
0.4062275662405742|0.0
0.3998819675014324|0.0
0.39728744309201136|0.0
0.3675825612455489|0.0
0.36962056377579255|0.0
0.35861541086075943|0.0
0.36442205779693493|0.0
0.36494031560571094|0.0
0.38106089251135294|0.0
0.3655067588846811|0.0
0.36689257073864406|0.0
0.32816447314652264|0.0
0.3550050921944013|0.0
0.35817576141240987|0.0
0.36752140633398084|0.0
0.3862349414205522|0.0
0.4177861926061969|0.0
0.42631524424404643|0.0
0.438063647178958|0.0
0.4503124724611769|0.0
