PredictedProbability|PredictedLabel
0.4964570453624179|0.0
0.48066576507805264|0.0
0.512505691754676|1.0
0.5235552161966713|1.0
0.5561858175875507|1.0
0.5876360703562609|1.0
0.6103256251164609|1.0
0.5870082448496089|1.0
0.5549362522160234|1.0
0.5501425720752091|1.0
0.5407358270262383|1.0
0.5617390719271719|1.0
0.5684730038268211|1.0
0.5367919116102711|1.0
0.47625924519639284|0.0
0.48760947085297507|0.0
0.4837820181595567|0.0
0.4789488915381817|0.0
0.47088241652298024|0.0
0.44250666769593716|0.0
0.4301152105858819|0.0
0.41045570269311504|0.0
0.42288902766550757|0.0
0.4496357702659184|0.0
0.4793423678355154|0.0
0.4932969709544868|0.0
0.49351161454999243|0.0
0.48681270544393984|0.0
0.49730260425287354|0.0
0.48532829222581536|0.0
0.44105727522537735|0.0
0.5058255411518184|1.0
0.5460190739307734|1.0
0.5335944920922119|1.0
0.5378954859522672|1.0
0.5043648829089801|1.0
0.4774527170628368|0.0
0.5024818932919775|1.0
0.48374216928138525|0.0
0.4637958206228481|0.0
0.5008046491872179|1.0
0.5249510059690654|1.0
0.5338865486569572|1.0
0.4905318588402856|0.0
0.5043871111541571|1.0
0.48013654638497477|0.0
