PredictedProbability|PredictedLabel
0.5078147583733631|1.0
0.4862369503625756|0.0
0.507632600722271|1.0
0.5115556807494124|1.0
0.5088724932438059|1.0
0.5087555162563449|1.0
0.5086238941143092|1.0
0.5138525181669752|1.0
0.496864375052846|0.0
0.5117576505215612|1.0
0.5290279285523745|1.0
0.5355829580653639|1.0
0.5336159668075978|1.0
0.5412123363912924|1.0
0.5476572346227833|1.0
0.5248193681257676|1.0
0.5299606591920808|1.0
0.5236867472313482|1.0
0.5226298555708648|1.0
0.5243606873414272|1.0
0.5231979265515194|1.0
0.5690058257940354|1.0
0.5388368025426722|1.0
0.5304372739133983|1.0
