PredictedProbability|PredictedLabel
0.4560119441535069|0.0
0.45034879724518556|0.0
0.48349463242666796|0.0
0.47999788451037934|0.0
0.4825526686261183|0.0
0.46931831935714613|0.0
0.4470944047382596|0.0
0.4505291054819349|0.0
0.37051165683596904|0.0
0.370785172629053|0.0
0.4050825779755427|0.0
0.4265434567985969|0.0
0.42920456438125293|0.0
0.4017289434319904|0.0
0.4239948621295963|0.0
0.4225700111669338|0.0
0.4168181518744714|0.0
0.4069110033141507|0.0
0.3907649303787496|0.0
0.37374589577609957|0.0
0.4162409417267529|0.0
0.385590304952513|0.0
0.43660335738198086|0.0
0.45247763233266863|0.0
0.46532510933199633|0.0
0.4744345951127763|0.0
0.4461219284412052|0.0
0.45793657130168425|0.0
0.45962656990841505|0.0
0.44687623445540336|0.0
