PredictedProbability|PredictedLabel
0.6640184848953697|1.0
0.7222018185333102|1.0
0.8815727943543545|1.0
0.8219667080018978|1.0
0.8143084229970795|1.0
0.8917485133462726|1.0
0.7275974932093368|1.0
0.8130347048046448|1.0
0.8406953027894919|1.0
0.8397277673611108|1.0
0.6115798960727197|1.0
0.8760200249129967|1.0
0.7823947366580795|1.0
0.7508257475671585|1.0
0.6712541271066925|1.0
0.737330239124578|1.0
0.5427694607692035|1.0
0.3546666223287325|0.0
0.7020163760546226|1.0
0.7536465747787049|1.0
0.8215115860969682|1.0
0.8986023894139362|1.0
0.8713350329731289|1.0
0.7765912108351778|1.0
0.5960066907138187|1.0
0.8153311056417991|1.0
0.738048168148757|1.0
0.8879093957685861|1.0
0.8593114315326223|1.0
0.8453665053917958|1.0
0.7808282280102568|1.0
0.5802872456769594|1.0
0.5373953816556171|1.0
0.35030421360843417|0.0
0.291866509658215|0.0
0.2229530974560675|0.0
0.2985902231011429|0.0
0.664456411898388|1.0
0.6281675508151615|1.0
0.6412488608696507|1.0
0.8716740295577914|1.0
0.8370980404236773|1.0
0.842332614667994|1.0
0.7020599715360745|1.0
0.638060936025484|1.0
0.6295425604870752|1.0
0.4630171066372922|0.0
0.44783431352076136|0.0
0.4374545517137653|0.0
0.40689920235099397|0.0
0.3986187942036818|0.0
0.40898163426459616|0.0
0.4336808684016747|0.0
0.40208020546165346|0.0
0.3927390251263117|0.0
