PredictedProbability|PredictedLabel
0.4309535089297181|0.0
0.42547227749472477|0.0
0.40396188659425636|0.0
0.3966079778071421|0.0
0.40383174046644577|0.0
0.3971547303867089|0.0
0.3662365575349345|0.0
0.39740057450693517|0.0
0.394334998822196|0.0
0.40316259345248795|0.0
0.3625753248930768|0.0
0.35289478006667074|0.0
0.3462475092537105|0.0
0.33168914935450927|0.0
0.35209092111115603|0.0
0.378752824442669|0.0
0.4411332981031715|0.0
0.41826736451383945|0.0
0.42339160421722744|0.0
0.4431559040246089|0.0
0.41481088499406377|0.0
0.40995633034233464|0.0
0.4382289065294668|0.0
0.42024199922835054|0.0
0.44026491567707327|0.0
0.4528474554175282|0.0
0.46501975473027934|0.0
0.46230914212969926|0.0
0.4666230439123377|0.0
0.43562885161730686|0.0
0.4386758982927437|0.0
0.44497256830298365|0.0
0.4519095972960392|0.0
0.4192768893554256|0.0
0.41700815857250334|0.0
0.4064480433124033|0.0
0.4035398018068971|0.0
0.4282491695954662|0.0
0.44409470992553796|0.0
0.4632486719532648|0.0
0.44364120402464563|0.0
0.44108045650334976|0.0
0.4584773913374243|0.0
0.48052705412931734|0.0
0.48763185814350485|0.0
0.5149329575887391|1.0
0.5103446693690796|1.0
