PredictedProbability|PredictedLabel
0.5212122433153658|1.0
0.46045797451320897|0.0
0.5238407115962603|1.0
0.5930340659762492|1.0
0.640909218263806|1.0
0.674751998955299|1.0
0.6777379276291168|1.0
0.6921554532578742|1.0
0.6312577544217332|1.0
0.5483322031982175|1.0
0.49594260899083437|0.0
0.5638333104502844|1.0
0.5907477882867239|1.0
0.5348043365942158|1.0
0.5151367320181229|1.0
0.5339774599674053|1.0
0.5313820319673518|1.0
0.5081401840988007|1.0
0.5306949073613366|1.0
0.5005011788098346|1.0
0.5134866811694336|1.0
0.5099007211457647|1.0
0.5178574071958295|1.0
0.5276120573295767|1.0
0.5617303685355289|1.0
0.5863873389643444|1.0
0.5872049598099365|1.0
0.562265127173688|1.0
0.5492076759240337|1.0
0.5516928468857777|1.0
0.5018571489285698|1.0
0.5475516620721773|1.0
0.5565515467262406|1.0
0.5594106081666181|1.0
0.5442539596666716|1.0
0.5379733622944839|1.0
0.5328617930449177|1.0
0.5211808595550319|1.0
0.48977395246621624|0.0
0.49347811405937225|0.0
0.5265745636872409|1.0
0.5320520771051854|1.0
0.5531489573740443|1.0
0.5645860833991756|1.0
0.5562017126557546|1.0
0.5439915101717272|1.0
0.5378160559909937|1.0
0.5395990367205477|1.0
0.5371977109004719|1.0
0.5366271160280021|1.0
