PredictedProbability|PredictedLabel
0.5053255104186465|1.0
0.5048298493352849|1.0
0.7423141535809121|1.0
0.6768697097501681|1.0
0.5518925674108237|1.0
0.4741234515347621|0.0
0.6421027180854215|1.0
0.6299794287701745|1.0
0.6405697504159986|1.0
0.5268556949528165|1.0
0.4461379895361967|0.0
0.4327615796135841|0.0
0.5027466003381024|1.0
0.4481730009278027|0.0
0.394168830671071|0.0
0.45757497331408464|0.0
0.4651900816682471|0.0
0.4751007995905978|0.0
0.5433594870315842|1.0
0.4202097862600657|0.0
0.4527956552654037|0.0
0.41458438611549053|0.0
0.7830436277870514|1.0
0.7641917970971082|1.0
0.7388339629725135|1.0
0.6893755984196087|1.0
0.5983383238103926|1.0
0.5331657804276936|1.0
0.4406166136214504|0.0
0.4440141208245116|0.0
0.4885995460135218|0.0
0.4874826270442322|0.0
0.45377975669230863|0.0
0.42633142443106786|0.0
0.4843016403662195|0.0
0.49109834654197143|0.0
0.45868692427735347|0.0
0.5206396415306916|1.0
0.46355926073403547|0.0
0.45500860593961784|0.0
0.43412904943827085|0.0
0.7264549047800231|1.0
