PredictedProbability|PredictedLabel
0.4858673273466361|0.0
0.36942869382158433|0.0
0.32911191081185603|0.0
0.3013408166575364|0.0
0.2798686426381722|0.0
0.3125601823992707|0.0
0.33824557796482263|0.0
0.3622643470361466|0.0
0.338535180327704|0.0
0.3237022364007456|0.0
0.3742361555270045|0.0
0.3900463428789099|0.0
0.41210153737577193|0.0
0.40132221080769453|0.0
0.36807307562888986|0.0
0.3743450801770008|0.0
0.41702795832635814|0.0
0.46602489735447766|0.0
0.45154307180945347|0.0
0.4641591348552013|0.0
0.43796201300633625|0.0
0.4269525865999103|0.0
0.4891049176242212|0.0
0.581349250846708|1.0
0.6173512405344511|1.0
0.6138902919151884|1.0
0.5279655923482156|1.0
0.5099732921011321|1.0
0.4735952471347233|0.0
0.46116406926958786|0.0
0.44309597351787405|0.0
0.44860041885555146|0.0
0.444812042380465|0.0
0.44321526791589894|0.0
0.4412857301982569|0.0
0.44091146854142577|0.0
0.42913654898969095|0.0
0.4466829744666714|0.0
0.4746480676935005|0.0
0.5132324270346479|1.0
0.5519367808230013|1.0
0.5399927556094775|1.0
0.5187462772143497|1.0
0.46534671732654614|0.0
0.409951917480317|0.0
0.3901445111278739|0.0
0.3957461138170062|0.0
0.39496989468381427|0.0
0.3932739399869119|0.0
