PredictedProbability|PredictedLabel
0.4481951341048952|0.0
0.45132086751457684|0.0
0.4441012249699342|0.0
0.45371247038688217|0.0
0.5074601942171709|1.0
0.4265506556915951|0.0
0.4936108615480783|0.0
0.5396465115952815|1.0
0.5685492705369553|1.0
0.571631351482536|1.0
0.5472591549450144|1.0
0.5616459704701388|1.0
0.5598440238888704|1.0
0.45176681675283187|0.0
0.4682779158958419|0.0
0.48352992499151304|0.0
0.4072488406948058|0.0
0.34182588473711817|0.0
0.3282760250575833|0.0
0.48514604607418865|0.0
0.49763058973646435|0.0
0.4795631887926778|0.0
0.4990086771607934|0.0
0.5037441999529965|1.0
0.515416163573837|1.0
0.5047764024756612|1.0
0.48954647228868176|0.0
0.5469031699482118|1.0
0.5359110766707691|1.0
0.5278344435534269|1.0
0.5098080705927464|1.0
0.4165558213293989|0.0
0.46538858154914514|0.0
0.4943200458643111|0.0
0.4977240169349011|0.0
0.43666699566120915|0.0
0.4496634785335051|0.0
0.4390493160098499|0.0
0.45149593606933136|0.0
0.3552089401001073|0.0
0.38013089208564355|0.0
0.4585397931750665|0.0
0.482776574187211|0.0
