PredictedProbability|PredictedLabel
0.5361033328697873|1.0
0.5229157997514948|1.0
0.5366051455413903|1.0
0.5822695583402803|1.0
0.505122394446142|1.0
0.5492634615938075|1.0
0.5969228600943381|1.0
0.5846002898920434|1.0
0.5512332806135549|1.0
0.5688618382509294|1.0
0.5797733747106509|1.0
0.5695321740866275|1.0
0.5877684092699024|1.0
0.5943055124455152|1.0
0.6197290795120755|1.0
0.643434331676672|1.0
0.6329443388638515|1.0
0.6468017958032807|1.0
0.6567109296673037|1.0
0.6421421659772464|1.0
0.6408050450776732|1.0
0.6233098701283278|1.0
0.6116720598521922|1.0
0.6311449475480807|1.0
0.6473407991586841|1.0
0.6225980246754407|1.0
0.6120756741761249|1.0
0.6106396978070311|1.0
0.6280645667667765|1.0
0.6363061706824694|1.0
0.6380736851333133|1.0
0.47427022906616007|0.0
0.4489557489104218|0.0
0.4223018446070673|0.0
0.3815172900487607|0.0
0.38391283377862834|0.0
0.3804063961900417|0.0
0.4082484393339569|0.0
