PredictedProbability|PredictedLabel
0.4942705996925437|0.0
0.500585855848965|1.0
0.5141156625259253|1.0
0.5213093608600441|1.0
0.5126666613435571|1.0
0.5067620446850564|1.0
0.5071460695539569|1.0
0.5113600162358414|1.0
0.479158464028923|0.0
0.5041925755293337|1.0
0.5106475142578356|1.0
0.5233100727764962|1.0
0.5282210861499371|1.0
0.5330206071236081|1.0
0.5533811893996865|1.0
0.5575652418211953|1.0
0.5580976033909945|1.0
0.5710229565917361|1.0
0.5531819049159733|1.0
0.5482537772340761|1.0
0.553060625810045|1.0
0.5491476814533941|1.0
0.5569654416569347|1.0
0.5262270756707008|1.0
0.505612990275599|1.0
0.4952841540538315|0.0
0.5018995016241534|1.0
0.46989532641399206|0.0
0.5188894691874897|1.0
0.5182992636184957|1.0
0.501873396703679|1.0
0.5218780073160832|1.0
0.48940000291778346|0.0
0.4855090571768681|0.0
0.49262703332527114|0.0
0.48379838902199745|0.0
0.48459750654335315|0.0
0.43947584611400664|0.0
0.4266135284806695|0.0
0.44267123632027583|0.0
0.45431956496127174|0.0
0.49504346372643965|0.0
0.4856759316876458|0.0
0.5279822680285702|1.0
0.510923932955466|1.0
0.5172600742158715|1.0
0.5411930157346796|1.0
0.5295327925978798|1.0
0.4954582891610939|0.0
0.4696042913564603|0.0
0.4643849867399658|0.0
0.49088368593434983|0.0
0.4905021882349412|0.0
0.4857251816564445|0.0
