PredictedProbability|PredictedLabel
0.44534791309814203|0.0
0.48153769365704485|0.0
0.548844219857277|1.0
0.5537419631270243|1.0
0.5233397598169336|1.0
0.5092455681606872|1.0
0.499719218351128|0.0
0.4780447689346286|0.0
0.45671117784792453|0.0
0.43367817220858346|0.0
0.4290190710760138|0.0
0.4553767112613958|0.0
0.4631820874940584|0.0
0.47621868544691537|0.0
0.4358011752101767|0.0
0.3779586218886837|0.0
0.38936547724886655|0.0
0.3779659802046323|0.0
0.42006745346797697|0.0
0.4328141456557749|0.0
0.42739817690996285|0.0
0.47149437372141534|0.0
0.4602302069614706|0.0
0.4477884789041564|0.0
0.3971278540953699|0.0
0.3748600317809877|0.0
0.37954987206598645|0.0
0.36117005718150647|0.0
0.373090918379662|0.0
0.38923820407019194|0.0
0.38168401300249494|0.0
0.37202542562084046|0.0
