PredictedProbability|PredictedLabel
0.4715901228679468|0.0
0.44485078134389044|0.0
0.45246497369069383|0.0
0.4503313803127542|0.0
0.44544124944587576|0.0
0.4199910051606544|0.0
0.42897872494647304|0.0
0.43935135342567905|0.0
0.448806379319622|0.0
0.44655783066078064|0.0
0.4581444331321422|0.0
0.47064903206867864|0.0
0.47139677695098076|0.0
0.4680035434733877|0.0
0.46737019765539467|0.0
0.4695882121878799|0.0
0.48025082261279006|0.0
0.4833478110817594|0.0
0.46678538953510906|0.0
0.45048373810234754|0.0
