PredictedProbability|PredictedLabel
0.522063435570592|1.0
0.6050614595777924|1.0
0.5488117143312472|1.0
0.5942384550677042|1.0
0.6432951652412344|1.0
0.6516497828920439|1.0
0.6350945060319912|1.0
0.6244948047988415|1.0
0.6020107306767245|1.0
0.5919922907972609|1.0
0.5594791496730578|1.0
0.5745443981519011|1.0
0.5753255394391399|1.0
0.5901927144117431|1.0
0.576332943771139|1.0
0.5754785246934908|1.0
0.5313602445233511|1.0
0.5319514886872404|1.0
0.554690565637578|1.0
0.5470059237054972|1.0
0.5629182782384893|1.0
0.5253624968732087|1.0
0.5199870853975044|1.0
0.5328760816928102|1.0
0.5288791263049022|1.0
0.5585509135575188|1.0
0.529722572774079|1.0
0.5797795481054246|1.0
0.6318275705068831|1.0
0.6144355035560196|1.0
0.6201088236873626|1.0
0.6272667257104597|1.0
0.6238192833274867|1.0
0.6221202295455002|1.0
0.6164719437409943|1.0
0.5603415476919794|1.0
0.5132746744522987|1.0
0.5004333214724586|1.0
0.5049829984687249|1.0
0.50155519205664|1.0
0.5746499975506533|1.0
0.5444443149532741|1.0
0.5360212246849742|1.0
0.5241604989246644|1.0
0.45305964717220565|0.0
0.5027340069421088|1.0
0.5329042825375777|1.0
0.5592563946214428|1.0
0.5422512149583991|1.0
0.559480330735914|1.0
0.515442892238957|1.0
0.5018600837190672|1.0
0.5234050597613834|1.0
