PredictedProbability|PredictedLabel
0.41560501295786667|0.0
0.42014976168595364|0.0
0.423736425829619|0.0
0.44115567444229353|0.0
0.41411898472337383|0.0
0.4514113892168672|0.0
0.44395311027193873|0.0
0.42665901410198137|0.0
0.4295148691602653|0.0
0.43575395058603855|0.0
0.35567140283746096|0.0
0.3578797470113861|0.0
0.3578501250347565|0.0
0.370552407918|0.0
0.367272503903661|0.0
0.3773687237702693|0.0
0.35488165425894624|0.0
0.3707392078604567|0.0
0.37902174889621226|0.0
0.3888361104765717|0.0
0.3835163964931766|0.0
0.39827664114428263|0.0
0.38327076245650493|0.0
0.3560781165814791|0.0
0.3647329913791802|0.0
0.3803072150862778|0.0
0.4100973981416531|0.0
0.4347799668955992|0.0
0.4198200342644889|0.0
0.4140797241914396|0.0
0.39516178218230447|0.0
0.40598664705877974|0.0
0.3900757485919754|0.0
0.40861343970243896|0.0
0.4509935587531502|0.0
0.4494919339789493|0.0
0.47407825206349535|0.0
0.4952156688341833|0.0
0.48707984526230225|0.0
0.4647672834308692|0.0
0.441740445269216|0.0
