PredictedProbability|PredictedLabel
0.307884647714638|0.0
0.2542697220159431|0.0
0.25610542691702226|0.0
0.21981347163397516|0.0
0.22927518490864404|0.0
0.27679321939657925|0.0
0.2489371134473082|0.0
0.2897434033231604|0.0
0.14322934326944356|0.0
0.18471873719733078|0.0
0.19908032247965654|0.0
0.21507103850530193|0.0
0.26713518908785433|0.0
0.27704173331295345|0.0
0.2834185754980013|0.0
0.24262793139286937|0.0
0.22198507959706934|0.0
0.27504133315343526|0.0
0.25335335609260945|0.0
0.2644922600848662|0.0
0.27957371654012897|0.0
0.24399167553521228|0.0
0.26146581472803726|0.0
0.21741907037563796|0.0
0.20563244198503755|0.0
0.2314778133128932|0.0
0.1607102772379701|0.0
0.18084024113671565|0.0
0.2561413870669143|0.0
0.180680284634285|0.0
0.20106837342882122|0.0
0.19821396881602799|0.0
0.15533099181315121|0.0
0.2773923918543979|0.0
0.2652272411316136|0.0
0.26129407979533126|0.0
0.29812840946467256|0.0
0.21222367604531034|0.0
0.21602383199512246|0.0
0.21794437443701173|0.0
0.20261143947252194|0.0
0.17285697337164568|0.0
0.18639917424253777|0.0
0.17097266852915327|0.0
0.17722692890485653|0.0
0.23325146638752123|0.0
0.2384185465361867|0.0
0.20648630063953585|0.0
0.2124573211589603|0.0
0.1797023950822886|0.0
0.17540372359711898|0.0
0.1918333052149145|0.0
0.1989549520476625|0.0
0.17087052403147177|0.0
0.17215979945588852|0.0
0.14984368780035878|0.0
0.16312423661206868|0.0
