PredictedProbability|PredictedLabel
0.5845968140003973|1.0
0.5741063191590102|1.0
0.6296203062153035|1.0
0.6570771693537836|1.0
0.6649621962758502|1.0
0.6751376689099797|1.0
0.6325127190998935|1.0
0.6152942499719533|1.0
0.5893611289937088|1.0
0.6266045567179405|1.0
0.6613307489676589|1.0
0.6907354672004253|1.0
0.704621712675247|1.0
0.6972184885523594|1.0
0.69633548391217|1.0
0.6907257633681914|1.0
0.691929211012993|1.0
0.6912274873065126|1.0
0.693378419808297|1.0
0.6862424967591696|1.0
0.6688924360185925|1.0
0.6503481592549816|1.0
0.639195187368307|1.0
0.6602395911575998|1.0
0.666105888895944|1.0
0.7142632519835049|1.0
0.6780093558557934|1.0
0.6540600751615423|1.0
0.6439420439312189|1.0
0.6167537817462094|1.0
0.6355232877472293|1.0
0.6339190207798415|1.0
0.6200873660610525|1.0
0.6323046048624174|1.0
0.674165009820085|1.0
0.6766416518065141|1.0
0.6758147251349788|1.0
0.672641849458529|1.0
0.6897486775295165|1.0
0.6692744192509027|1.0
0.6634724049124944|1.0
0.6949289507048033|1.0
0.6860981634428768|1.0
0.7626804299591347|1.0
0.7329013657698855|1.0
0.7221625991704088|1.0
0.6887083957020876|1.0
0.6688133494187921|1.0
0.6845424041779643|1.0
0.6694882203165552|1.0
0.6995090758856349|1.0
0.6907506794324704|1.0
0.716927430488422|1.0
0.7301269435306269|1.0
0.7095346535725151|1.0
0.7743899099148942|1.0
0.737226245934949|1.0
0.7029594122419549|1.0
0.6986865424546053|1.0
0.6640695001466455|1.0
0.6829573120769948|1.0
0.7078441580572631|1.0
0.7006173757752475|1.0
0.6566568297234517|1.0
0.627934064932347|1.0
