PredictedProbability|PredictedLabel
0.5066342454297816|1.0
0.43637010104033197|0.0
0.4266547838467567|0.0
0.4560930003400849|0.0
0.7197971342637368|1.0
0.7838605286570248|1.0
0.817640298918357|1.0
0.8351956619151693|1.0
0.8276487492719611|1.0
0.7934833542570815|1.0
0.7776314261408618|1.0
0.7374071595140104|1.0
0.6950993898092702|1.0
0.6955491502591179|1.0
0.6948712732275127|1.0
0.7614869008509448|1.0
0.7785608868567068|1.0
0.763162142084537|1.0
0.7718003040278101|1.0
0.7762654046979893|1.0
0.7868988975492247|1.0
0.7573444513703174|1.0
0.6755489316499775|1.0
0.6386432406369513|1.0
0.6052271804972758|1.0
0.5700803799224975|1.0
0.48601245174494545|0.0
0.44451653437485156|0.0
0.4212317009806552|0.0
0.44265370940359755|0.0
0.4902336864248776|0.0
0.6221385411616215|1.0
0.7024551512851767|1.0
0.7435531638932286|1.0
0.7847380053933117|1.0
0.8000667028141549|1.0
0.8116999769872671|1.0
0.8189408800136193|1.0
0.7481564514108704|1.0
0.67290959550178|1.0
0.6133435167866367|1.0
0.6049975800026576|1.0
0.571030221109411|1.0
0.5509911143960038|1.0
