PredictedProbability|PredictedLabel
0.3160349907382798|0.0
0.2774939215503335|0.0
0.2686463971016106|0.0
0.2629821387090857|0.0
0.2470926621658052|0.0
0.24726088571741742|0.0
0.24717055786381834|0.0
0.24237071272328026|0.0
0.27503280426140564|0.0
0.293034306903388|0.0
0.3037600713619774|0.0
0.31091479848216674|0.0
0.29662185186452095|0.0
0.29686957899270855|0.0
0.2950385861080527|0.0
0.2947592696089148|0.0
0.278665159987304|0.0
0.26538142511245455|0.0
0.24904976317935262|0.0
0.23401370393831838|0.0
0.21842629397294827|0.0
0.21563894725491506|0.0
0.21218377713160788|0.0
0.21941870910365677|0.0
0.2186310021133516|0.0
