PredictedProbability|PredictedLabel
0.2791672706046007|0.0
0.20345868030035763|0.0
0.18849168641001485|0.0
0.17341960840483933|0.0
0.19869773689242473|0.0
0.21708396651353853|0.0
0.23587121456015983|0.0
0.24563766031216183|0.0
0.2670868804239038|0.0
0.2972207028245938|0.0
0.28668183354002774|0.0
0.3106419130185074|0.0
0.30691043638874277|0.0
0.2614303539915767|0.0
0.28841168470963296|0.0
0.29319305183194294|0.0
0.29217366017622975|0.0
0.3345025241424661|0.0
0.3150029755945423|0.0
0.30049941839749156|0.0
0.3349765013038187|0.0
0.28820515534413177|0.0
0.29330125569988863|0.0
0.2978846239705809|0.0
0.2642032257504124|0.0
0.34924373360911204|0.0
0.36095980425453844|0.0
0.3587856682130319|0.0
0.370523587023508|0.0
0.3473933785056217|0.0
0.32910381568789976|0.0
0.35663845154027685|0.0
0.3867602279112412|0.0
0.3305729561483475|0.0
0.31659033648642715|0.0
0.32744383916047615|0.0
0.3254079911920299|0.0
