PredictedProbability|PredictedLabel
0.42447036638818897|0.0
0.4968935821723703|0.0
0.5110636670899196|1.0
0.5180691537996466|1.0
0.5678729459483395|1.0
0.5372652578974474|1.0
0.5499865440759453|1.0
0.5088409521144714|1.0
0.4881622612272799|0.0
0.4745766798891522|0.0
0.4944900240478176|0.0
0.5106849993275749|1.0
0.49631726890524425|0.0
0.4722738899170829|0.0
0.4932958803396011|0.0
0.4733558423326457|0.0
0.4815065822319145|0.0
0.5001923552316427|1.0
0.46595238733210986|0.0
0.43737595994407696|0.0
0.41573540324056585|0.0
0.41984424717097435|0.0
0.4287380008425398|0.0
0.4651136558993434|0.0
0.4560316805750237|0.0
0.45893044788014004|0.0
0.45103671797591105|0.0
0.44383019118229716|0.0
0.4268081710215143|0.0
0.42256022926458486|0.0
0.4150036399679642|0.0
0.42548768954284666|0.0
0.416954678998637|0.0
0.39835647574577693|0.0
0.35736738935905754|0.0
0.32681811947860223|0.0
0.34239366859296383|0.0
0.36520331127921185|0.0
0.3692700531523435|0.0
0.3762184588751352|0.0
0.3672533677133483|0.0
0.384037704091854|0.0
0.3964795225291817|0.0
0.39519665461828685|0.0
0.3842416261762171|0.0
0.36947927362573557|0.0
