PredictedProbability|PredictedLabel
0.5294102505120244|1.0
0.5569881952318722|1.0
0.5785199625863623|1.0
0.5764535102460119|1.0
0.5802668603485278|1.0
0.5517280722160094|1.0
0.538534997711145|1.0
0.513206311391629|1.0
0.5066449259790862|1.0
0.5612544586338655|1.0
0.6006731971717132|1.0
0.6160731967060581|1.0
0.6226027448502587|1.0
0.5900813541087823|1.0
0.6173421102468636|1.0
0.6396098945987103|1.0
0.6721918294624816|1.0
0.7123762679503373|1.0
0.7047467372775154|1.0
0.7081841856028389|1.0
0.7141865747978124|1.0
0.709261891640057|1.0
0.701284170994438|1.0
0.6214250773113128|1.0
0.5908642242114276|1.0
0.5631899386708772|1.0
0.5785859787834879|1.0
0.6243033408939054|1.0
0.6497989504645041|1.0
0.6610081237989739|1.0
0.6659458283248565|1.0
0.6600592690018445|1.0
0.6603975505117966|1.0
0.6504675565928477|1.0
0.7328865836851821|1.0
0.7675338146093275|1.0
0.7950478549689592|1.0
0.794525448159734|1.0
0.7920906895203229|1.0
0.7843329336531885|1.0
