PredictedProbability|PredictedLabel
0.7894071876137091|1.0
0.7995933680655775|1.0
0.32080001504204003|0.0
0.42755806758260956|0.0
0.4107611959274609|0.0
0.363660731350755|0.0
0.5455537774899487|1.0
0.515139396479111|1.0
0.5294281820343439|1.0
0.5338314378029417|1.0
0.52904108607887|1.0
0.4984456976775292|0.0
0.5188999488644008|1.0
0.5236178555632569|1.0
0.4920467096476643|0.0
0.4798491540645429|0.0
0.44930225806809104|0.0
0.4555009253289761|0.0
0.5018383612936391|1.0
0.50364147615996|1.0
0.5370969093002272|1.0
0.5351767006798158|1.0
