PredictedProbability|PredictedLabel
0.27572199383809304|0.0
0.3518663545170583|0.0
0.44624642641945045|0.0
0.4967502806064081|0.0
0.44565026114863493|0.0
0.40293158067925533|0.0
0.38450118159025143|0.0
0.37046393473879113|0.0
0.3838949007528427|0.0
0.4231894700518361|0.0
0.4452825545921509|0.0
0.4321784459112988|0.0
0.42456004387501006|0.0
0.37122674782865833|0.0
0.3793493402306259|0.0
0.2399731635986209|0.0
0.17650794229996128|0.0
0.16774602194332847|0.0
0.17713124757324009|0.0
0.23888472505942746|0.0
0.255728704224981|0.0
0.2549928772658731|0.0
0.24818855210673244|0.0
0.24714921763987702|0.0
