PredictedProbability|PredictedLabel
0.5073590420542263|1.0
0.4451806003192904|0.0
0.45278417864866655|0.0
0.5270577513107462|1.0
0.5580422290242147|1.0
0.6027421184931825|1.0
0.6263254869606982|1.0
0.6040031277218858|1.0
0.6006481612771679|1.0
0.5461805902403359|1.0
0.5376713339399891|1.0
0.535491621859373|1.0
0.4866315778191326|0.0
0.42535617791384583|0.0
0.5005676371222427|1.0
0.5495535749739595|1.0
0.5725191589319771|1.0
0.6353311444363734|1.0
0.5469616129131989|1.0
0.5150565328129736|1.0
0.5027524226090444|1.0
0.47828095308846413|0.0
0.4774897136397059|0.0
0.4636068184012443|0.0
0.46479803023751554|0.0
0.44765657925257635|0.0
0.4247169741061987|0.0
0.39002898793620094|0.0
0.3642923204352308|0.0
0.36834226080055943|0.0
0.38032131120001234|0.0
0.3973027463293899|0.0
0.4664059500382317|0.0
0.5761031982655468|1.0
0.6255273097876807|1.0
0.6659170688615601|1.0
0.7793737856225849|1.0
0.8300201009537664|1.0
