PredictedProbability|PredictedLabel
0.3767278917472785|0.0
0.43424135418013254|0.0
0.4366847921132855|0.0
0.42126935562840595|0.0
0.4451773390417062|0.0
0.4579877997221535|0.0
0.4576578452201521|0.0
0.4373825655416049|0.0
0.4281734745267211|0.0
0.4441895443862498|0.0
0.4593766859878033|0.0
0.4520939589576569|0.0
0.4703146549439762|0.0
0.45343631047161753|0.0
0.45086705074441363|0.0
0.4822779342880368|0.0
0.48476283473647813|0.0
0.5350558919393782|1.0
0.5673798912273136|1.0
0.5595406926575202|1.0
0.5570972062261808|1.0
0.522248925249512|1.0
0.5385349483511755|1.0
0.5548479253101045|1.0
0.5839513085345353|1.0
0.5435777159736002|1.0
0.5217419622256774|1.0
0.5356680214971922|1.0
0.5212748476418546|1.0
0.5193771814812563|1.0
0.5263126330629135|1.0
0.5058917590303108|1.0
0.5086508378764044|1.0
0.47923615845876283|0.0
0.46147632023380464|0.0
0.4579011273877023|0.0
0.44205116134593|0.0
0.4461500115427683|0.0
0.43075400408177583|0.0
0.4327120877958278|0.0
0.44830813952435705|0.0
0.4692473565876351|0.0
0.4741595912091446|0.0
0.4582602076523209|0.0
0.4586759130219765|0.0
0.45033277813703265|0.0
0.4751875428271859|0.0
