PredictedProbability|PredictedLabel
0.013812398418095595|0.0
0.02320604199251219|0.0
0.018451977246090417|0.0
0.013580572496765168|0.0
0.014434617619169542|0.0
0.014641801450539683|0.0
0.012924228012004215|0.0
0.01034518917454357|0.0
0.0093705210858522|0.0
0.012311677432522665|0.0
0.010281697856433233|0.0
0.01002806172824119|0.0
0.012797837737733572|0.0
0.012293120515568617|0.0
0.012293120515568617|0.0
0.013819314811270928|0.0
0.012924228012004215|0.0
0.014011038503973353|0.0
0.014279362451739601|0.0
0.011475186381941197|0.0
0.011666796727254167|0.0
0.014088727485838982|0.0
0.012251693886180628|0.0
0.01220069399449045|0.0
0.0132036641926406|0.0
0.19151538928334086|0.0
0.024069976575938668|0.0
0.031729351165477496|0.0
0.013037101149030098|0.0
0.18007927089889286|0.0
0.022023497461041607|0.0
0.009267980280531538|0.0
0.010810316911203615|0.0
0.010181594083313152|0.0
0.010962815113290482|0.0
0.010914055168435034|0.0
0.010132847637579913|0.0
0.010550554496203702|0.0
0.011914462084340416|0.0
0.010130482191334587|0.0
0.00915695214646415|0.0
0.012130680295546325|0.0
0.008862151635098028|0.0
