PredictedProbability|PredictedLabel
0.008862151635098028|0.0
0.008270673771148014|0.0
0.008110318621052725|0.0
0.018912235769412956|0.0
0.02039325503907132|0.0
0.014820700413573641|0.0
0.01131365948041423|0.0
0.010429760900445369|0.0
0.02058201212710492|0.0
0.02321555880818681|0.0
0.01896398870567437|0.0
0.015410613477080629|0.0
0.024863513635256768|0.0
0.03992770663168691|0.0
0.02909426005700553|0.0
0.012180509956073426|0.0
0.013354136390891348|0.0
0.009625017486611962|0.0
0.009438653688158659|0.0
0.009438653688158659|0.0
0.010894979437199359|0.0
0.009962473512374037|0.0
0.010012722853250732|0.0
0.009502862041191343|0.0
0.01016689096642598|0.0
0.009438653688158659|0.0
0.009936749665554532|0.0
0.009037236398270044|0.0
0.009037236398270044|0.0
0.009037236398270044|0.0
0.012568951414436558|0.0
0.01323529046593808|0.0
0.009686669541316454|0.0
0.009846336596832527|0.0
0.00853892006408405|0.0
0.008270673771148014|0.0
