PredictedProbability|PredictedLabel
0.008862151635098028|0.0
0.008707675018611976|0.0
0.009037236398270044|0.0
0.009004546819540963|0.0
0.008646029164884977|0.0
0.007968886894702275|0.0
0.008625165650491937|0.0
0.008417463691792092|0.0
0.008417463691792092|0.0
0.008417463691792092|0.0
0.008417463691792092|0.0
0.008625165650491937|0.0
0.008417463691792092|0.0
0.008417463691792092|0.0
0.008625165650491937|0.0
0.008625165650491937|0.0
0.010028058349577177|0.0
0.009819273871683503|0.0
0.01129822235918905|0.0
0.00981273254193402|0.0
0.008417463691792092|0.0
0.012130680295546325|0.0
0.008625165650491937|0.0
0.008417463691792092|0.0
0.008862151635098028|0.0
0.008270673771148014|0.0
0.008862151635098028|0.0
