PredictedProbability|PredictedLabel
0.009037236398270044|0.0
0.008270673771148014|0.0
0.01016689096642598|0.0
0.01016689096642598|0.0
0.01016689096642598|0.0
0.0109568102427311|0.0
0.026019563291422673|0.0
0.024798881583008178|0.0
0.015160667135083185|0.0
0.016424420865448246|0.0
0.01274489970354591|0.0
0.009841963124241064|0.0
0.012222163668444069|0.0
0.008270673771148014|0.0
0.011021652555791704|0.0
0.012213905894014481|0.0
0.009517958728481744|0.0
0.009846336596832527|0.0
0.008862151635098028|0.0
0.01124423338733787|0.0
0.019487319621796898|0.0
0.029605187490232606|0.0
0.02462691764382216|0.0
0.014927966340441492|0.0
0.014640442387832582|0.0
0.01331133390668884|0.0
0.013564662741868915|0.0
0.010914055168435034|0.0
0.02236546973895778|0.0
0.015294998927431476|0.0
0.012554936884277813|0.0
0.012768387201336856|0.0
0.012050545473271576|0.0
0.019064666747278587|0.0
0.014678495379594439|0.0
0.012523905317776973|0.0
0.01083043552461843|0.0
0.01030432627871912|0.0
0.010143368043750581|0.0
