PredictedProbability|PredictedLabel
0.008862151635098028|0.0
0.008655954991920926|0.0
0.008732128577966297|0.0
0.009438653688158659|0.0
0.009438653688158659|0.0
0.009438653688158659|0.0
0.01016689096642598|0.0
0.01016689096642598|0.0
0.01016689096642598|0.0
0.01016689096642598|0.0
0.010703002190028668|0.0
0.010367483130306656|0.0
0.008862151635098028|0.0
0.008707675018611976|0.0
0.008707675018611976|0.0
0.008707675018611976|0.0
0.008707675018611976|0.0
0.008707675018611976|0.0
0.009763726199342578|0.0
0.009625017486611962|0.0
0.009438653688158659|0.0
0.009936749665554532|0.0
0.010132847637579913|0.0
0.011192177839273948|0.0
0.011192177839273948|0.0
0.043148396511797305|0.0
0.026193892133091295|0.0
0.019043659680973095|0.0
0.024872493233919345|0.0
0.012895114329144803|0.0
0.012656051092419109|0.0
0.011067141440828489|0.0
0.01602625106769639|0.0
0.01226819278716903|0.0
0.011357111922835105|0.0
0.010550554496203702|0.0
0.016503870715583343|0.0
0.009625017486611962|0.0
0.010703002190028668|0.0
0.009625017486611962|0.0
0.009438653688158659|0.0
0.011742519767214446|0.0
0.010380010616973313|0.0
0.011058355585039462|0.0
0.014310500247595323|0.0
0.01952081075263553|0.0
0.018102591919039745|0.0
0.017675429748393996|0.0
0.024758310377521905|0.0
0.026193892133091295|0.0
0.017335918855321795|0.0
0.014640442387832582|0.0
0.014342021642252805|0.0
0.012767578443164824|0.0
0.010703002190028668|0.0
0.01571114934605482|0.0
0.010367483130306656|0.0
0.009936749665554532|0.0
