PredictedProbability|PredictedLabel
0.009037236398270044|0.0
0.008270673771148014|0.0
0.01016689096642598|0.0
0.014807633588548554|0.0
0.015057833189898416|0.0
0.011753521647772725|0.0
0.012778943623698543|0.0
0.009438653688158659|0.0
0.014459527260461543|0.0
0.01497574943971042|0.0
0.011753521647772725|0.0
0.010929196375628093|0.0
0.009438653688158659|0.0
0.009936749665554532|0.0
0.010132847637579913|0.0
0.010914055168435034|0.0
0.012583431137938592|0.0
0.011475186381941197|0.0
0.011545961726779831|0.0
0.0099730488297289|0.0
0.008707675018611976|0.0
