PredictedProbability|PredictedLabel
0.008360592618339135|0.0
0.01033788015573153|0.0
0.010514201849074948|0.0
0.009374948360302454|0.0
0.009149357574237339|0.0
0.010355873543248871|0.0
0.008159209386802459|0.0
0.008815743839607084|0.0
0.009149357574237339|0.0
0.008669417325169187|0.0
0.00951842379417516|0.0
0.008883280574904886|0.0
0.008698120991169518|0.0
0.008883280574904886|0.0
0.009753024876669967|0.0
0.010254802809267263|0.0
0.00989609415090677|0.0
0.010420398626436234|0.0
0.009477628690868227|0.0
0.010667980318204932|0.0
0.010863008033443053|0.0
0.011066693715504297|0.0
0.011141017875420565|0.0
0.011068235515396846|0.0
0.00946440816111214|0.0
0.008166352729465176|0.0
0.01688052334186302|0.0
0.01401193071442304|0.0
0.01323599649113838|0.0
0.018157449174105108|0.0
0.009738971712624844|0.0
0.010242601306918188|0.0
0.038097877519988985|0.0
0.015631220687911514|0.0
0.015137675761979162|0.0
0.017112944202671582|0.0
0.01000825385461296|0.0
0.01188084440617235|0.0
0.010522154519679288|0.0
0.00931570637204976|0.0
0.008566794742360979|0.0
0.03605535981986608|0.0
0.014457440041243826|0.0
0.014025826496716723|0.0
0.018053436149283557|0.0
