PredictedProbability|PredictedLabel
0.012937117619442206|0.0
0.012707998830510242|0.0
0.011769452744929243|0.0
0.010075164832236718|0.0
0.01018201365668236|0.0
0.008944491501268236|0.0
0.008683176701188233|0.0
0.008481456406571872|0.0
0.008206648562724324|0.0
0.008206648562724324|0.0
0.008206648562724324|0.0
0.007777667367466151|0.0
0.008698031431497319|0.0
0.008409192747042268|0.0
0.010066334612062003|0.0
0.009511047663796927|0.0
0.008358038589695032|0.0
0.007969709158940394|0.0
0.00788100011604854|0.0
0.007282631199126928|0.0
0.008981330365830415|0.0
0.008606341113477255|0.0
0.011469515234607326|0.0
0.009616476302325237|0.0
0.008264215688355421|0.0
0.00940098256867691|0.0
0.01040482982141072|0.0
0.008768256198856707|0.0
0.009196639171278866|0.0
0.009295387979651683|0.0
0.00829158898911212|0.0
0.007969709158940394|0.0
0.00844702582818272|0.0
0.010769681540933029|0.0
0.011329157740922557|0.0
0.013412013591786877|0.0
0.013098712904167597|0.0
0.012131988955218971|0.0
0.010744499736199205|0.0
