PredictedProbability|PredictedLabel
0.00853892006408405|0.0
0.007510677197523016|0.0
0.007312311350276405|0.0
0.006916647849672547|0.0
0.0071412946722999955|0.0
0.007972071702591116|0.0
0.008217039269807765|0.0
0.008417463691792092|0.0
0.008110318621052725|0.0
0.008110318621052725|0.0
0.008617495906748327|0.0
0.00843782906963529|0.0
0.008310505255784488|0.0
0.008110318621052725|0.0
0.008110318621052725|0.0
0.008417463691792092|0.0
0.008417463691792092|0.0
0.008110318621052725|0.0
0.008417463691792092|0.0
0.008417463691792092|0.0
