PredictedProbability|PredictedLabel
0.00801973852852611|0.0
0.007723006066579721|0.0
0.007457007122922732|0.0
0.0076222391808912545|0.0
0.007555196570759044|0.0
0.007282631199126928|0.0
0.008409120085025173|0.0
0.008113764710694383|0.0
0.010259424654944137|0.0
0.0086570770174025|0.0
0.008440476619597658|0.0
0.00746891315478525|0.0
0.007282631199126928|0.0
0.007282631199126928|0.0
0.007738453015684126|0.0
0.00789015909515022|0.0
0.007653390164393691|0.0
0.00801973852852611|0.0
0.008504303847910795|0.0
0.008276362498511512|0.0
0.007736047963990096|0.0
0.006916647849672547|0.0
0.0071412946722999955|0.0
0.006916647849672547|0.0
0.006782365560551962|0.0
0.0071412946722999955|0.0
0.007986981320609996|0.0
0.007956427369549404|0.0
0.007254041364203214|0.0
0.0071412946722999955|0.0
0.007087581692889724|0.0
0.007317739391472088|0.0
0.007282631199126928|0.0
0.008616617953239555|0.0
0.00831403569213227|0.0
0.010095895630403952|0.0
0.009745384640166598|0.0
0.011073971145753161|0.0
