PredictedProbability|PredictedLabel
0.06919939349728958|0.0
0.055508662284177376|0.0
0.05876522050733112|0.0
0.06804537950741749|0.0
0.019395242769070904|0.0
0.021321200265147337|0.0
0.024619821040389695|0.0
0.01800250002852403|0.0
0.015450062523582527|0.0
0.017572985959323984|0.0
0.01392882663058933|0.0
0.013863477643568394|0.0
0.014897830776060578|0.0
0.01628388561420047|0.0
0.013998276526623638|0.0
0.013414002353122042|0.0
0.018484972301754717|0.0
0.010914055168435034|0.0
0.010132847637579913|0.0
0.010914055168435034|0.0
0.010132847637579913|0.0
0.009601817200312139|0.0
0.009282473465322742|0.0
0.008922473541503695|0.0
0.009037236398270044|0.0
