PredictedProbability|PredictedLabel
0.009037236398270044|0.0
0.008655954991920926|0.0
0.009193285896235796|0.0
0.010681304706808161|0.0
0.009622769437502744|0.0
0.01125595652706558|0.0
0.01276900842001241|0.0
0.0094102081801656|0.0
0.008803109402377846|0.0
0.016665919145503708|0.0
0.025745135461600687|0.0
0.03535353564111787|0.0
0.02829001357074775|0.0
0.024121491280307453|0.0
0.03830466657069907|0.0
0.017526722251175523|0.0
0.01871950715228928|0.0
0.015039580052831176|0.0
0.01477756905774974|0.0
0.014316168351022611|0.0
0.021547448972535056|0.0
0.021200725767276826|0.0
0.025047027100411855|0.0
0.01696265620983285|0.0
0.021200725767276826|0.0
0.020370048756194158|0.0
0.020742253468590006|0.0
0.02406935200877945|0.0
0.015685659602210023|0.0
0.0132542677269704|0.0
0.013885434123670477|0.0
0.013384006681661398|0.0
0.009879421572681284|0.0
0.010457557065703452|0.0
0.009654267878569264|0.0
0.008474784627134177|0.0
0.008749592529109267|0.0
0.008707675018611976|0.0
0.010835069319314666|0.0
0.012849062306375801|0.0
0.01205758569775533|0.0
0.014661519221203982|0.0
0.016427675774927417|0.0
0.01209544619999259|0.0
