PredictedProbability|PredictedLabel
0.010732762378235597|0.0
0.012486391441780665|0.0
0.012957097448070196|0.0
0.010054698850705654|0.0
0.017074883953541828|0.0
0.013439164662543766|0.0
0.012140231682187823|0.0
0.010311150855134272|0.0
0.011698849089157616|0.0
0.012449207698786718|0.0
0.011532969169942186|0.0
0.011905752659569273|0.0
0.012639632385923177|0.0
0.013672091128888429|0.0
0.012449207698786718|0.0
0.012140231682187823|0.0
0.012639632385923177|0.0
0.011826675029222617|0.0
0.012829022233699576|0.0
0.010835996756329219|0.0
0.01260627837068483|0.0
0.011532969169942186|0.0
0.011310084661002084|0.0
0.011905752659569273|0.0
0.012427693656219627|0.0
0.011905752659569273|0.0
0.010054698850705654|0.0
0.00920263379593345|0.0
0.012052766567098503|0.0
0.009264759921392803|0.0
0.00927909525318619|0.0
0.00835772063424457|0.0
0.008959984799400028|0.0
0.009462338705813846|0.0
0.010054698850705654|0.0
0.010054698850705654|0.0
0.010054698850705654|0.0
0.009688396368942802|0.0
