PredictedProbability|PredictedLabel
0.008862151635098028|0.0
0.009763726199342578|0.0
0.010132847637579913|0.0
0.010132847637579913|0.0
0.010132847637579913|0.0
0.009037236398270044|0.0
0.010132847637579913|0.0
0.010132847637579913|0.0
0.010132847637579913|0.0
0.009037236398270044|0.0
0.009037236398270044|0.0
0.009037236398270044|0.0
0.007907842367688498|0.0
0.008211617818182047|0.0
0.008504303847910795|0.0
0.008707675018611976|0.0
0.008707675018611976|0.0
0.008707675018611976|0.0
0.008270673771148014|0.0
0.009857804025735141|0.0
0.0106354837462152|0.0
0.009474795834558012|0.0
0.008505440600877842|0.0
0.008832264045312321|0.0
0.009037236398270044|0.0
0.008583839081728646|0.0
0.00853892006408405|0.0
0.008583839081728646|0.0
0.008417463691792092|0.0
0.009936749665554532|0.0
0.008583839081728646|0.0
0.009438653688158659|0.0
0.008417463691792092|0.0
0.008862151635098028|0.0
0.008583839081728646|0.0
0.009438653688158659|0.0
0.008417463691792092|0.0
0.008417463691792092|0.0
0.008417463691792092|0.0
