PredictedProbability|PredictedLabel
0.01432758300798561|0.0
0.014626163233575717|0.0
0.016896765105368663|0.0
0.016618298246171902|0.0
0.016618298246171902|0.0
0.017638168308917304|0.0
0.016618298246171902|0.0
0.017274494748682614|0.0
0.015766972435036428|0.0
0.015498893840521936|0.0
0.015613864119704467|0.0
0.01537321965665154|0.0
0.01537321965665154|0.0
0.013068440966001512|0.0
0.01336038423456659|0.0
0.013620314936138316|0.0
0.011856062562227822|0.0
0.01396926629608566|0.0
0.01349463639893042|0.0
0.01396926629608566|0.0
0.012994589285694347|0.0
0.01396926629608566|0.0
0.012746445648638938|0.0
0.01396926629608566|0.0
0.012746445648638938|0.0
0.012746445648638938|0.0
0.011856062562227822|0.0
0.012552654132619053|0.0
0.012994589285694347|0.0
0.012994589285694347|0.0
0.01396926629608566|0.0
0.01396926629608566|0.0
0.013664202357487432|0.0
0.007176870665805648|0.0
0.007732564366448109|0.0
0.007669373593845999|0.0
0.008285792938271088|0.0
0.007732564366448109|0.0
0.0073934847377818925|0.0
0.008447001591988874|0.0
0.007854560042192005|0.0
0.008447001591988874|0.0
0.008085876451960588|0.0
0.008547053994348151|0.0
0.007703803880932419|0.0
