PredictedProbability|PredictedLabel
0.0049218974868084474|0.0
0.007535596699350575|0.0
0.008117046663348343|0.0
0.009907957370856126|0.0
0.006616018814310867|0.0
0.0068951760713424955|0.0
0.006332993707555254|0.0
0.006616018814310867|0.0
0.006616018814310867|0.0
0.006332993707555254|0.0
0.006332993707555254|0.0
0.006332993707555254|0.0
0.014780543978598567|0.0
0.015435230595628537|0.0
0.010817527536250647|0.0
0.008636012577952044|0.0
0.008636012577952044|0.0
0.008636012577952044|0.0
0.008636012577952044|0.0
0.008636012577952044|0.0
0.008636012577952044|0.0
