PredictedProbability|PredictedLabel
0.00400406664292547|0.0
0.005680444528386799|0.0
0.0068119311386022115|0.0
0.008831550755462915|0.0
0.004754048533781252|0.0
0.004754048533781252|0.0
0.0044195284152544175|0.0
0.004132892113633493|0.0
0.007646784556367444|0.0
0.015572574642097096|0.0
0.025081566397849104|0.0
0.0197202063804143|0.0
0.024057675889458497|0.0
0.02436325087312926|0.0
0.025341454639145108|0.0
0.026574141443757426|0.0
0.025338766937866564|0.0
0.011787805902704632|0.0
0.011519817296651911|0.0
0.009683900856199187|0.0
0.009683900856199187|0.0
0.010208681723207729|0.0
0.009726500248112334|0.0
0.009726500248112334|0.0
0.008948806211534538|0.0
0.008948806211534538|0.0
0.008948806211534538|0.0
0.011990321515346425|0.0
0.012577147790136294|0.0
0.014366582942684619|0.0
0.011373597829485785|0.0
0.009726500248112334|0.0
0.009726500248112334|0.0
0.009726500248112334|0.0
0.008948806211534538|0.0
0.008948806211534538|0.0
0.005809483832360313|0.0
0.006783874683293588|0.0
0.006901706988090266|0.0
0.007994385087496383|0.0
0.007994385087496383|0.0
0.00735415589832458|0.0
0.00585319079954217|0.0
0.006538010295338672|0.0
0.006148563544620903|0.0
0.0054821164008611|0.0
0.0068311784546352715|0.0
0.007625941947111441|0.0
0.007232957524814774|0.0
0.006734420900762413|0.0
0.007165985937426194|0.0
0.007696222970897586|0.0
0.007326433143734989|0.0
0.007695575420806623|0.0
0.006512849701737595|0.0
0.005755109644772541|0.0
0.0054821164008611|0.0
0.006123787867091798|0.0
