PredictedProbability|PredictedLabel
0.008384690219873814|0.0
0.008800943990352394|0.0
0.019257067386863738|0.0
0.02888131534154964|0.0
0.019704528867482026|0.0
0.01886636032984372|0.0
0.017982684512303854|0.0
0.010767764201687175|0.0
0.01225153074577198|0.0
0.01225153074577198|0.0
0.007081177771792241|0.0
0.007081177771792241|0.0
0.007081177771792241|0.0
0.007863110784797626|0.0
0.00874885175455944|0.0
0.007863110784797626|0.0
0.008360242520700856|0.0
0.007344240661459371|0.0
0.00918301672306211|0.0
0.009366612942464285|0.0
0.009874371082450857|0.0
0.008583393389371337|0.0
0.010634422800531763|0.0
0.00971783543696497|0.0
0.009257843208493075|0.0
0.009257843208493075|0.0
0.007547096637184049|0.0
0.007922100692897628|0.0
0.008428421779391368|0.0
0.008590918709842112|0.0
0.00901731749008866|0.0
0.00901731749008866|0.0
0.007999537866558847|0.0
0.010039300796147925|0.0
0.01053682404708152|0.0
0.010042459484269975|0.0
0.00992006748237459|0.0
0.00992006748237459|0.0
0.00992006748237459|0.0
0.011812196804962071|0.0
0.011812196804962071|0.0
0.011812196804962071|0.0
0.008716169716293028|0.0
0.009154688100323613|0.0
