PredictedProbability|PredictedLabel
0.023714695099842087|0.0
0.005647348257539183|0.0
0.0064331599867908165|0.0
0.005211318807071505|0.0
0.006488803843812353|0.0
0.006488803843812353|0.0
0.006015697299997588|0.0
0.0059640861492617735|0.0
0.007878973250435427|0.0
0.00692630115474398|0.0
0.008796275082140457|0.0
0.00896231157379695|0.0
0.008600829505311334|0.0
0.010501350428747823|0.0
0.007169075068172249|0.0
0.006741182978129289|0.0
0.007146742997042288|0.0
0.006922332040109434|0.0
0.006632130606516463|0.0
0.007636861096235214|0.0
0.009305813478139283|0.0
0.008834461777849805|0.0
0.008257352189342421|0.0
0.00822513813045323|0.0
0.008671559303357626|0.0
0.008671559303357626|0.0
0.008932823569851069|0.0
0.008932823569851069|0.0
0.008829884531492851|0.0
0.009019451771204594|0.0
0.009508571161976226|0.0
0.009019451771204594|0.0
0.009508571161976226|0.0
0.009508571161976226|0.0
0.009983163995295441|0.0
0.01054050321136043|0.0
0.010045967782853552|0.0
0.013546497780830289|0.0
0.013420824075402604|0.0
0.01164567572013444|0.0
0.013396693332558678|0.0
