PredictedProbability|PredictedLabel
0.026909655233513567|0.0
0.026291664637622482|0.0
0.02541209581725436|0.0
0.018609077486864457|0.0
0.018609077486864457|0.0
0.018609077486864457|0.0
0.018609077486864457|0.0
0.018609077486864457|0.0
0.018609077486864457|0.0
0.018609077486864457|0.0
0.017340129464388402|0.0
0.019996599369147022|0.0
0.016069492244664533|0.0
0.01787672287138842|0.0
0.016227261855627912|0.0
0.016227261855627912|0.0
0.016227261855627912|0.0
0.015118227212493274|0.0
0.01787672287138842|0.0
0.01484159395942854|0.0
0.013825930348081765|0.0
0.01635254650561566|0.0
0.01484159395942854|0.0
0.021013562429670445|0.0
0.021013562429670445|0.0
0.017510152131263314|0.0
0.019974868690876686|0.0
0.020894198924630413|0.0
0.020894198924630413|0.0
0.010933437834572485|0.0
0.010363050178309944|0.0
0.010126151679167666|0.0
0.011386559903990987|0.0
0.011386559903990987|0.0
0.011386559903990987|0.0
0.011386559903990987|0.0
0.011386559903990987|0.0
0.013375120300528705|0.0
0.016053843109331358|0.0
0.013824232720674196|0.0
0.014570081525176538|0.0
0.014570081525176538|0.0
0.013824232720674196|0.0
0.01434010970699798|0.0
0.013375120300528705|0.0
0.013375120300528705|0.0
0.011386559903990987|0.0
0.012225246916783429|0.0
0.0122098539781232|0.0
0.01276695647235338|0.0
0.012225246916783429|0.0
0.011583406035197247|0.0
0.012225246916783429|0.0
