PredictedProbability|PredictedLabel
0.00708339458784287|0.0
0.00458856808212477|0.0
0.007864935669394089|0.0
0.009712087549273093|0.0
0.010144584555876157|0.0
0.007165373190662729|0.0
0.00685900964783352|0.0
0.007317769986673775|0.0
0.007644466729096147|0.0
0.008682426347569078|0.0
0.007450301938667559|0.0
0.011150680377481204|0.0
0.028054398517758483|0.0
0.050555262646179676|0.0
0.04255544899484141|0.0
0.019902992988570224|0.0
0.05804642360280513|0.0
0.06558030339282495|0.0
0.09833618361945662|0.0
0.08920418385451175|0.0
0.07264604217139217|0.0
0.07631985970596826|0.0
0.06132312421355916|0.0
0.0614099495199016|0.0
0.026608337712410918|0.0
0.025282956393602975|0.0
0.009150490766484947|0.0
0.00951316337616948|0.0
0.011650705513680842|0.0
0.011650705513680842|0.0
0.010191228409987842|0.0
0.00951316337616948|0.0
0.01080209121092761|0.0
0.0107341847450019|0.0
0.009632699085973447|0.0
0.009257446822539529|0.0
0.007387455720823137|0.0
0.006617471238432187|0.0
0.007956021740734169|0.0
0.008683691750876963|0.0
0.008683691750876963|0.0
0.008236651176105614|0.0
0.008236651176105614|0.0
0.008236651176105614|0.0
0.008683691750876963|0.0
0.008236651176105614|0.0
0.027133669409287037|0.0
0.029210724529796082|0.0
0.03195575866143058|0.0
0.033646468922931334|0.0
0.03244911376207571|0.0
0.03482969856192018|0.0
0.014150691920055691|0.0
0.01431333006728455|0.0
0.01549021291147012|0.0
0.014718594832618259|0.0
0.012660277693560039|0.0
0.011167784601203408|0.0
0.007939797695354266|0.0
