PredictedProbability|PredictedLabel
0.02993720283288672|0.0
0.014526312691746233|0.0
0.01364627056144978|0.0
0.008180258840567714|0.0
0.0068762951802017|0.0
0.0073477438993840745|0.0
0.007106563284585767|0.0
0.008249500110836899|0.0
0.01051768785138425|0.0
0.008669733723777625|0.0
0.00988356505398365|0.0
0.013457998099127778|0.0
0.013457998099127778|0.0
0.013442207060138885|0.0
0.011182592282786305|0.0
0.01154221802216329|0.0
0.011734861993385698|0.0
0.012265526298223674|0.0
0.009998953955126304|0.0
0.008780480749652217|0.0
0.008780480749652217|0.0
0.00916608060739862|0.0
0.00916608060739862|0.0
0.009126296414596998|0.0
0.009621153671982373|0.0
0.0076675942218755715|0.0
0.007024467105192559|0.0
0.007055154048021667|0.0
0.006753470992167686|0.0
0.006433335106965132|0.0
0.007217717481559663|0.0
0.00733637013895804|0.0
0.006722418027554925|0.0
0.006783170916080343|0.0
0.007621856186393075|0.0
0.00733637013895804|0.0
0.007587636215437514|0.0
0.00695116867770681|0.0
0.006433335106965132|0.0
0.00733637013895804|0.0
0.008007823336008196|0.0
0.009535974019428711|0.0
0.007331701646960852|0.0
0.007502450207702311|0.0
0.008554262848663752|0.0
0.008992061082678094|0.0
0.008992061082678094|0.0
0.008788967926325282|0.0
