PredictedProbability|PredictedLabel
0.019617053987794664|0.0
0.02084540162053562|0.0
0.02084540162053562|0.0
0.02084540162053562|0.0
0.02084540162053562|0.0
0.02084540162053562|0.0
0.02084540162053562|0.0
0.02084540162053562|0.0
0.02084540162053562|0.0
0.02084540162053562|0.0
0.02084540162053562|0.0
0.02084540162053562|0.0
0.017677694943094454|0.0
0.016632838524754636|0.0
0.016632838524754636|0.0
0.016632838524754636|0.0
0.017451361187679072|0.0
0.017451361187679072|0.0
0.017451361187679072|0.0
0.017451361187679072|0.0
0.019617053987794664|0.0
0.02084540162053562|0.0
0.022214314081876664|0.0
0.022214314081876664|0.0
0.018842588005961305|0.0
0.017730122235973266|0.0
0.016632838524754636|0.0
0.016632838524754636|0.0
0.016632838524754636|0.0
0.016632838524754636|0.0
0.016632838524754636|0.0
0.019617053987794664|0.0
0.02084540162053562|0.0
0.024989165051462883|0.0
0.025496490312732132|0.0
0.025496490312732132|0.0
0.02163761418725868|0.0
0.02036355505647698|0.0
0.02036355505647698|0.0
0.02036355505647698|0.0
0.02517261506427234|0.0
0.026739343552484623|0.0
0.028484050180698786|0.0
