PredictedProbability|PredictedLabel
0.003897986955665385|0.0
0.003937742785051617|0.0
0.004278658930632528|0.0
0.00542401271133144|0.0
0.005367270621687397|0.0
0.005049483453194115|0.0
0.005805617651597202|0.0
0.005805617651597202|0.0
0.006499101764720598|0.0
0.005898501501732857|0.0
0.005905984066170757|0.0
0.005765234143849473|0.0
0.005367270621687397|0.0
0.005666646600698496|0.0
0.005367270621687397|0.0
0.00527545228623021|0.0
0.00527545228623021|0.0
0.005562676555647075|0.0
0.00527545228623021|0.0
0.00527545228623021|0.0
0.00527545228623021|0.0
0.00527545228623021|0.0
0.00527545228623021|0.0
0.00527545228623021|0.0
0.00527545228623021|0.0
0.00527545228623021|0.0
0.005700620013247769|0.0
0.00527545228623021|0.0
0.00527545228623021|0.0
0.005562676555647075|0.0
0.006188097331485398|0.0
0.006188097331485398|0.0
0.005927978894139435|0.0
0.005743095932446745|0.0
0.005743095932446745|0.0
0.0048433016565126745|0.0
0.0048433016565126745|0.0
0.003736968104893524|0.0
0.003736968104893524|0.0
0.0035852120720724972|0.0
0.003509455035310368|0.0
0.003509455035310368|0.0
0.003509455035310368|0.0
0.003509455035310368|0.0
0.003752813563228082|0.0
0.003752813563228082|0.0
0.003819701267210591|0.0
0.003752813563228082|0.0
0.003572020827314535|0.0
0.003509455035310368|0.0
0.003509455035310368|0.0
0.00426471549309792|0.0
0.004364740462127684|0.0
0.004364740462127684|0.0
0.004560206889996794|0.0
0.004560206889996794|0.0
0.004808677567973193|0.0
0.004364740462127684|0.0
0.004364740462127684|0.0
