PredictedProbability|PredictedLabel
0.003645981297571172|1.0
0.0031724280697447795|1.0
0.0033823151215604135|1.0
0.003825885084690846|1.0
0.003448927752917761|1.0
0.003046066637636698|1.0
0.00302826448879867|1.0
0.003188574824086981|1.0
0.0037635540156717245|1.0
0.0025662039803281615|1.0
0.002832103838984941|1.0
0.0022160081252017025|1.0
0.0033597018679484766|1.0
0.003350331921103205|1.0
0.0033455860348348965|1.0
0.0046471976072747345|1.0
0.0040730216158365315|1.0
0.004716698983365167|1.0
0.0035841639350807472|1.0
0.0034793361121823597|1.0
