PredictedProbability|PredictedLabel
0.0057128233715756805|1.0
0.012221995317238417|1.0
0.006615394946974998|1.0
0.0068118575831404736|1.0
0.0071409971947395965|1.0
0.005233132477185236|1.0
0.006155013955923727|1.0
0.00520834922903117|1.0
0.003810121813352199|1.0
0.0047565926689754215|1.0
0.004360799232279757|1.0
0.004093288478850339|1.0
0.005479114174014838|1.0
0.0040996474902309015|1.0
0.004321887240536625|1.0
0.004167956948160968|1.0
0.00434817128346754|1.0
0.004864305241362109|1.0
0.005028448786706989|1.0
0.005238921928089144|1.0
0.005463297308752979|1.0
0.0055965914238728254|1.0
0.004624159090837895|1.0
0.0066219110653399455|1.0
0.0066219110653399455|1.0
0.006022452785986681|1.0
0.004448985957938552|1.0
0.005433993704980679|1.0
0.005295635757949028|1.0
0.004890808911754073|1.0
0.005824969518275078|1.0
0.005288351128687574|1.0
0.006895618521984973|1.0
0.004839150102706204|1.0
0.004586872545903758|1.0
0.004152668791061657|1.0
0.004193821582768137|1.0
0.0036537563902139703|1.0
