PredictedProbability|PredictedLabel
0.003660607745739685|1.0
0.003636039063525514|1.0
0.0028506618693797023|1.0
0.0029064016499539026|1.0
0.003156427781369828|1.0
0.0031312162514728044|1.0
0.0030080077807307787|1.0
0.003216980596732379|1.0
0.0032438114104393445|1.0
0.0030797851025345826|1.0
0.003902362034801273|1.0
0.0037898466475895145|1.0
0.003921841487959947|1.0
0.0037450582676624104|1.0
0.0034152855618820636|1.0
0.0025597469839827515|1.0
0.0024021715139466875|1.0
0.0025718972079526742|1.0
0.0037773986857050123|1.0
0.00400155712963181|1.0
0.0037367019343175693|1.0
0.00368279657977647|1.0
0.003442264067664743|1.0
0.0036802957788865266|1.0
0.0039949551842175315|1.0
0.003838966735809621|1.0
0.003646476497541601|1.0
0.0034692306627694966|1.0
0.003344397165089106|1.0
0.0034084743106438118|1.0
0.0025221042293282546|1.0
0.0028412230966378036|1.0
0.003371647440882944|1.0
0.0036723187722555667|1.0
0.0037411420400696197|1.0
0.0037316186638541075|1.0
0.0035769085407105173|1.0
0.003569930108199604|1.0
0.0039437759212571305|1.0
0.004284460542727088|1.0
0.003362601177485966|1.0
0.003511043288234814|1.0
0.0036681534035754556|1.0
0.00407762945853565|1.0
0.003957751803366017|1.0
0.003657197304456531|1.0
