PredictedProbability|PredictedLabel
0.002866214604187623|1.0
0.002734783471266632|1.0
0.0029412292310022035|1.0
0.0028637336807197703|1.0
0.002977433928297897|1.0
0.0030311643051034254|1.0
0.002879299845024774|1.0
0.0028743818633486695|1.0
0.0026916518746708832|1.0
0.0026967445915412557|1.0
0.0026950909125506607|1.0
0.002691552992950452|1.0
0.002715424301068319|1.0
0.002726394183496916|1.0
0.002755216236900402|1.0
0.002749759873435856|1.0
0.0027458524235656426|1.0
0.0026936111006245628|1.0
0.0027532910386565217|1.0
0.0027775108236422195|1.0
0.0027735450444871866|1.0
0.0027869625412255046|1.0
0.002943421594585819|1.0
0.002954034949114114|1.0
0.002867047925340967|1.0
0.002867047925340967|1.0
0.0029073760821454833|1.0
