PredictedProbability|PredictedLabel
0.002124554053311321|1.0
0.002296206325407092|1.0
0.002565294375523213|1.0
0.001932925228162442|1.0
0.002410694478600866|1.0
0.0020923929403672196|1.0
0.002044335598401009|1.0
0.0018312228830587643|1.0
0.002047539159834644|1.0
0.001982086563840644|1.0
0.0019144401552143274|1.0
0.0019227289996094944|1.0
0.0016354461296242823|1.0
0.0019092990415856867|1.0
0.0019985134853950023|1.0
0.0018723209455203413|1.0
0.0017519414434478658|1.0
0.0015631377367100515|1.0
0.0016826172447391393|1.0
0.0015161131524289205|1.0
