PredictedProbability|PredictedLabel
0.0056270414629225|1.0
0.005274441903675253|1.0
0.0035969977534966208|1.0
0.004169601907528126|1.0
0.004227502087035868|1.0
0.0042658543246096295|1.0
0.004324304918701453|1.0
0.004514851470834168|1.0
0.0035784597644118064|1.0
0.004200960145778012|1.0
0.0032877686076737012|1.0
0.003723792598510747|1.0
0.003708070389958592|1.0
0.0030657253291287035|1.0
0.0037653555555505302|1.0
0.0024280187944598153|1.0
0.002449094535068348|1.0
0.002496826792774258|1.0
0.003264691012438456|1.0
0.0039220132548899|1.0
0.0029564939092044124|1.0
0.0035382365855621896|1.0
0.0037461993390152178|1.0
0.0034627699770667097|1.0
0.004200829000644055|1.0
