PredictedProbability|PredictedLabel
0.005783803837959384|1.0
0.005665865463164389|1.0
0.005978422737138958|1.0
0.0057846190145931925|1.0
0.0060312757488790916|1.0
0.005912494550396263|1.0
0.0056812983127560454|1.0
0.005852555675785973|1.0
0.004327258230311356|1.0
0.0047456531445397125|1.0
0.003894343685241795|1.0
0.0035946044302491405|1.0
0.002913616574360227|1.0
0.004714040168319413|1.0
0.00452867514751626|1.0
0.004096295921825778|1.0
0.0037092581677135358|1.0
0.003164437103531891|1.0
0.0030161756488485477|1.0
0.0035437464817597917|1.0
0.0034688263385410987|1.0
0.003430807897826066|1.0
0.003414274474031321|1.0
0.003314010599704194|1.0
0.0033161890927685465|1.0
0.0029952182199701268|1.0
0.004668436151154163|1.0
