PredictedProbability|PredictedLabel
0.005718983154719408|1.0
0.00735778363192958|1.0
0.005943033710154902|1.0
0.005406267705977146|1.0
0.007069517436030693|1.0
0.005163803701315101|1.0
0.0048776193991888865|1.0
0.005452911886694319|1.0
0.005075835428411067|1.0
0.0059888182194133026|1.0
0.006188759929783194|1.0
0.00437643331616853|1.0
0.005449136935143783|1.0
0.005449136935143783|1.0
0.005490756781568787|1.0
0.004449384855524975|1.0
0.005418447927014146|1.0
0.005165600521248608|1.0
0.004058264427349636|1.0
0.0051671343115185986|1.0
0.004652286689382748|1.0
0.0041019689339913635|1.0
0.004276764686522707|1.0
0.005101258160330613|1.0
0.006290210797913326|1.0
0.004920088199311805|1.0
0.004920088199311805|1.0
0.005553889580013452|1.0
0.005646362332697501|1.0
0.005452301150782639|1.0
0.0041286030771122|1.0
0.004000331277760315|1.0
0.004230127722871465|1.0
0.003475957042568022|1.0
0.003725094068590481|1.0
0.00494714196368053|1.0
0.00494714196368053|1.0
0.00494714196368053|1.0
0.006639055217745858|1.0
0.007491967089353922|1.0
0.007491967089353922|1.0
0.007491967089353922|1.0
0.007491967089353922|1.0
0.006493371522000781|1.0
0.006493371522000781|1.0
0.006493371522000781|1.0
0.006493371522000781|1.0
0.0066217843919906694|1.0
0.005835596455391351|1.0
0.005930543464495765|1.0
