PredictedProbability|PredictedLabel
0.0012054120277764878|1.0
0.0013129653379872997|1.0
0.0013078308405079632|1.0
0.0012496408710455267|1.0
0.0012648615019792285|1.0
0.0013016844867961672|1.0
0.0012577734133963376|1.0
0.0012781562924954718|1.0
0.0012788449924165453|1.0
0.0012854539863781842|1.0
0.0012853139072835614|1.0
0.0012907196096636879|1.0
0.0012890170446506317|1.0
0.0012093795645747101|1.0
0.001201473071490126|1.0
0.0011685147107490196|1.0
0.001150950748769046|1.0
0.0012490173952202492|1.0
0.001298661154127403|1.0
0.0012860275632929818|1.0
0.0012320271659317916|1.0
0.0012657433092387127|1.0
0.0012633722407550433|1.0
0.0012456623830640625|1.0
0.0011846268205569408|1.0
0.001158826714429095|1.0
0.0011959115290031477|1.0
0.001214282970923302|1.0
0.0012074811919294357|1.0
0.001222922745223826|1.0
