PredictedProbability|PredictedLabel
0.004536605750113238|1.0
0.0020399830890509793|1.0
0.0027558894386221903|1.0
0.0025788546643596257|1.0
0.0024483987919613807|1.0
0.0024936981976827984|1.0
0.0027075281491987565|1.0
0.0023351293382315973|1.0
0.0023619738577574634|1.0
0.002293028938141206|1.0
0.002223517540333349|1.0
0.005260523718677537|1.0
0.0054498613752914085|1.0
0.0054498613752914085|1.0
0.0054498613752914085|1.0
0.005677825061369393|1.0
0.004966922384339954|1.0
0.00790961916910998|1.0
0.007152573250074948|1.0
0.006406026931396347|1.0
0.005732493944911626|1.0
0.005090575657014845|1.0
0.004986595444051125|1.0
0.005198292284142172|1.0
