PredictedProbability|PredictedLabel
0.004369236551713559|1.0
0.0031286034748972806|1.0
0.0073757906559327804|1.0
0.00741120959577232|1.0
0.007615848058067542|1.0
0.004944924249662796|1.0
0.004790928412193299|1.0
0.0027621186467914343|1.0
0.0032136340418779216|1.0
0.003000365774039213|1.0
0.003399559046026224|1.0
0.0032910169321664316|1.0
0.003174817598504476|1.0
0.003221096001948054|1.0
0.0032282925392466935|1.0
0.00310066652824625|1.0
0.002950424500635731|1.0
0.0033409988516806036|1.0
0.0024978449921811223|1.0
0.002906046056249478|1.0
0.0023024138895711564|1.0
0.0028897326578674605|1.0
0.0029753419441495765|1.0
0.0027363732200358544|1.0
0.002240479580262128|1.0
0.002465402882137675|1.0
0.003033872156253013|1.0
0.0049243280879702495|1.0
0.004370595039726545|1.0
0.003124918798074335|1.0
0.003554596831278319|1.0
0.0028774551853442466|1.0
0.0033762230800619465|1.0
0.002742926072441794|1.0
0.0026920592491645793|1.0
0.0030380269904441764|1.0
0.002784774368852665|1.0
0.003599801461325402|1.0
0.0029501763684575827|1.0
0.0022133748504781256|1.0
0.003939353187261303|1.0
0.0028405351641333427|1.0
0.002995189506064175|1.0
0.003292409519817435|1.0
