PredictedProbability|PredictedLabel
0.006247014836035443|1.0
0.013845950662698751|1.0
0.0067993119651022955|1.0
0.0058597359718800795|1.0
0.012428276203315415|1.0
0.011533339882395988|1.0
0.0121346674036843|1.0
0.008891524825889676|1.0
0.005568211961675764|1.0
0.005005301618054688|1.0
0.004232462061121777|1.0
0.005915005419090039|1.0
0.003428879276698447|1.0
0.005419383908350969|1.0
0.004355991466081926|1.0
0.006140387535313568|1.0
0.005270721557962368|1.0
0.004589907946537686|1.0
0.004226813579270394|1.0
0.003006262377209474|1.0
0.004935141684897179|1.0
0.0037229037850011605|1.0
0.003116140240356934|1.0
0.003497236345409675|1.0
0.0028854153617992218|1.0
0.002712954436202097|1.0
0.004099491615413887|1.0
0.004487040219332393|1.0
0.007089474920641016|1.0
0.0036773067473353594|1.0
0.003754162479321161|1.0
0.004880838087719371|1.0
0.006628953997892712|1.0
0.006569055872083774|1.0
0.00605262432147967|1.0
0.006513892700244178|1.0
0.0050672127766113765|1.0
0.005010285363462238|1.0
0.0021859135891114873|1.0
0.0046586880028441375|1.0
0.004341944210476785|1.0
0.004685133108664035|1.0
0.004773192196821787|1.0
0.00507210089631813|1.0
0.0025342699264187065|1.0
0.002362110969429304|1.0
0.003293664732346832|1.0
0.004215381211066591|1.0
