PredictedProbability|PredictedLabel
0.001518474351482327|1.0
0.0016521158909460713|1.0
0.0014060835725555557|1.0
0.0014181176570599965|1.0
0.00137771787101316|1.0
0.0013941570522776764|1.0
0.0015924429446492745|1.0
0.0015794777468376624|1.0
0.0015734376127629816|1.0
0.001568020901427905|1.0
0.0015794487126898624|1.0
0.0015710682441172608|1.0
0.0015920282604189025|1.0
0.0015377575556826835|1.0
0.0015508261922608836|1.0
0.0015393754680446531|1.0
0.0015470536941452333|1.0
0.00155335120496349|1.0
0.0015618374243862145|1.0
0.0015625068280681643|1.0
0.0015715826359895685|1.0
0.0016277755105407394|1.0
0.0015748068110524754|1.0
0.0015344686732407331|1.0
0.0015716555851143428|1.0
0.0014859083028978342|1.0
0.0014728116832140943|1.0
0.0015123544988065068|1.0
0.0015123544988065068|1.0
0.0015265702597394772|1.0
0.001656412200366678|1.0
0.001633238272566353|1.0
0.001625632786961991|1.0
0.0015722524861879637|1.0
0.001574065637656114|1.0
0.0015598997238894347|1.0
0.0015598997238894347|1.0
0.0015598997238894347|1.0
0.0015622203947420266|1.0
0.001571967013697415|1.0
0.0014856551568314023|1.0
0.0015069654807620097|1.0
0.0014596519423744451|1.0
0.001499681904875414|1.0
0.0014388170812398998|1.0
0.0014941725885516623|1.0
0.0014193702610325932|1.0
0.0014876464423338909|1.0
0.0014876464423338909|1.0
0.0014712156954483063|1.0
0.0014397310285935551|1.0
0.0015095216796306866|1.0
0.0015063367728609192|1.0
0.001460285662621008|1.0
0.001460285662621008|1.0
