PredictedProbability|PredictedLabel
0.0055608909802221185|1.0
0.00783421930678207|1.0
0.00494603246234293|1.0
0.00545509997214302|1.0
0.005303417602022234|1.0
0.005303417602022234|1.0
0.006497240645212179|1.0
0.006466262756067754|1.0
0.006261540988974098|1.0
0.0052720609610990956|1.0
0.006513491845095901|1.0
0.006094614930161575|1.0
0.004416536268539727|1.0
0.004442948101879363|1.0
0.0034942382082104517|1.0
0.0035916764084081357|1.0
0.0029851229169921643|1.0
0.0029066018624816004|1.0
0.004162893111914404|1.0
0.003950446723130058|1.0
0.004754187592638831|1.0
0.004206365473175956|1.0
0.0037565365557328512|1.0
0.0034677352436372636|1.0
0.003194998898879256|1.0
0.004738471241829303|1.0
0.004611824683261494|1.0
0.00519427411421093|1.0
0.006753397812292989|1.0
0.006337047682422179|1.0
0.007351383059482166|1.0
0.005915197941689607|1.0
0.0058503732950541815|1.0
0.0058503732950541815|1.0
0.006056247471185966|1.0
0.005673392192794963|1.0
0.005673392192794963|1.0
0.005673392192794963|1.0
