PredictedProbability|PredictedLabel
0.0048389200919481444|1.0
0.006587473109531158|1.0
0.003776677850372786|1.0
0.0042988937399902035|1.0
0.0042988937399902035|1.0
0.0038388294236171346|1.0
0.0036817435378887066|1.0
0.0035146500709385175|1.0
0.0035146500709385175|1.0
0.0041822665440639775|1.0
0.004051143373947984|1.0
0.0037852485192566023|1.0
0.0056088088895411845|1.0
0.005156748972430466|1.0
0.004041714765625656|1.0
0.0031706491564563646|1.0
0.0039137996563669815|1.0
0.00371345467979352|1.0
0.0039006755933086858|1.0
0.003805399191166424|1.0
0.0030978999797876402|1.0
0.0044922557693859175|1.0
0.0059624900303137255|1.0
0.0059624900303137255|1.0
