PredictedProbability|PredictedLabel
0.0028679770245470283|1.0
0.004222721765077932|1.0
0.002835095576805638|1.0
0.0026958432727557935|1.0
0.0029968297616222166|1.0
0.002792707193769368|1.0
0.003777269780656148|1.0
0.0024468070973021464|1.0
0.0032445562542745728|1.0
0.003274945786131697|1.0
0.0027273920087851587|1.0
0.003374049539292407|1.0
0.003078900737935602|1.0
0.0036106914533064194|1.0
0.0036525047829842824|1.0
0.003035003747666419|1.0
0.0028738853415229896|1.0
0.003039099586770318|1.0
0.002957595570489697|1.0
0.002258897614001655|1.0
0.002258278542399146|1.0
0.0022152877102208732|1.0
0.0015988912643870564|1.0
0.0028093950905069623|1.0
0.0024193118106083807|1.0
0.0025472411965482412|1.0
0.0028563162335720382|1.0
0.0026858079405497406|1.0
0.001630030583989949|1.0
0.0025596704411871263|1.0
0.002880586215874749|1.0
0.003297873383484576|1.0
0.002551890475049782|1.0
0.002051994236385615|1.0
0.002531092220862549|1.0
0.0029849946086998266|1.0
0.002119687614165839|1.0
0.0030562632425046323|1.0
0.002287795060592012|1.0
0.0022784446771667885|1.0
0.0021087694684567737|1.0
0.0022680473940650354|1.0
0.0024252828200160147|1.0
0.0016473322105302083|1.0
0.002276498329457441|1.0
0.0019605101018704513|1.0
0.002134355735153767|1.0
0.00219506995843984|1.0
