PredictedProbability|PredictedLabel
0.021774496669693028|1.0
0.012183589905057461|1.0
0.014680337605710952|1.0
0.016092433166873563|1.0
0.01701881961916091|1.0
0.02426924178062611|1.0
0.01907847403199116|1.0
0.02556868136814439|1.0
0.02339281831005366|1.0
0.02414081715708084|1.0
0.024294661693113714|1.0
0.023673626368976734|1.0
0.02337237923061862|1.0
0.018142952897784278|1.0
0.015260041918221738|1.0
0.018861433970635673|1.0
0.01991070028928902|1.0
0.020814662894931092|1.0
0.02215295520251863|1.0
0.02215295520251863|1.0
0.019738073307959854|1.0
0.014431016122615636|1.0
0.014431016122615636|1.0
0.0132854436939706|1.0
0.012275402992076042|1.0
0.022679387205647276|1.0
0.022679387205647276|1.0
0.022679387205647276|1.0
0.016823310144453516|1.0
0.021288969779624443|1.0
0.02136118676341876|1.0
0.02079082230926415|1.0
0.02374157251907023|1.0
0.022771992270775324|1.0
0.022462685034702154|1.0
0.02412417269204829|1.0
0.023729984752190517|1.0
0.02333707042942506|1.0
0.023713329086795413|1.0
0.021762322573520655|1.0
0.022236463556319797|1.0
0.02350743675465991|1.0
0.021052301154443225|1.0
0.022008075362455134|1.0
0.016703117835252284|1.0
0.013786749362589102|1.0
0.012039082340605434|1.0
0.01298905404655142|1.0
0.012239922963095983|1.0
0.013576200902873065|1.0
