PredictedProbability|PredictedLabel
0.003553844562706748|1.0
0.0039155763473444904|1.0
0.0028568582146814253|1.0
0.002733596345919571|1.0
0.002384043504033496|1.0
0.0033379003611005366|1.0
0.0026860569509918213|1.0
0.004918621454590865|1.0
0.003411902928363742|1.0
0.003611512175558333|1.0
0.00409752684048823|1.0
0.00443723442796077|1.0
0.004020640357960286|1.0
0.0057031019748222415|1.0
0.0058559799069441|1.0
0.003617237059030614|1.0
0.0025702894844468584|1.0
0.005080384987473651|1.0
0.004236353901035797|1.0
0.003473560311513672|1.0
0.005282428428562186|1.0
0.00415176033681536|1.0
0.0033331164453389126|1.0
0.0017730644489841417|1.0
0.0017555046181194625|1.0
0.0016748167889022712|1.0
0.0016661412527626289|1.0
0.0017543054643444512|1.0
0.0016829441571872793|1.0
0.0016111885038234803|1.0
0.0016989165675779434|1.0
0.0017793296995253674|1.0
0.0017949945999299905|1.0
0.0017922616261444627|1.0
0.0017741399050784231|1.0
0.001851947986366796|1.0
0.0018145324993864495|1.0
