PredictedProbability|PredictedLabel
0.005950901270102304|1.0
0.003980823792761669|1.0
0.008482074576819381|1.0
0.007144455294943651|1.0
0.007143911539588255|1.0
0.007143911539588255|1.0
0.006744403941932025|1.0
0.005109215212828234|1.0
0.005109215212828234|1.0
0.005109215212828234|1.0
0.005057068402749981|1.0
0.005057068402749981|1.0
0.005057068402749981|1.0
0.005057068402749981|1.0
0.004558871810670813|1.0
0.004558871810670813|1.0
0.004558871810670813|1.0
0.004558871810670813|1.0
0.004348276550314195|1.0
