PredictedProbability|PredictedLabel
0.01328607644328646|1.0
0.012631989363092053|1.0
0.011225393571601064|1.0
0.010984641166595553|1.0
0.01118928497680656|1.0
0.009694766162225608|1.0
0.014249057690950797|1.0
0.008980657657817148|1.0
0.014265240501548563|1.0
0.014161415239588316|1.0
0.01095324436315698|1.0
0.013125203546019296|1.0
0.015083646371239347|1.0
0.014056446806069099|1.0
0.014356934458195726|1.0
0.011635988310172724|1.0
0.01342123941342413|1.0
0.01342123941342413|1.0
0.01145252307728497|1.0
0.01145252307728497|1.0
0.007563939339762187|1.0
0.007563939339762187|1.0
0.011880650984229961|1.0
