PredictedProbability|PredictedLabel
0.5231449965086914|1.0
0.5445116243209565|1.0
0.566605211158106|1.0
0.6046189641416053|1.0
0.6200009114842708|1.0
0.6484394632142255|1.0
0.6322319211531878|1.0
0.586444467319669|1.0
0.5486559253318397|1.0
0.5485452962861121|1.0
0.549815815592739|1.0
0.511851826944193|1.0
0.5040803314405748|1.0
0.5258620769270717|1.0
0.5348780105708878|1.0
0.5677929742409741|1.0
0.547985098366743|1.0
0.5346784895552081|1.0
0.5406457104543998|1.0
0.5450560910773944|1.0
0.552436439317386|1.0
0.5309200354905752|1.0
0.5301432607787794|1.0
0.5300502650845409|1.0
0.5345157145010295|1.0
0.5302651969767607|1.0
0.5282335203069088|1.0
0.543586399604068|1.0
0.561290825842618|1.0
0.5561708915067849|1.0
0.5381950219189674|1.0
0.5248568513844227|1.0
0.5327916449477156|1.0
0.512727974060363|1.0
0.537501304690618|1.0
0.5590445950313471|1.0
0.5983797604893485|1.0
0.6057075066845321|1.0
0.6059527999592401|1.0
0.6114333717781811|1.0
0.6148701421804317|1.0
0.6217864660723875|1.0
0.6105333316952454|1.0
0.6205401834224118|1.0
0.6119598440076212|1.0
