PredictedProbability|PredictedLabel
0.4539910702169027|0.0
0.46273372858865497|0.0
0.44728972713069853|0.0
0.35587499626160496|0.0
0.3611835058219054|0.0
0.40754892965631245|0.0
0.49225187790516767|0.0
0.49768475767942766|0.0
0.4790628208129694|0.0
0.49843254904988216|0.0
0.49328678909618645|0.0
0.5039938307567009|1.0
0.5152537285653715|1.0
0.521550724435084|1.0
0.5034772071470188|1.0
0.49418358408754554|0.0
0.49354575326350425|0.0
0.4733578125507146|0.0
0.4704344312091668|0.0
0.4771005736745388|0.0
0.4232504042853753|0.0
0.45207459259682464|0.0
0.4775063736967749|0.0
0.46467575376127485|0.0
0.45678036957593826|0.0
0.4544489224734428|0.0
0.45738306609409984|0.0
0.2777813494071797|0.0
0.28733001069457587|0.0
0.34559849076487625|0.0
0.5670616911019742|1.0
0.5801875352185769|1.0
0.4153192035377036|0.0
0.4676704389568306|0.0
0.4650981693191078|0.0
0.5063639024291271|1.0
0.5189816200825457|1.0
0.5112229047076509|1.0
0.5397831070091142|1.0
0.5052159058228152|1.0
0.47403339555834345|0.0
0.49829043272433127|0.0
