PredictedProbability|PredictedLabel
0.5012776180605087|1.0
0.5518425071166958|1.0
0.5671461290085316|1.0
0.5880898537349755|1.0
0.5640756892605763|1.0
0.5651317562504734|1.0
0.5373165621992274|1.0
0.5377569287474323|1.0
0.5151961487439563|1.0
0.516492536108113|1.0
0.52034310799791|1.0
0.5346242926357041|1.0
0.5250707332016502|1.0
0.4997331733123799|0.0
0.48630918269402706|0.0
0.49054739829095717|0.0
0.5107905401427162|1.0
0.5153859857926202|1.0
0.5223454022399486|1.0
0.5124631186829331|1.0
0.5020216153215218|1.0
0.4915799874302259|0.0
0.47164379584886323|0.0
0.4702571936656067|0.0
0.45591982198664105|0.0
0.4683071388768018|0.0
0.4778385113605777|0.0
0.5013509859459183|1.0
0.5011331098247783|1.0
0.520262715490268|1.0
0.5232811963982691|1.0
0.5220801876291972|1.0
0.5274742411417683|1.0
0.5379706649877025|1.0
0.5516072222197062|1.0
0.533540776103887|1.0
0.5207386027321463|1.0
0.5147789625687197|1.0
0.4950405211899261|0.0
0.49824695082799986|0.0
0.5287965546207584|1.0
