PredictedProbability|PredictedLabel
0.568713394979937|1.0
0.5462480251596564|1.0
0.5238493309709781|1.0
0.5416183684111235|1.0
0.5736375065049143|1.0
0.58849397572903|1.0
0.5555406142645594|1.0
0.5719610890091107|1.0
0.5670538036278598|1.0
0.5713083636518002|1.0
0.5622852533325967|1.0
0.5438878640504526|1.0
0.5264378491258401|1.0
0.5133526361435975|1.0
0.5176221958547056|1.0
0.4910857755962138|0.0
0.49008596652328473|0.0
0.4997889921184602|0.0
0.5441200298145858|1.0
0.5436304383595297|1.0
0.5354109577603121|1.0
0.5397907168086113|1.0
0.538370671834015|1.0
0.5060238381614133|1.0
0.5105225097573446|1.0
0.5120015991646286|1.0
0.5104904544312181|1.0
0.49965654472934035|0.0
0.5185106796107906|1.0
0.5489505975951074|1.0
0.5518467834145978|1.0
0.5423424045077629|1.0
0.5404560601449766|1.0
