PredictedProbability|PredictedLabel
0.40346607893773123|0.0
0.2470801067341546|0.0
0.3892949541119163|0.0
0.3388025938579983|0.0
0.40110736945693876|0.0
0.379299819881547|0.0
0.38637385212526315|0.0
0.38964427103382604|0.0
0.41081033002772577|0.0
0.37181937205339277|0.0
0.18163600957326106|0.0
0.19342088842641686|0.0
0.20705666663932104|0.0
0.42586911131563926|0.0
0.4381430786662422|0.0
0.4579703923332832|0.0
0.39162817610307865|0.0
0.3850092741983922|0.0
0.3808382492699538|0.0
0.3811939247739385|0.0
0.42262469760419524|0.0
0.31829040805721376|0.0
0.341610856434892|0.0
0.38728380172216326|0.0
0.3722096049457844|0.0
0.3906051405310639|0.0
0.38841299716822136|0.0
0.37144254468639415|0.0
0.40562481078954454|0.0
0.3513971450252622|0.0
0.34063493956445773|0.0
0.392366280754732|0.0
0.27536985987739515|0.0
0.3245548180589654|0.0
0.36535492473497005|0.0
0.21037429213246975|0.0
0.25738902944949266|0.0
0.26594012325352706|0.0
0.376494081900068|0.0
0.3822544260601707|0.0
0.37128834724159604|0.0
0.3722616431446441|0.0
0.3514148529165357|0.0
0.3924100307965053|0.0
0.26128010794967566|0.0
0.2945299020542564|0.0
0.38331531094268123|0.0
0.4265815299272283|0.0
0.39433164007707205|0.0
0.4249042056627882|0.0
0.39929861910377223|0.0
0.37901038973684814|0.0
0.32405858798848736|0.0
0.3521794193414257|0.0
0.3626962648333571|0.0
0.3267430830439113|0.0
