PredictedProbability|PredictedLabel
0.4999174806500455|0.0
0.48830838621545686|0.0
0.48552563985907754|0.0
0.4912274381415319|0.0
0.48448620727481206|0.0
0.45796673971279783|0.0
0.5013531396502319|1.0
0.5587545760239367|1.0
0.5579662162527504|1.0
0.5863542913219721|1.0
0.5423092525872707|1.0
0.559534814995797|1.0
0.500401706677718|1.0
0.5185941234124859|1.0
0.4857760443129309|0.0
0.4762726834935844|0.0
0.5211672225570144|1.0
0.5513930318871559|1.0
0.5420483142857042|1.0
0.4959064273064295|0.0
0.4992960333251233|0.0
0.48892505353576354|0.0
