PredictedProbability|PredictedLabel
0.48211769647942704|0.0
0.48276642821268495|0.0
0.48365686373291933|0.0
0.48365686373291933|0.0
0.48365686373291933|0.0
0.49825539405584707|0.0
0.4909398615662263|0.0
0.48792149217201164|0.0
0.48365686373291933|0.0
0.47587183698305824|0.0
0.47193138742120916|0.0
0.47215424521426297|0.0
0.4839287031817631|0.0
0.47812073827942586|0.0
0.47441680401021985|0.0
0.48365686373291933|0.0
0.5195158128935461|1.0
0.5183073273684222|1.0
0.5080198046961234|1.0
0.49115700696290104|0.0
0.5054665119670265|1.0
0.4941406738607682|0.0
0.48794714939327444|0.0
0.48365686373291933|0.0
0.48365686373291933|0.0
0.5035667092946441|1.0
0.4922444739810612|0.0
0.48177261758729967|0.0
0.48365686373291933|0.0
0.4755978400224566|0.0
0.47832437683635676|0.0
0.4772329082597827|0.0
0.48365686373291933|0.0
0.4651757619975271|0.0
0.47121312013708816|0.0
0.4765685184260421|0.0
0.48365686373291933|0.0
0.4784495196996558|0.0
0.4753983333632743|0.0
0.4771462786411476|0.0
0.48365686373291933|0.0
0.437705894740421|0.0
0.4466386785743853|0.0
0.4525813972758076|0.0
0.48365686373291933|0.0
