PredictedProbability|PredictedLabel
0.45050772351877416|0.0
0.4483640574621354|0.0
0.47495670620319114|0.0
0.40676230028976784|0.0
0.4189308900624435|0.0
0.37786866791987617|0.0
0.45695502664265997|0.0
0.4593874767445765|0.0
0.46129516242941065|0.0
0.4579537964007554|0.0
0.40466619697958695|0.0
0.4109288056812927|0.0
0.40885670100648486|0.0
0.47102149123618203|0.0
0.4613708186895136|0.0
0.4674279531785424|0.0
0.463678672173785|0.0
0.4701660886106226|0.0
0.4603176659634873|0.0
0.4370169507534954|0.0
0.40245954491867886|0.0
0.37486728662660046|0.0
0.37117894256811734|0.0
0.39601667979740074|0.0
0.40369287581488517|0.0
0.4425479756520088|0.0
0.43548398515765036|0.0
0.42541450772363454|0.0
0.4287381537542606|0.0
0.44443502505823523|0.0
0.4314125030377799|0.0
0.4431230962060963|0.0
0.42440896016036733|0.0
0.4485785579023895|0.0
0.40418289006743924|0.0
0.41686326053885236|0.0
0.39712616652835503|0.0
0.43604756431373326|0.0
0.4240514380108587|0.0
0.42697905732673813|0.0
0.4245440571872541|0.0
0.424698982896338|0.0
0.42002888127934074|0.0
0.4214751630766615|0.0
0.4181067490004908|0.0
0.41723696332486826|0.0
0.4109896686542321|0.0
0.42743966428090235|0.0
