PredictedProbability|PredictedLabel
0.4868119946910428|0.0
0.50496561105339|1.0
0.5085801875005356|1.0
0.5032877071184161|1.0
0.505248798379328|1.0
0.4946101466514149|0.0
0.47910708039422395|0.0
0.49083233375749713|0.0
0.4813820453070693|0.0
0.492049833812295|0.0
0.4848467571399716|0.0
0.4859213097063939|0.0
0.4944276010758768|0.0
0.4939772048679909|0.0
0.504937653433929|1.0
0.49765171252704804|0.0
0.5131991561309002|1.0
0.5074029915544228|1.0
0.4890965150296366|0.0
0.4771456697959649|0.0
0.4725690873195131|0.0
0.4614503602796159|0.0
0.4680421916067555|0.0
0.45111332191364123|0.0
0.45395920597455297|0.0
0.4468643208459348|0.0
0.4753160811836006|0.0
0.45460532075212934|0.0
0.46270617993921265|0.0
0.4754713143254429|0.0
0.4658926907476529|0.0
