PredictedProbability|PredictedLabel
0.43774832535818897|0.0
0.32950494209016845|0.0
0.3713271231352357|0.0
0.34718859123580703|0.0
0.42136993424194497|0.0
0.4186873529886138|0.0
0.42202130844726304|0.0
0.4282019243884998|0.0
0.42472394295211624|0.0
0.43702338453351286|0.0
0.41788768868317033|0.0
0.40519022489737055|0.0
0.345098341802855|0.0
0.34385092088458574|0.0
0.348008703586019|0.0
0.39743327842795195|0.0
0.42724960797707656|0.0
0.42186699059347144|0.0
0.4282158745535621|0.0
0.3933646087666052|0.0
0.3797182639060637|0.0
0.33958507235736796|0.0
0.37105662130814526|0.0
0.39591831131813365|0.0
0.41865368327591634|0.0
0.40759890318478|0.0
0.40489928712228773|0.0
0.41524314350385744|0.0
0.4440732078491941|0.0
0.43637712533557244|0.0
0.456742282273251|0.0
0.42035951502749286|0.0
0.44938624102289115|0.0
0.4481114489086632|0.0
0.42191863100524696|0.0
0.3993935922060248|0.0
0.413823538310017|0.0
0.4401781218601835|0.0
0.4411246957713105|0.0
0.3952101149445709|0.0
0.41991343970188433|0.0
0.3769462417054983|0.0
0.38980257343251495|0.0
0.36290373710166374|0.0
