PredictedProbability|PredictedLabel
0.5004788130090287|1.0
0.4789540047180403|0.0
0.44965372719046554|0.0
0.43553095110840423|0.0
0.45624175656837135|0.0
0.5031466326330799|1.0
0.5125878386317734|1.0
0.5164808261244787|1.0
0.518461195881737|1.0
0.5178702703149554|1.0
0.5076177427526389|1.0
0.5113552058745482|1.0
0.5311047655159074|1.0
0.5579889329398513|1.0
0.5511919703534393|1.0
0.539108483754797|1.0
0.5299128064167381|1.0
0.5203762610645132|1.0
0.5040893828186205|1.0
0.5121401119356465|1.0
0.504357270413106|1.0
0.5014050863907029|1.0
0.501056858784708|1.0
0.5031066476833999|1.0
0.5327711716591109|1.0
0.5163555102173747|1.0
0.4966785280053347|0.0
0.5087220745211047|1.0
0.5015494542366439|1.0
0.510185612304023|1.0
0.5277957737580373|1.0
0.5359940123877958|1.0
0.536889642419577|1.0
0.5309391330279047|1.0
0.5233210651968966|1.0
0.507697764281004|1.0
0.48938087357993615|0.0
0.4703880575470784|0.0
0.46159418470280994|0.0
0.4542296759088986|0.0
0.4470393184551038|0.0
0.4472419107264085|0.0
0.4491701450884276|0.0
0.5044613256865109|1.0
0.5879926764533979|1.0
0.6415126647904029|1.0
0.6424579297835994|1.0
0.6236118714136217|1.0
0.6326408046268639|1.0
