PredictedProbability|PredictedLabel
0.4624953004981682|0.0
0.4241063302836439|0.0
0.3735700859961953|0.0
0.35094481459609406|0.0
0.3604583821294067|0.0
0.3897911567687732|0.0
0.4345453216099985|0.0
0.43602503134093756|0.0
0.5297632123922859|1.0
0.5024770905434506|1.0
0.5101819775429971|1.0
0.43169031866609137|0.0
0.40643514182457724|0.0
0.4116277979929135|0.0
0.42286855948347163|0.0
0.44715602482509864|0.0
0.4496999684875075|0.0
0.44970895640105113|0.0
0.4355720668766837|0.0
0.43334279394455566|0.0
0.4416545596055837|0.0
0.4875321365604814|0.0
0.49184397723215684|0.0
0.5076378528153509|1.0
0.44655916966207865|0.0
0.43764829175067216|0.0
0.4129755010997319|0.0
0.433593350143562|0.0
0.42851214116014447|0.0
0.4316100769988774|0.0
0.41441789702154797|0.0
0.4184803120150292|0.0
0.4104586748316405|0.0
0.4083406068986026|0.0
0.4423478190815545|0.0
