PredictedProbability|PredictedLabel
0.4449888361274568|0.0
0.4227103611094923|0.0
0.4133052820257551|0.0
0.4082928994562912|0.0
0.469355555070511|0.0
0.4622371094744733|0.0
0.45252532427342257|0.0
0.45252532427342257|0.0
0.45252532427342257|0.0
0.45252532427342257|0.0
0.45252532427342257|0.0
0.4295376008392705|0.0
0.34912007107440385|0.0
0.29149420429805617|0.0
0.29762846300987483|0.0
0.3450129069734882|0.0
0.40365903723109714|0.0
0.4104943900166162|0.0
0.4042405522104901|0.0
0.4175891406940564|0.0
0.4285322418776864|0.0
0.38667348046917666|0.0
0.3750242301189078|0.0
0.37166458633337734|0.0
0.3850833128149382|0.0
0.3962787778962711|0.0
0.4217887936089685|0.0
0.455368563405155|0.0
0.4543380632649143|0.0
0.4480624880145056|0.0
0.4555804367051035|0.0
0.49516857145045146|0.0
0.5452938868228606|1.0
0.5719969799018603|1.0
0.5572093882266113|1.0
0.5051248470542574|1.0
0.4750599695895172|0.0
0.5052714652684669|1.0
0.4867325272673361|0.0
0.47410762047327043|0.0
0.4692174385912605|0.0
0.5235998972999593|1.0
0.5552785716802296|1.0
0.49255014996439067|0.0
0.49523529342399764|0.0
0.4755286238778554|0.0
0.47704903648136454|0.0
