PredictedProbability|PredictedLabel
0.44443356408453827|0.0
0.4441465706823067|0.0
0.4428235418548731|0.0
0.4610231332941171|0.0
0.4721373385518841|0.0
0.48771913389085236|0.0
0.47805939388027896|0.0
0.4854011232924954|0.0
0.48618746552574976|0.0
0.4712348829773272|0.0
0.636770786643145|1.0
0.6372786018464865|1.0
0.6423633812036137|1.0
0.45848151565247725|0.0
0.44257208572758777|0.0
0.42824330385289366|0.0
0.4181060299151027|0.0
0.4017467777745828|0.0
0.40709055892678814|0.0
0.42098302602148235|0.0
0.43011019272453305|0.0
0.3975355409232413|0.0
0.3801707792593368|0.0
0.37841390813422693|0.0
0.3664681324486176|0.0
0.3834264817016642|0.0
0.3820127499547773|0.0
0.6055571526545924|1.0
0.5997129579369718|1.0
0.6220777187302325|1.0
0.4037145712526754|0.0
0.4020012751192134|0.0
0.3694897872778367|0.0
0.34630545705841137|0.0
0.44860003649410163|0.0
0.456832259732942|0.0
0.44704537599587335|0.0
0.3177658623118191|0.0
0.32800608910833096|0.0
0.3443301124769544|0.0
0.3446714730696877|0.0
0.3642711950509162|0.0
0.37033185341250946|0.0
0.38153867015382437|0.0
0.3871417517281857|0.0
0.38694216823890476|0.0
