PredictedProbability|PredictedLabel
0.4878710367157704|0.0
0.8647155746779961|1.0
0.8771613233986211|1.0
0.8053239128804336|1.0
0.48600128355013245|0.0
0.44607040902829426|0.0
0.4684632661709849|0.0
0.45805149245805354|0.0
0.4508358805168213|0.0
0.373386175488082|0.0
0.4890580876209968|0.0
0.49237819598520494|0.0
0.4624437717219662|0.0
0.46847753365685385|0.0
0.48339826467796426|0.0
0.4467610405083738|0.0
0.42971678155488124|0.0
0.4679705129108493|0.0
0.47017690362119857|0.0
0.46659246823533246|0.0
0.44673660803893156|0.0
0.45647278481286097|0.0
0.45095053150709635|0.0
0.526640177703403|1.0
0.514251454387871|1.0
0.49702619368237283|0.0
0.465500199269359|0.0
0.46710627720700737|0.0
0.4648315500310676|0.0
0.450758771277881|0.0
0.4421968812653899|0.0
0.4530273705439784|0.0
0.5023497885908267|1.0
0.4852525244596892|0.0
0.5118732172555003|1.0
0.47894167698567996|0.0
0.48337459015888296|0.0
0.4751817582834295|0.0
0.42994668716832973|0.0
0.4323670594680887|0.0
0.43369922173997544|0.0
0.5008460538684992|1.0
0.5641374940889315|1.0
0.5914594843093918|1.0
0.5939652376104442|1.0
0.5560713495543187|1.0
0.5133279637122282|1.0
0.45191834540162223|0.0
0.5177599539518771|1.0
0.5340436881749191|1.0
0.5246522208293363|1.0
0.5718267058046915|1.0
0.6022244165770299|1.0
0.589430138313295|1.0
0.5737164011577077|1.0
0.5814331166147247|1.0
0.6853927467844328|1.0
0.5741761360516132|1.0
0.5487549660308244|1.0
0.5495850151561938|1.0
0.5357167720372484|1.0
0.4598748147429987|0.0
0.46501627620423586|0.0
0.4778733272903175|0.0
0.47474205371269346|0.0
0.4099798369422752|0.0
0.4395376899645221|0.0
0.5116496043570109|1.0
0.8726876190303021|1.0
0.8578048909381677|1.0
