PredictedProbability|PredictedLabel
0.4392151582764082|0.0
0.45338357924333156|0.0
0.4352680483515205|0.0
0.39995605007852564|0.0
0.373314881798091|0.0
0.37336870531043376|0.0
0.4269390754441317|0.0
0.4875279833164352|0.0
0.4661138828988679|0.0
0.4059169443566225|0.0
0.3901833209477057|0.0
0.37448342996961764|0.0
0.38549773000326765|0.0
0.39796560786713137|0.0
0.40594115241718715|0.0
0.4086355095006721|0.0
0.40208400226836144|0.0
0.43431019136959675|0.0
0.4449658356877419|0.0
0.433010252862068|0.0
0.40726990207946645|0.0
0.39808138484286226|0.0
0.3711961888089017|0.0
0.380970372567252|0.0
0.3741613004681397|0.0
0.3798264444100116|0.0
0.37665113595976457|0.0
0.3750183476631983|0.0
0.3816966457004655|0.0
0.3904809929825855|0.0
0.41453482172114253|0.0
0.4293592761366165|0.0
0.43784808746631404|0.0
0.4258362948720315|0.0
0.42019402235932574|0.0
0.4198018231249311|0.0
0.41079628525530953|0.0
