PredictedProbability|PredictedLabel
0.47163813397286136|0.0
0.48246213398292104|0.0
0.4779336844860325|0.0
0.4613073208220053|0.0
0.4473933954132759|0.0
0.4410455057631843|0.0
0.4343754972714125|0.0
0.43035466283877966|0.0
0.4165382051698978|0.0
0.4452148298769147|0.0
0.45304875482771373|0.0
0.47158857702728546|0.0
0.47178965827257674|0.0
0.4818658436109336|0.0
0.479137844537961|0.0
0.4785427363309659|0.0
0.4863031887858562|0.0
0.4851105380700371|0.0
0.5022972678108052|1.0
0.49394723851864725|0.0
0.48841401582993804|0.0
0.47970260786557606|0.0
0.4520284139854669|0.0
0.4515455111090088|0.0
0.43780972618597436|0.0
0.4695284281319276|0.0
0.46037070063450103|0.0
0.47026787027021216|0.0
0.47068371073471826|0.0
0.47970260786557606|0.0
0.4438389467183881|0.0
0.4534133520310899|0.0
0.45897279287861736|0.0
0.47970260786557606|0.0
0.4484014541428195|0.0
0.4617603761826256|0.0
0.47789840152770313|0.0
0.4871364193547948|0.0
0.4679595555775962|0.0
0.4694204451092368|0.0
0.4957553202508499|0.0
0.495978085751076|0.0
0.4761737133255776|0.0
0.4687555773098842|0.0
