PredictedProbability|PredictedLabel
0.4848523230905439|0.0
0.48485619034314953|0.0
0.4865418770631192|0.0
0.4867311756863629|0.0
0.48388675824664723|0.0
0.4861032903746326|0.0
0.48520074657009793|0.0
0.48485161135538396|0.0
0.4855340342475949|0.0
0.48615534672373195|0.0
0.48655297309270334|0.0
0.48608410753334313|0.0
0.48804580156522204|0.0
0.4864625550515354|0.0
0.48688294844491947|0.0
0.4867342033981519|0.0
0.48646177837530874|0.0
0.4883354838124862|0.0
0.487725008966518|0.0
0.48688055459333895|0.0
0.48638179639686013|0.0
0.48501185812379716|0.0
0.48742665766013116|0.0
0.48622383139679654|0.0
0.48650269298664833|0.0
0.48610526352969885|0.0
0.48738084946545934|0.0
0.4870311585484188|0.0
0.487725008966518|0.0
0.4889372841360548|0.0
0.48688055459333895|0.0
