PredictedProbability|PredictedLabel
0.4831902542041375|0.0
0.4837389205344532|0.0
0.4862257945264415|0.0
0.4902096397680732|0.0
0.49177075478104126|0.0
0.48957460573835315|0.0
0.48716757380473824|0.0
0.4864339466185736|0.0
0.4868495588089944|0.0
0.48715892456192234|0.0
0.48506661126577505|0.0
0.48869138033421905|0.0
0.4881552909584713|0.0
0.48415101256772913|0.0
0.48749690249219024|0.0
0.48734192700944734|0.0
0.48758513719872904|0.0
0.488369925284033|0.0
0.4882112462271283|0.0
0.4938688118545855|0.0
0.493218787819734|0.0
0.4925213190993307|0.0
0.48702333173930806|0.0
0.482026359883003|0.0
0.48349910807982416|0.0
0.47933714581421294|0.0
0.4811440513116014|0.0
0.48790054145325545|0.0
0.4858123582560045|0.0
0.4893194109845269|0.0
0.4945218327880243|0.0
0.48905104431237645|0.0
0.49650773917579377|0.0
0.4926055758248546|0.0
0.4912565414500608|0.0
0.490973166352119|0.0
0.49391660920999475|0.0
0.4910600895005878|0.0
0.4896194680966076|0.0
0.4876964996463893|0.0
0.4872862568540655|0.0
0.4897082532008408|0.0
0.48685602000718825|0.0
0.48966047172646343|0.0
0.4854593026127735|0.0
0.48921960618156285|0.0
0.4872189127257422|0.0
0.48958405280904654|0.0
0.49649876925231556|0.0
0.49555267066452097|0.0
0.48663146117929873|0.0
0.48965752648943794|0.0
0.4915247140785947|0.0
0.49215492394969146|0.0
0.48610396408473383|0.0
0.4885723204128471|0.0
0.49041830978888545|0.0
0.49085863120098455|0.0
0.491957224221926|0.0
0.49070136034043216|0.0
0.488328108168584|0.0
0.4841272278801979|0.0
0.4922556541309987|0.0
0.4865337767362553|0.0
0.490081700648531|0.0
0.4859303364456979|0.0
0.4889217820433294|0.0
0.49155284543819516|0.0
0.4893914085499515|0.0
0.49157618719765395|0.0
0.49128249291836784|0.0
0.4892476659297269|0.0
0.4910377871558957|0.0
0.4917351588982413|0.0
0.49209471226393764|0.0
0.4898510595992482|0.0
0.4909957830962272|0.0
0.4914949993056978|0.0
0.487299339554975|0.0
0.49138105912498287|0.0
0.49084103466330176|0.0
0.4918000607332019|0.0
0.48836640638229745|0.0
0.492169811246391|0.0
0.4911838644819392|0.0
0.49617710962779604|0.0
0.49568067732817933|0.0
0.49143011631343425|0.0
0.49236804102861215|0.0
0.4934875628273786|0.0
0.48893358776621026|0.0
0.4887408876894341|0.0
0.4928677464691814|0.0
0.499906511660719|0.0
0.4999677661605686|0.0
0.49600698580491204|0.0
0.4968219245871207|0.0
0.49380493838432804|0.0
