PredictedProbability|PredictedLabel
0.48590662559287096|0.0
0.486715695540029|0.0
0.4864823599361471|0.0
0.4885624621639762|0.0
0.488985934849478|0.0
0.4865912912070855|0.0
0.48470830468842796|0.0
0.48510548424337774|0.0
0.4831051784187589|0.0
0.4860682706212062|0.0
0.486365711619874|0.0
0.48658017914102825|0.0
0.48607108272757205|0.0
0.48639016252397665|0.0
0.4857114764202031|0.0
0.4857114764202031|0.0
0.4857114764202031|0.0
0.4858715064474599|0.0
0.48559576601060844|0.0
0.48465418773215585|0.0
0.4859836070147239|0.0
0.4860255436646646|0.0
0.4858542359295676|0.0
0.4876125793715722|0.0
0.4865988421552854|0.0
0.48536608010291404|0.0
0.48651852242682103|0.0
0.4862290334425238|0.0
0.4856191246452622|0.0
0.48744278715348155|0.0
0.4866661373736854|0.0
0.48703454335768326|0.0
0.48673738894332946|0.0
0.48484609104948184|0.0
0.4864326026989704|0.0
0.48591618956143007|0.0
0.4857648112849001|0.0
