PredictedProbability|PredictedLabel
0.49036614708114173|0.0
0.48966537608198485|0.0
0.4883517315358548|0.0
0.49024302609356984|0.0
0.48900620349505297|0.0
0.4900666359930679|0.0
0.4905261501251424|0.0
0.4861513121589191|0.0
0.4873018416895299|0.0
0.48797264685023145|0.0
0.48892263140984665|0.0
0.4899235729260052|0.0
0.4906951791248863|0.0
0.48886520783571447|0.0
0.4861790427439639|0.0
0.4856191246452622|0.0
0.4855134611353013|0.0
0.48681459866347415|0.0
0.48747582802981515|0.0
0.4870273536468679|0.0
0.48747804111213006|0.0
0.4888108040046115|0.0
0.48709711325697874|0.0
0.48666816282756015|0.0
0.48813124843055095|0.0
0.4882112462271283|0.0
0.48709711325697874|0.0
0.48666816282756015|0.0
0.48724478347942035|0.0
0.48724478347942035|0.0
0.48706293078707164|0.0
0.4869850849150287|0.0
0.48616494013692824|0.0
0.4852930581825702|0.0
0.48856729767871826|0.0
0.4886140825234694|0.0
0.48909165335909804|0.0
0.48961581865281906|0.0
0.49010001064426184|0.0
0.48831081272837523|0.0
0.48724478347942035|0.0
0.4866943789876795|0.0
0.4862267452895819|0.0
0.4860849591805548|0.0
0.48672455450038143|0.0
0.4858542359295676|0.0
0.48688160869935265|0.0
0.4859728004698437|0.0
0.48661873540753187|0.0
0.4860859381925918|0.0
0.48738564632689924|0.0
0.4850582911438144|0.0
0.48613076108156084|0.0
0.4867703595846321|0.0
0.48648581081028575|0.0
0.48662950575142616|0.0
0.48613076108156084|0.0
0.4866130836622694|0.0
