PredictedProbability|PredictedLabel
0.48655338442473894|0.0
0.4872815225045309|0.0
0.4885517626016051|0.0
0.49022472286473556|0.0
0.4906430588092678|0.0
0.48493482614155287|0.0
0.4877281779374732|0.0
0.4882112462271283|0.0
0.4862511340557041|0.0
0.4877742356646426|0.0
0.4868505745385407|0.0
0.48742830769861956|0.0
0.48531551353482577|0.0
0.483636189194196|0.0
0.48465904999493287|0.0
0.4847048442592283|0.0
0.4842625772330049|0.0
0.48526971590872076|0.0
0.4851577103019137|0.0
0.484901318207733|0.0
0.48576841227075085|0.0
0.48576841227075085|0.0
0.48718018531213236|0.0
0.4874010121991284|0.0
0.48735442422474895|0.0
0.48829096001173355|0.0
0.49019960832178233|0.0
0.48965124508906394|0.0
0.4882352577736143|0.0
0.4874226949131855|0.0
0.4871634009584515|0.0
0.48766297958115457|0.0
0.487414690121843|0.0
0.4862916156937016|0.0
0.4872259925725471|0.0
0.4882112462271283|0.0
0.4882341675173256|0.0
0.4873042079353183|0.0
0.48845083434375147|0.0
0.4894676870401318|0.0
0.48672856013600146|0.0
0.48690849884696424|0.0
0.48833550874775733|0.0
0.4881698082683384|0.0
0.4877284258866542|0.0
0.4867993215818665|0.0
0.4877742356646426|0.0
0.48654882836641405|0.0
0.48822942169081|0.0
