PredictedProbability|PredictedLabel
0.4867675944545775|0.0
0.4867675944545775|0.0
0.487315811937995|0.0
0.4882112462271283|0.0
0.48921960618156285|0.0
0.49069351187942617|0.0
0.4875958286591573|0.0
0.4896989209411414|0.0
0.4925115519298271|0.0
0.48862271655372486|0.0
0.4888150905831821|0.0
0.4903637051319522|0.0
0.4900824214113224|0.0
0.49093544279868423|0.0
0.49050204959798543|0.0
0.49107161127296006|0.0
0.49146962183890514|0.0
0.48746250688507975|0.0
0.491962211180955|0.0
0.49217592694028245|0.0
0.49130064429093373|0.0
0.48830012761135144|0.0
0.49212484335835865|0.0
0.49431668773370296|0.0
0.49437831860654974|0.0
0.4928657392941834|0.0
0.4923466426368106|0.0
0.494220163577914|0.0
0.4934232556556493|0.0
0.49476868301647464|0.0
0.49257066041552466|0.0
0.4893335825264757|0.0
0.49254102427151597|0.0
0.4934128463684613|0.0
0.495028942143408|0.0
0.4975945160229756|0.0
0.4945281371606397|0.0
0.4897367102980388|0.0
0.4952431089755186|0.0
0.49291382466816297|0.0
0.4930372354803388|0.0
0.4926040084727707|0.0
0.4948674658542277|0.0
0.4952431089755186|0.0
0.4941309361946845|0.0
0.4998861487493392|0.0
0.4961555614775231|0.0
0.4975687940858067|0.0
0.49616005272260083|0.0
0.49367229119278394|0.0
0.4999524384374037|0.0
0.49977017230910903|0.0
0.4912869434863998|0.0
0.4970653031637289|0.0
0.4941442435641123|0.0
0.4931760804437483|0.0
0.4954786275161417|0.0
0.4973638361841875|0.0
0.49254038266099437|0.0
0.4869662522046594|0.0
0.4927383967686468|0.0
