PredictedProbability|PredictedLabel
0.48563895171850774|0.0
0.4864069295653884|0.0
0.4858797802419866|0.0
0.48755616695951914|0.0
0.4879635858941745|0.0
0.4875065429438825|0.0
0.4889728716624056|0.0
0.4887996895622112|0.0
0.48847310541763034|0.0
0.48932544761405433|0.0
0.4890268621678215|0.0
0.4910810521080586|0.0
0.491959956600295|0.0
0.4910374017582675|0.0
0.4910903383749182|0.0
0.4894621014579698|0.0
0.4874531761929019|0.0
0.4873137973566874|0.0
0.4865357659346244|0.0
0.48701921584663865|0.0
0.4876518792823938|0.0
0.4879734904786996|0.0
0.4865021019394333|0.0
0.4861621412537955|0.0
0.48857894507898625|0.0
0.4890811304184161|0.0
0.48742928031384714|0.0
0.4867691010485716|0.0
0.48760812997492275|0.0
0.4871061887913141|0.0
0.4854566488730578|0.0
0.4865648977159811|0.0
0.4868983603720642|0.0
0.4875431705128613|0.0
0.4884800397741519|0.0
0.4881215963440623|0.0
0.4912522433949484|0.0
0.4912294808001709|0.0
0.4912824181361421|0.0
0.4903180851976484|0.0
0.4894463666460278|0.0
0.49210990760216067|0.0
0.49141247240449915|0.0
0.4917997467483603|0.0
0.49226758661106834|0.0
0.4882595490889576|0.0
0.48887941034110405|0.0
0.4887062296867418|0.0
0.4878225485634196|0.0
