PredictedProbability|PredictedLabel
0.4859868076827365|0.0
0.4860529230181984|0.0
0.48530391553346275|0.0
0.4863424639012407|0.0
0.48585937467703727|0.0
0.4866407816327098|0.0
0.48574081165957245|0.0
0.48723269648165907|0.0
0.48778188033151826|0.0
0.48581754744758726|0.0
0.4858542359295676|0.0
0.4860841825365566|0.0
0.4871450392907317|0.0
0.48623755213975106|0.0
0.48546231626397723|0.0
0.4852393578731497|0.0
0.4848459693018089|0.0
0.4847541875830275|0.0
0.4865173388476971|0.0
0.4850351649563805|0.0
0.48436332730645776|0.0
0.48486831580804585|0.0
0.4848342676329715|0.0
0.48513191362541785|0.0
0.4864354356280254|0.0
0.4867422566970823|0.0
