PredictedProbability|PredictedLabel
0.4857693377512469|0.0
0.4893549810895379|0.0
0.4894985907116284|0.0
0.4940120059573518|0.0
0.495393123789689|0.0
0.49573336335753787|0.0
0.49402164439072976|0.0
0.49277334530919875|0.0
0.4952282474229439|0.0
0.49287408407149474|0.0
0.4911815356595197|0.0
0.493923723245923|0.0
0.4969401650008539|0.0
0.4939111277090259|0.0
0.4878131584200773|0.0
0.49094848347170245|0.0
0.4951092996574999|0.0
0.48904275800350605|0.0
0.4909448403176925|0.0
0.49164660945046124|0.0
0.48813109253875414|0.0
0.4902744073380099|0.0
0.48842729259018014|0.0
0.4877583417010083|0.0
0.4903213020442301|0.0
0.4878376347281407|0.0
0.48815947321110403|0.0
0.4876564918523235|0.0
0.48820528489110737|0.0
0.4878370101988736|0.0
0.4881556875880602|0.0
0.4903213020442301|0.0
0.4880875361754702|0.0
0.4889834084344121|0.0
0.48845851493770087|0.0
0.4930877998475966|0.0
0.49123070487938897|0.0
0.488963446887576|0.0
0.4874640499027424|0.0
0.4863506247357715|0.0
0.48917130090469996|0.0
0.4862290334425238|0.0
0.48741672045695283|0.0
0.48622260245296345|0.0
0.4889192367741341|0.0
0.48746568004038643|0.0
0.4878229590242491|0.0
0.4866055003094704|0.0
