PredictedProbability|PredictedLabel
0.4863306481729917|0.0
0.4852851354117816|0.0
0.4874400636155864|0.0
0.48593212624977794|0.0
0.4868528042693812|0.0
0.4863046135868049|0.0
0.4858296783370648|0.0
0.4860563596035906|0.0
0.4904103501437862|0.0
0.48547450793317526|0.0
0.4897034436615509|0.0
0.48695294893042224|0.0
0.4862916156937016|0.0
0.4861771590249451|0.0
0.4856712655557382|0.0
0.48544942190956913|0.0
0.4832605673538773|0.0
0.48508248656427644|0.0
0.4832605673538773|0.0
0.48549522049894106|0.0
0.4862916156937016|0.0
0.48538399165512675|0.0
0.4882112462271283|0.0
0.4855651703513487|0.0
0.48611331627812815|0.0
0.48672856013600146|0.0
0.48755708932701586|0.0
0.48659016202057714|0.0
0.48826599995413544|0.0
0.49212903065008123|0.0
0.48766664187879866|0.0
0.4879749952593905|0.0
