PredictedProbability|PredictedLabel
0.48710158962500155|0.0
0.4869850049622166|0.0
0.488224864861542|0.0
0.48772603851447155|0.0
0.4857058305410754|0.0
0.4875958286591573|0.0
0.4866106361047835|0.0
0.4848921782924163|0.0
0.48274353492485134|0.0
0.4866134904759053|0.0
0.4838782367312959|0.0
0.4868333773463981|0.0
0.4863835304544244|0.0
0.48588402265531194|0.0
0.48520621866103536|0.0
0.4849645482376709|0.0
0.48534878708723006|0.0
0.4857326645774169|0.0
0.487920590908108|0.0
0.48751583564526046|0.0
0.4863835304544244|0.0
0.4872288471276|0.0
0.48755443360436534|0.0
0.4856210752137156|0.0
0.4857058305410754|0.0
0.4886187021678891|0.0
0.4887944237969003|0.0
0.488508722851917|0.0
0.4881172570774386|0.0
0.487720083813245|0.0
0.4880240815693626|0.0
0.487720083813245|0.0
0.48816236257616646|0.0
0.48710925243224085|0.0
0.48717184369817057|0.0
0.4871588446076719|0.0
0.48630056773471725|0.0
0.48650224453898894|0.0
0.48718018531213236|0.0
0.4875958286591573|0.0
0.4875958286591573|0.0
0.4863377272774723|0.0
0.4866134904759053|0.0
0.4864562981720211|0.0
0.4855542242446652|0.0
0.4875958286591573|0.0
