PredictedProbability|PredictedLabel
0.48382186575643216|0.0
0.4906156980724066|0.0
0.4918086915268287|0.0
0.49437601119916913|0.0
0.49402758574043165|0.0
0.49004187365803914|0.0
0.49108975618831874|0.0
0.4902474229413222|0.0
0.49237748575316354|0.0
0.4934893630444814|0.0
0.4949776008755079|0.0
0.49037152146926466|0.0
0.49546243523559885|0.0
0.4934221063309104|0.0
0.49048891185452764|0.0
0.49360825026084826|0.0
0.4873412965926246|0.0
0.48419876003744083|0.0
0.4852910718224159|0.0
0.4863078508962072|0.0
0.49153559708279715|0.0
0.49218977646549533|0.0
0.49322675170026686|0.0
0.4933546266876777|0.0
0.49433981855098247|0.0
0.4905629587995874|0.0
0.4907105543160434|0.0
0.4932700446391554|0.0
0.4897028715660075|0.0
0.4935102845652851|0.0
0.4901886650792591|0.0
0.4864298984176631|0.0
0.4905712551112438|0.0
0.4903245280440453|0.0
0.4868127813615505|0.0
0.4869802875696897|0.0
0.4895299318167852|0.0
0.4893064991609106|0.0
0.4908854606603046|0.0
0.48810781301160433|0.0
0.4857636776464712|0.0
0.4862798759110883|0.0
0.48621659951519425|0.0
0.48602714675506886|0.0
0.48683185025510634|0.0
0.48628366080768787|0.0
0.4891919469088991|0.0
0.48818006777434647|0.0
0.4900370412897053|0.0
0.4909751023944082|0.0
0.48655219822737206|0.0
0.4866993451458409|0.0
0.48653930048694094|0.0
0.4857171010283544|0.0
0.48731462735558734|0.0
0.48655299677078756|0.0
0.48781494422379656|0.0
