PredictedProbability|PredictedLabel
0.4864368324741378|0.0
0.4895379929988422|0.0
0.49556893198668794|0.0
0.4972403674762697|0.0
0.49016295102548807|0.0
0.49219744687298084|0.0
0.49830377843197154|0.0
0.49954372195637825|0.0
0.4966536993685479|0.0
0.4965626831218268|0.0
0.4895919439723195|0.0
0.4920055946532384|0.0
0.4923886544140258|0.0
0.4933913833020313|0.0
0.4946485207498062|0.0
0.4919289887212157|0.0
0.4954080357798751|0.0
0.4884996806469157|0.0
0.49819220056859215|0.0
0.49371999950826767|0.0
0.49845968698031906|0.0
0.5037479193855972|1.0
0.5018406929211217|1.0
0.49946473666013064|0.0
0.4988487186265793|0.0
0.49483685325183613|0.0
0.49483685325183613|0.0
0.4908995958504488|0.0
0.4924897304579447|0.0
0.4934707098862754|0.0
0.4940566485501973|0.0
0.49336828928515997|0.0
0.4978072913760209|0.0
0.4975565395595056|0.0
0.49602120006659806|0.0
0.49389909045299846|0.0
0.489043608416601|0.0
0.48926686181101|0.0
0.49545831713822736|0.0
0.49655620950733614|0.0
0.494996792157001|0.0
0.4889575054165908|0.0
0.4849905740225914|0.0
0.48949560299939604|0.0
0.4916814812885625|0.0
0.49139646423857025|0.0
0.4895554198513011|0.0
0.48713363088248496|0.0
0.48937750573633304|0.0
0.48844403793370617|0.0
0.49075936241882867|0.0
0.4938467680136825|0.0
0.4898912521835838|0.0
0.4914416746770401|0.0
0.48844403793370617|0.0
0.49422630028921594|0.0
0.5007087430716691|1.0
