PredictedProbability|PredictedLabel
0.4843384897443857|0.0
0.4852040152126857|0.0
0.4858147204678432|0.0
0.48537782060832524|0.0
0.48608676588800237|0.0
0.48657977196891194|0.0
0.48760401994560587|0.0
0.48718211285479135|0.0
0.48455686884244825|0.0
0.48487837059954747|0.0
0.48467541523547875|0.0
0.48456976362589976|0.0
0.4847506475163998|0.0
0.4844649736740699|0.0
0.48428528910845564|0.0
0.48476714677549554|0.0
0.4865663188341187|0.0
0.4846026625308656|0.0
0.48487837059954747|0.0
0.48472120959165055|0.0
0.48390215707153983|0.0
0.4858147204678432|0.0
0.48643002408200425|0.0
0.486452941232267|0.0
0.48601946937132984|0.0
0.487867688681275|0.0
0.4860951132857141|0.0
0.4816638757054993|0.0
0.48359049887263567|0.0
0.4871356275079385|0.0
0.4882761209434767|0.0
0.4849389469449644|0.0
0.4856052609419067|0.0
