PredictedProbability|PredictedLabel
0.4854671139235576|0.0
0.4868788403876116|0.0
0.4867675944545775|0.0
0.48579471266037905|0.0
0.4882112462271283|0.0
0.48440431399578765|0.0
0.4872746546159319|0.0
0.48755443360436534|0.0
0.4853445661552844|0.0
0.4872746546159319|0.0
0.48815395413187734|0.0
0.48744874804659716|0.0
0.4893709302025115|0.0
0.4877742356646426|0.0
0.48844665671023313|0.0
0.4894412566570591|0.0
0.4857973569077311|0.0
0.4872746546159319|0.0
0.48755443360436534|0.0
0.4865533827153134|0.0
0.4876515274599509|0.0
0.4877742356646426|0.0
0.48878525922916866|0.0
