PredictedProbability|PredictedLabel
0.48519455107105297|0.0
0.479544596348185|0.0
0.4856420910205437|0.0
0.4864979055209475|0.0
0.48582600668989107|0.0
0.4863965079249985|0.0
0.48871818114923543|0.0
0.4821082484495928|0.0
0.4888636200180417|0.0
0.4888842415910379|0.0
0.4879480227511012|0.0
0.48563060198140445|0.0
0.4878507370083494|0.0
0.48611331627812815|0.0
0.4869654607631238|0.0
0.48533809136109435|0.0
0.48547788282900384|0.0
0.48447454559941877|0.0
0.4846943784525833|0.0
0.48293525196662684|0.0
0.48611331627812815|0.0
0.48611331627812815|0.0
0.48611331627812815|0.0
0.48533809136109435|0.0
0.4864036683623963|0.0
0.48875666119535083|0.0
0.4854458799411559|0.0
0.48580442672459273|0.0
0.4869974466090196|0.0
0.48563060198140445|0.0
0.48563060198140445|0.0
0.4794579009207377|0.0
0.48563060198140445|0.0
0.4871131176170552|0.0
0.4844429386411385|0.0
0.48665937496822165|0.0
0.4861486937182102|0.0
0.4844146892391349|0.0
0.48746284709397053|0.0
0.4844491240528538|0.0
0.4866243636386719|0.0
