PredictedProbability|PredictedLabel
0.48699098958268905|0.0
0.48830075885190977|0.0
0.4894699285135096|0.0
0.4918422817098549|0.0
0.4961950947737526|0.0
0.49206619986592676|0.0
0.48770904698026046|0.0
0.4898075489088797|0.0
0.49076696009801446|0.0
0.490330788415873|0.0
0.4912765934359975|0.0
0.4874255977743485|0.0
0.4874255977743485|0.0
0.4880251107522661|0.0
0.4880251107522661|0.0
0.4872497278019228|0.0
0.48654396296220864|0.0
0.4862747519793048|0.0
0.48729213706874047|0.0
0.491299335250385|0.0
0.49158365197218384|0.0
0.49103523174964875|0.0
0.49158365197218384|0.0
0.496412319823686|0.0
0.49614374645969583|0.0
0.4941377975141084|0.0
0.4939616274978105|0.0
0.4912909804704037|0.0
0.49009964343122225|0.0
0.4905420457379577|0.0
0.49070420332814313|0.0
0.4906913007096058|0.0
0.4861830622028637|0.0
0.48546474015454527|0.0
0.48535907853986016|0.0
0.48621332120301547|0.0
0.48562191503749774|0.0
0.48602587730917396|0.0
0.48535907853986016|0.0
