PredictedProbability|PredictedLabel
0.4869301779396376|0.0
0.4844283898716941|0.0
0.4877779139934343|0.0
0.4882915280096573|0.0
0.48764808203954774|0.0
0.49504404898726684|0.0
0.4881516659537813|0.0
0.4935997894510678|0.0
0.49564879519472577|0.0
0.4901027299831377|0.0
0.49440836791244763|0.0
0.4926578897180827|0.0
0.49121255374328143|0.0
0.48938668304034183|0.0
0.48926926494582984|0.0
0.48802110328599574|0.0
0.4871084535227965|0.0
0.4948266559066463|0.0
0.48744802293811496|0.0
0.4905083632560728|0.0
0.49193944405927986|0.0
0.49478985065222775|0.0
0.489949809607021|0.0
0.4922542748844042|0.0
0.4923699785771526|0.0
0.48999902150500957|0.0
0.49192119464433703|0.0
0.49177570476799165|0.0
0.4920356824247042|0.0
0.4933404010246491|0.0
0.49093403458152585|0.0
0.49280418560346934|0.0
0.49659808089534613|0.0
0.49473211044618304|0.0
0.4941051713629843|0.0
0.49598244745942754|0.0
0.49702810537983866|0.0
0.4966166633060252|0.0
0.49475008819008737|0.0
0.49269143851753106|0.0
0.4952889165387224|0.0
0.4934582419781523|0.0
0.4953072801331067|0.0
0.49069186853192076|0.0
0.4922542748844042|0.0
0.48961021794894666|0.0
0.4912273539759502|0.0
