PredictedProbability|PredictedLabel
0.48644444275146026|0.0
0.48694398100032765|0.0
0.48760075375198164|0.0
0.4883632631535293|0.0
0.4883632631535293|0.0
0.48610526352969885|0.0
0.48742665766013116|0.0
0.4877064409072647|0.0
0.48760075375198164|0.0
0.4883632631535293|0.0
0.48610526352969885|0.0
0.48742665766013116|0.0
0.4877064409072647|0.0
0.484727788855549|0.0
0.48742665766013116|0.0
0.4877064409072647|0.0
0.4869854534328516|0.0
0.48610526352969885|0.0
0.48742665766013116|0.0
0.4877064409072647|0.0
0.48508373478219174|0.0
0.48858005392871706|0.0
0.4883967908173211|0.0
0.4876082794747813|0.0
0.4883632631535293|0.0
