PredictedProbability|PredictedLabel
0.4872258385902988|0.0
0.49280151202778943|0.0
0.49145185384479845|0.0
0.4935942496619196|0.0
0.49448900478357793|0.0
0.4926039543612889|0.0
0.4920164704451829|0.0
0.49299268363632026|0.0
0.493439746009007|0.0
0.49105041965952767|0.0
0.49236318909776805|0.0
0.4933447890174565|0.0
0.4929439995619501|0.0
0.4922161004152406|0.0
0.4923843565440094|0.0
0.49339566638682775|0.0
0.4932383881011913|0.0
0.4944093878362694|0.0
0.49273368885080016|0.0
0.4870475954237028|0.0
0.48895166416170144|0.0
0.48819312087700484|0.0
0.4874035825312881|0.0
0.48786423656800654|0.0
0.48753476683732466|0.0
0.4877371578801254|0.0
0.48817705998809585|0.0
0.4870475954237028|0.0
0.4864248061537334|0.0
0.48765968036540036|0.0
0.4875746440801301|0.0
0.4882705448795133|0.0
0.4879986460139537|0.0
0.4866142671648312|0.0
0.4863644108212212|0.0
0.4875012419613807|0.0
0.4875746440801301|0.0
0.48770927529216646|0.0
0.48737798732038684|0.0
0.48793824092681676|0.0
0.4912361246400995|0.0
0.4862663881677662|0.0
0.48827510172835886|0.0
0.4874503907219662|0.0
0.4866600717108887|0.0
0.48709844457657453|0.0
