PredictedProbability|PredictedLabel
0.48565810538635845|0.0
0.4913739564659781|0.0
0.4907067354808026|0.0
0.48589869026044036|0.0
0.48599240422980367|0.0
0.4852894276620649|0.0
0.48670552247921134|0.0
0.48722247141187786|0.0
0.48720429774762075|0.0
0.487069108640506|0.0
0.4865330497507566|0.0
0.4863682443622496|0.0
0.48586583466761685|0.0
0.48510753438376114|0.0
0.4843083692414444|0.0
0.4848852554020823|0.0
0.484773254959764|0.0
0.4861354912473137|0.0
0.48569759643668714|0.0
0.4865648318014142|0.0
0.4877742356646426|0.0
