PredictedProbability|PredictedLabel
0.487857448136242|0.0
0.4914117964495647|0.0
0.4933447890174565|0.0
0.49164798897859807|0.0
0.4873233847012466|0.0
0.4885713157988214|0.0
0.49176149616973697|0.0
0.49199697285483796|0.0
0.4881504548925815|0.0
0.4909647043740114|0.0
0.4912625249918358|0.0
0.3966552976247222|0.0
0.3976583099162806|0.0
0.40200890044120563|0.0
0.4872212822103509|0.0
0.4865610467891326|0.0
0.487097969570809|0.0
0.4931304096157497|0.0
0.49380671548741406|0.0
0.49136931063655864|0.0
0.4925989873608277|0.0
0.4929692017098494|0.0
0.49268401791121197|0.0
0.4903297061696217|0.0
0.4913758246748777|0.0
0.4886458533591228|0.0
0.48560592112405837|0.0
0.487524633785645|0.0
0.4881988915737489|0.0
0.49401262602006546|0.0
0.486421834320161|0.0
0.4913859230033337|0.0
0.48870093831601275|0.0
0.4879228916329528|0.0
0.48684797730435864|0.0
0.4871877978099877|0.0
0.49294180738761934|0.0
0.49291382466816297|0.0
0.4911504560202488|0.0
0.4923933394132499|0.0
0.4879761857352527|0.0
0.48925245350978397|0.0
0.4928061599093989|0.0
0.493777073232805|0.0
0.4940479144058118|0.0
0.48985206609486553|0.0
0.49220642015187005|0.0
0.4930529934857613|0.0
0.4958237760051372|0.0
0.4933681751466282|0.0
0.49295695467995054|0.0
0.4952126064881597|0.0
0.4934172625299089|0.0
0.4930529934857613|0.0
0.4958237760051372|0.0
0.4923184969510993|0.0
0.492441903458759|0.0
0.4958237760051372|0.0
0.4923184969510993|0.0
0.49421763116995954|0.0
0.4940479144058118|0.0
0.4959850851929099|0.0
0.4936731867838777|0.0
0.492441903458759|0.0
0.4909815166762335|0.0
0.4936332791092667|0.0
0.492441903458759|0.0
0.4964236144539359|0.0
0.4960270011391697|0.0
0.4958757617698807|0.0
0.4947643621756666|0.0
0.4937207472797219|0.0
0.4971028007393221|0.0
0.4934172625299089|0.0
0.4954285940250678|0.0
0.4955878806241071|0.0
0.4925662064239765|0.0
0.49170550496183035|0.0
0.4904302964705886|0.0
0.487837021870212|0.0
0.49660445803599373|0.0
0.4971044489957756|0.0
0.49317730082145583|0.0
0.4973399805432794|0.0
0.49660535372922826|0.0
0.4911609650019338|0.0
0.495209682622274|0.0
0.4955571644270421|0.0
0.49704526607379224|0.0
0.49522260289637826|0.0
0.49183551824840416|0.0
0.4911371525052843|0.0
0.49274303924744606|0.0
0.4932883527891836|0.0
0.49161345010807794|0.0
0.4929974946072277|0.0
0.4889883012962229|0.0
0.4930764045667646|0.0
0.491705176810435|0.0
0.49100508808451676|0.0
0.49255053425931883|0.0
0.4934988268507105|0.0
0.49122420105371756|0.0
0.49073209848528443|0.0
0.4923379422180538|0.0
0.4930075492151258|0.0
0.4907329939120952|0.0
0.4872305772917756|0.0
