PredictedProbability|PredictedLabel
0.37664706179666174|0.0
0.40167403730048057|0.0
0.432334672740809|0.0
0.4408988081250635|0.0
0.43838596539047153|0.0
0.4492691137820265|0.0
0.463247457367929|0.0
0.4771182610451266|0.0
0.4959812545818539|0.0
0.4552242662631009|0.0
0.45104311225245947|0.0
0.4493773304464371|0.0
0.42373430913773985|0.0
0.42789937061995426|0.0
0.41910391178348483|0.0
0.40579519167115635|0.0
0.39108772314890033|0.0
0.39470634793000786|0.0
0.3932737584710093|0.0
0.3907900786144266|0.0
0.40393626561918855|0.0
0.3986957583724208|0.0
0.41823707474610267|0.0
0.43736686927223717|0.0
0.45089044964000685|0.0
0.4672301563671288|0.0
0.40187534181606693|0.0
0.3694516589699805|0.0
0.35971276905625443|0.0
0.36728221211713286|0.0
0.3767094047544768|0.0
0.37111598651711003|0.0
0.38924564699633823|0.0
0.4417875936528619|0.0
0.47507883836291653|0.0
0.47606418003261064|0.0
0.4498998421095071|0.0
0.44247617498193986|0.0
0.4298391364748693|0.0
0.45476667168296686|0.0
0.44954760317091075|0.0
0.4432556819283616|0.0
0.3948426123126832|0.0
0.40655371982456456|0.0
0.4349875140910831|0.0
0.44512557473796527|0.0
0.43103824389168766|0.0
0.37710590289301665|0.0
0.39505086379550874|0.0
0.40627586638155705|0.0
