PredictedProbability|PredictedLabel
0.39040916678220605|0.0
0.41962340637301787|0.0
0.4161475323599358|0.0
0.3816001307634195|0.0
0.40495767815870226|0.0
0.41272374123939237|0.0
0.43296783987039245|0.0
0.3969691492284665|0.0
0.4079559551717058|0.0
0.3917735664314072|0.0
0.36010880602880635|0.0
0.3548485938473458|0.0
0.3561873292266945|0.0
0.37436654346138065|0.0
0.38172183251910663|0.0
0.3509356628870439|0.0
0.35913810541461144|0.0
0.344742426307836|0.0
0.3380664760099443|0.0
0.33310981719056376|0.0
0.34786059456415824|0.0
0.38945134462776876|0.0
0.33869281986320837|0.0
0.2917020500104895|0.0
0.3002637150023077|0.0
0.3524066673633736|0.0
0.3355371360907938|0.0
0.3333409527584866|0.0
0.3217935505716931|0.0
0.30461862459014377|0.0
0.2627051594020953|0.0
0.259617416507181|0.0
0.2427353677160958|0.0
0.2604774862370346|0.0
0.2843755337377067|0.0
0.2937018216558849|0.0
0.26345189315232426|0.0
0.23291571645520323|0.0
0.2193488372826516|0.0
0.22726922678087358|0.0
