PredictedProbability|PredictedLabel
0.36778774426550104|0.0
0.3681620660640814|0.0
0.36328741849366614|0.0
0.2963847824941633|0.0
0.18156658416556717|0.0
0.19237633028440404|0.0
0.3389220830511533|0.0
0.4068536696314029|0.0
0.5009573858964561|1.0
0.7058674433400194|1.0
0.7153975573001323|1.0
0.43081886974121525|0.0
0.2816664638307541|0.0
0.37002565100803475|0.0
0.3130533719835587|0.0
0.270053715742771|0.0
0.22208561161860993|0.0
0.23932849172870052|0.0
0.2512898724800712|0.0
0.21611191064461882|0.0
0.18682263316692546|0.0
0.1815969507763738|0.0
0.2425857137090257|0.0
0.3164079646190855|0.0
0.3014457013800401|0.0
0.2897898935220144|0.0
0.32119217695800945|0.0
0.3347143826800211|0.0
0.34585751865345365|0.0
0.3714366934351194|0.0
0.37295557053453526|0.0
0.3712565178294257|0.0
0.34232872285947036|0.0
0.329969307808534|0.0
0.3232876500594602|0.0
0.3103088842749349|0.0
0.298385091447368|0.0
0.36403600911307266|0.0
0.41268186465754925|0.0
0.3865542831757926|0.0
0.34958567534733737|0.0
0.33690909708390504|0.0
0.35957554618705684|0.0
0.36899729833450534|0.0
0.3426785805551317|0.0
0.3167663427724169|0.0
0.30565196966645936|0.0
0.361957459661297|0.0
0.3274300884239635|0.0
0.29828329389811853|0.0
0.3029150599354918|0.0
0.3112043683990169|0.0
0.27090091244276193|0.0
0.27547843629126256|0.0
0.3480009971042864|0.0
0.3314133580817482|0.0
