PredictedProbability|PredictedLabel
0.4244723188503293|0.0
0.3977245980640834|0.0
0.41099042130827124|0.0
0.39440593910690175|0.0
0.3873329205178295|0.0
0.37543781136567517|0.0
0.3651152889335579|0.0
0.362621900687353|0.0
0.3367058318052435|0.0
0.307127978567771|0.0
0.29130377364283183|0.0
0.27378339501860965|0.0
0.28333165447687153|0.0
0.2744766110638784|0.0
0.2772563362220414|0.0
0.2654117780259449|0.0
0.27673045859526707|0.0
0.2892219276818367|0.0
0.3073071422130644|0.0
0.30488148983619173|0.0
0.3159772321614115|0.0
0.2895177328620977|0.0
0.28554241883022335|0.0
0.2910336557646352|0.0
