PredictedProbability|PredictedLabel
0.5052383814592082|1.0
0.524349986851351|1.0
0.4420777375975943|0.0
0.3823910921963388|0.0
0.33818822707716084|0.0
0.3323568042336156|0.0
0.33895256854396105|0.0
0.3406363044175326|0.0
0.3503093888863628|0.0
0.3585951146096455|0.0
0.4320837665793426|0.0
0.473105038968892|0.0
0.5283989166627503|1.0
0.5541019120894388|1.0
0.5104041320091154|1.0
0.47690447208372916|0.0
0.4608758747069216|0.0
0.44220462032023744|0.0
0.4629995345218643|0.0
0.4620298457215189|0.0
0.4615709357621436|0.0
0.45670103298546355|0.0
0.4775883937088987|0.0
0.49093823993893987|0.0
0.5064638254381697|1.0
0.5063391927654466|1.0
0.5211133880035678|1.0
0.5178933120571577|1.0
0.5226870601761576|1.0
0.5244136607060736|1.0
0.5186064864404065|1.0
0.5299481946140567|1.0
0.5282381606198568|1.0
0.5388833609063256|1.0
0.5254897015638679|1.0
0.5139010109870656|1.0
0.5093670130966695|1.0
0.50470181777232|1.0
0.5090894577762606|1.0
0.5228607060876681|1.0
0.506200431625851|1.0
0.5041465601674661|1.0
