PredictedProbability|PredictedLabel
0.6182134084811892|1.0
0.5586248043576685|1.0
0.6618699237974209|1.0
0.6650677560133755|1.0
0.7118943194419595|1.0
0.6954623422937041|1.0
0.6245961227959387|1.0
0.6160650329178027|1.0
0.5609838034008826|1.0
0.5460455389083964|1.0
0.5882921945633063|1.0
0.5745338228643584|1.0
0.5739529285902712|1.0
0.5432282674678403|1.0
0.5910743757826252|1.0
0.6309750398551159|1.0
0.6531808454693682|1.0
0.6452286974780121|1.0
0.6663300834650003|1.0
0.6684408859629355|1.0
0.6915876473308896|1.0
0.6940577752149811|1.0
0.7034538143438916|1.0
0.6961739274981592|1.0
0.6861012069267199|1.0
0.7016567271746269|1.0
0.6884057675342307|1.0
0.6617309247470198|1.0
0.6418945634223796|1.0
0.6240378326400802|1.0
0.6043877950216208|1.0
0.5984078734595337|1.0
0.6137748689825494|1.0
0.5990862720480594|1.0
0.6536192354847228|1.0
0.641383813886978|1.0
0.6553175257431546|1.0
0.6628913292013934|1.0
0.6627606046727271|1.0
0.6636826100135923|1.0
0.6690758718145655|1.0
0.6686291897092328|1.0
0.700385839510577|1.0
0.7032123522011398|1.0
0.7035880922540466|1.0
0.6918558302248807|1.0
0.6975963917475839|1.0
0.6841764883944725|1.0
0.6971768862347281|1.0
0.7008568533745992|1.0
0.6857579738035912|1.0
