PredictedProbability|PredictedLabel
0.5057435142247824|1.0
0.3415031295955977|0.0
0.15301257946468372|0.0
0.5335179693230282|1.0
0.8760930476418493|1.0
0.9347763736965311|1.0
0.9173761612263063|1.0
0.7817731139784496|1.0
0.8141179273410197|1.0
0.12564082392975703|0.0
0.23538778857771792|0.0
0.6271913987478029|1.0
0.6984435782404841|1.0
0.6916965991339334|1.0
0.8390496900689803|1.0
0.9460404488796146|1.0
0.9517161492108025|1.0
0.7730428506195999|1.0
0.8985485830691652|1.0
0.9333572805652756|1.0
0.8962924022975822|1.0
0.6988193844146204|1.0
0.6224335538598681|1.0
0.40854436769311914|0.0
0.3566893337236796|0.0
0.28038316356364373|0.0
0.3422471867181474|0.0
0.25706018166860417|0.0
0.30893154162990727|0.0
0.45231571127221115|0.0
0.46267703559608536|0.0
0.6551615555493782|1.0
0.7192743281440993|1.0
0.7700447141635811|1.0
0.8186656724729818|1.0
0.8235733081603607|1.0
0.8365292843359614|1.0
0.8578507933913614|1.0
0.7520456274293497|1.0
0.7410115353091887|1.0
0.7192554987712441|1.0
0.5746323092195054|1.0
0.5658059942855578|1.0
0.4971713935696896|0.0
