PredictedProbability|PredictedLabel
0.5839459601654126|1.0
0.5232913885109162|1.0
0.5751787034157119|1.0
0.5276403364868403|1.0
0.540726424304837|1.0
0.5377057299395032|1.0
0.5397597236609559|1.0
0.5308611845320202|1.0
0.4945492636305929|0.0
0.4335746499798048|0.0
0.4199743400070068|0.0
0.3955421416947823|0.0
0.3983898935711573|0.0
0.3682713626894684|0.0
0.3472900458499034|0.0
0.35365092843357676|0.0
0.3838164765045696|0.0
0.41326564952759576|0.0
0.42050988511943205|0.0
0.4247912962955308|0.0
0.430343895940702|0.0
0.41829177645479226|0.0
0.4148896121144688|0.0
0.43129022330699585|0.0
0.44573961034546306|0.0
0.44827939488719853|0.0
0.4719310034696867|0.0
0.4219254389093863|0.0
0.4667994836591291|0.0
0.41550490666578505|0.0
0.42104736883956817|0.0
0.39937410017206937|0.0
0.4492153569437574|0.0
0.44719701292139413|0.0
0.4283656645235927|0.0
0.3731761806966709|0.0
0.33397474573231306|0.0
0.38179977120953357|0.0
0.37986465056513474|0.0
0.3854751530807133|0.0
0.40355478702757475|0.0
