PredictedProbability|PredictedLabel
0.40040278247825284|0.0
0.40088936681815035|0.0
0.39635302047284604|0.0
0.4196849001539731|0.0
0.472954397490119|0.0
0.5025430743594941|1.0
0.5190695491801701|1.0
0.5469242101840686|1.0
0.5565738939316381|1.0
0.5588328795311154|1.0
0.5612117425274699|1.0
0.5613130443829857|1.0
0.5515760720166102|1.0
0.5001563131517839|1.0
0.4663072707376297|0.0
0.45824115412242655|0.0
0.43701193496967833|0.0
0.42280762824549595|0.0
0.40926850221817523|0.0
0.38810807779468826|0.0
0.3897641476327812|0.0
0.3756565613504862|0.0
0.39836614659385916|0.0
0.4176672818405987|0.0
0.43423744856837054|0.0
0.4369839252305561|0.0
0.4535974765471019|0.0
0.4695252465974107|0.0
0.4703514487011148|0.0
0.4489773903426135|0.0
0.44914551517344925|0.0
0.44690239085904215|0.0
0.45227958824336095|0.0
0.45134553092859736|0.0
0.4538429752596768|0.0
0.44602532529532196|0.0
0.4451808165461652|0.0
0.43938442929359883|0.0
0.43782469169558486|0.0
0.42427801073974253|0.0
0.42696023739621325|0.0
0.3513400142826787|0.0
0.3159851757922939|0.0
