PredictedProbability|PredictedLabel
0.6550004777845391|1.0
0.8581746009030292|1.0
0.8912412244474486|1.0
0.8382665942244558|1.0
0.7160138127367609|1.0
0.44028386167974204|0.0
0.5284580127238832|1.0
0.6042450932936252|1.0
0.7688904427581245|1.0
0.8204020514158673|1.0
0.8541046057562302|1.0
0.840695220712872|1.0
0.735726645934768|1.0
0.2680069033201783|0.0
0.4785776551733001|0.0
0.6569770501647186|1.0
0.7104307550403335|1.0
0.4421431837235085|0.0
0.47280178604691936|0.0
0.6717137372038156|1.0
0.6932865772200079|1.0
0.7639946462063004|1.0
0.7716086258861727|1.0
0.7661932258282967|1.0
0.7989886033248876|1.0
0.8088657634174222|1.0
0.8220375621108821|1.0
0.8184952060510472|1.0
0.8476108811336095|1.0
0.8497083366892126|1.0
0.808622569135804|1.0
0.8252959695781086|1.0
0.8156883028426645|1.0
0.8116932977684845|1.0
0.8020661421346732|1.0
0.7962464296848328|1.0
0.7829675658342616|1.0
0.7206498408554886|1.0
0.6626882523756914|1.0
0.6523759551574344|1.0
0.784628783352437|1.0
