PredictedProbability|PredictedLabel
0.32056317767687287|0.0
0.28352374017255644|0.0
0.292737097446248|0.0
0.2756544066351036|0.0
0.3056581152458328|0.0
0.2945297896572983|0.0
0.31026587924254145|0.0
0.3034461101741345|0.0
0.3076217280580295|0.0
0.32025336790053743|0.0
0.32318046651341426|0.0
0.30257284718674216|0.0
0.30122030513538756|0.0
0.3142795398920588|0.0
0.31981624060622604|0.0
0.3388230971047628|0.0
0.3359562039795179|0.0
0.3332127795557626|0.0
0.33338112234605194|0.0
0.33093983493745166|0.0
0.3344185831272234|0.0
0.336119743599398|0.0
0.3105733218406329|0.0
0.29796103079063524|0.0
0.2947232346577698|0.0
0.29866912083912334|0.0
0.31713881129083804|0.0
0.3063006984294623|0.0
0.32039044801152955|0.0
0.3341274352485671|0.0
0.35581262547112885|0.0
0.3540724726668947|0.0
0.3503454687566029|0.0
0.34190531156836784|0.0
0.3211865786048757|0.0
0.3026798460009057|0.0
0.29457193878273846|0.0
0.3096794584941266|0.0
0.3373577125986438|0.0
0.3507961089770608|0.0
0.3531913959665494|0.0
0.3568677657262025|0.0
0.3468708429549246|0.0
0.3414621969795849|0.0
0.3407888448136966|0.0
0.33711191919714295|0.0
0.32651073252384294|0.0
0.320574126147808|0.0
0.31478443506927867|0.0
