PredictedProbability|PredictedLabel
0.2085515005019365|0.0
0.25236564920776633|0.0
0.2645578675567768|0.0
0.26827381409284873|0.0
0.2264961145718207|0.0
0.245062519870245|0.0
0.24065788102157873|0.0
0.2861206103113769|0.0
0.3468253847034557|0.0
0.33500262613401466|0.0
0.2448255052385719|0.0
0.3202039051111726|0.0
0.33075825627270505|0.0
0.4319906946528096|0.0
0.3525720186878798|0.0
0.39476729632613317|0.0
0.3244266095598323|0.0
0.4040568214934557|0.0
0.29878104065355493|0.0
0.27394829947885585|0.0
0.2863360983024018|0.0
0.2502146943522834|0.0
0.24289592328063858|0.0
0.22319541715579536|0.0
0.2579493497102238|0.0
0.2570965545799572|0.0
0.24376633414323673|0.0
0.2273747468461631|0.0
0.2871554545565131|0.0
0.3038013575218329|0.0
0.29697574527091763|0.0
0.3039313871520392|0.0
0.24407925436198202|0.0
