PredictedProbability|PredictedLabel
0.7059152336146435|1.0
0.8924382809724534|1.0
0.857527375092973|1.0
0.8316413971607395|1.0
0.8322442725450672|1.0
0.8002761980973645|1.0
0.7856920823351289|1.0
0.7857749764038328|1.0
0.7814665874337287|1.0
0.3636022395603383|0.0
0.3156428241600395|0.0
0.3543084654894876|0.0
0.5407017646019029|1.0
0.5311318145061694|1.0
0.5092628292054513|1.0
0.49872930659802134|0.0
0.4443246583498318|0.0
0.4652579320606032|0.0
0.4427724307491556|0.0
0.4552506430749812|0.0
0.46984981245595747|0.0
0.4618039302041987|0.0
0.4288402961943639|0.0
0.434981766208552|0.0
0.4211595177620362|0.0
0.4170745760416405|0.0
0.42641485749434044|0.0
0.4285104476186691|0.0
0.4652199485663726|0.0
0.44797562046500644|0.0
0.44385264730116564|0.0
0.4525045011464202|0.0
0.47349882900067986|0.0
0.4599681497023699|0.0
0.6914196283368587|1.0
0.6536000529382259|1.0
0.6607568946591267|1.0
0.5959219910898204|1.0
0.5906842818485942|1.0
0.6122513964183004|1.0
0.5927691482768751|1.0
0.6040596122291547|1.0
0.5756582292208915|1.0
0.5319160738790796|1.0
0.5161799427343763|1.0
0.5386901969026741|1.0
0.5311240899847685|1.0
0.6060472037194373|1.0
0.5795531275681466|1.0
