PredictedProbability|PredictedLabel
0.007184698539332269|1.0
0.006279544584420763|1.0
0.006012438675060413|1.0
0.0063687274709066785|1.0
0.006288322006913311|1.0
0.007047909168532631|1.0
0.007270777387604838|1.0
0.0070355082909879605|1.0
0.006666381429284997|1.0
0.0070144086574045325|1.0
0.0065698804447907625|1.0
0.007365094235819725|1.0
0.007365094235819725|1.0
0.005483838090746165|1.0
0.0057339300766865026|1.0
0.005595664637264414|1.0
0.0056587909993956135|1.0
0.006509797949977621|1.0
0.0068423421066036464|1.0
0.007142267909155634|1.0
0.006434208291840497|1.0
0.006364402340896003|1.0
