PredictedProbability|PredictedLabel
0.003239396558138969|1.0
0.002501761871412791|1.0
0.0015434941211753563|1.0
0.0010073435702391332|1.0
0.0005849145374224739|0.0
0.00047358086867391435|0.0
0.0003733465237932445|0.0
0.0003962518144390658|0.0
0.00039254385855017114|0.0
0.00045735926117365286|0.0
0.0008018235010472521|1.0
0.0009484512183215936|1.0
0.0009334779246802444|1.0
0.0010264379062725915|1.0
0.0009424314735937084|1.0
0.001129998894408232|1.0
0.0016830040199081577|1.0
0.0022801551252483263|1.0
0.0029189992228246557|1.0
0.0029359830326746985|1.0
0.0016951726718857766|1.0
0.001207720270257468|1.0
0.0009073186619088903|1.0
0.000813682201686682|1.0
0.0008861136180998001|1.0
0.001104099575481978|1.0
0.0012232222549003495|1.0
0.0015523686022884508|1.0
0.0022055686242763747|1.0
0.0022313795747273394|1.0
0.0022146658175891064|1.0
0.0019188061904526737|1.0
0.0016698864561729213|1.0
0.0011729480459068671|1.0
0.0010145717663438724|1.0
0.0010097193503298802|1.0
0.0010593866566320864|1.0
0.001034418932587666|1.0
0.0010738545148020334|1.0
0.0008560932647771138|1.0
0.0008631334790149019|1.0
0.0007596695392496183|1.0
0.0008663047239020144|1.0
0.0014168337134849941|1.0
0.0018305652578635072|1.0
0.004563602692874855|1.0
