PredictedProbability|PredictedLabel
0.005597042211623335|1.0
0.00500581097738636|1.0
0.0039693086380885815|1.0
0.0036587916295392235|1.0
0.002611288668395256|1.0
0.0034734512709922324|1.0
0.0032876313980505084|1.0
0.003000147872963183|1.0
0.0012494828514806595|0.0
0.0014473789575227807|1.0
0.0010761326103967382|0.0
0.0009860840703493916|0.0
0.0023232636439682337|1.0
0.0033082607579880915|1.0
0.002148512036148865|1.0
0.002112452351320116|1.0
0.002903121710534492|1.0
0.002863219900841222|1.0
0.002550156623082907|1.0
0.0035227950891738983|1.0
0.004616280471261562|1.0
0.0035145336620399973|1.0
0.0033377788823931416|1.0
0.004395280742189193|1.0
0.0041672543479331125|1.0
0.004017812891809548|1.0
0.004051840028175719|1.0
0.004396286884974057|1.0
0.002784450249076934|1.0
0.003384539623504396|1.0
0.002034518948864232|1.0
0.0023763554063703403|1.0
0.0036191468833167944|1.0
0.004611686978282558|1.0
0.0016937628798729496|1.0
0.00213549128351|1.0
0.0018896538081767701|1.0
0.0018584528794059905|1.0
0.004421997841262573|1.0
0.005399100529257786|1.0
0.004849585591898411|1.0
0.004784031559394141|1.0
0.0035171051494930603|1.0
0.0036206798956183815|1.0
0.0032781427936195246|1.0
0.003780787657319765|1.0
