PredictedProbability|PredictedLabel
0.01262056221903349|1.0
0.007746410832450453|1.0
0.00843724848957611|1.0
0.006093233776285231|1.0
0.0056258788900179395|1.0
0.008967421040869743|1.0
0.005559688089773294|1.0
0.0058246886792086405|1.0
0.005506307931777701|1.0
0.0034307437638963767|1.0
0.0047804658635762515|1.0
0.00481439597300448|1.0
0.004646070044877292|1.0
0.005875923943536397|1.0
0.0051752254331673105|1.0
0.0033552445300544277|1.0
0.0021961806182166092|1.0
0.0018387443300443302|1.0
0.002211731738682426|1.0
0.0039840201316092|1.0
0.004203701940740734|1.0
