PredictedProbability|PredictedLabel
0.00820933864564182|1.0
0.006439567842610545|1.0
0.007279935897803938|1.0
0.006885372977682947|1.0
0.0016709660535436026|1.0
0.0011371600169567966|1.0
0.0011146266512656216|1.0
0.0011989241388340598|1.0
0.0028174415250171057|1.0
0.006342511517543993|1.0
0.00562076148674916|1.0
0.005496850455671563|1.0
0.004639509624912317|1.0
0.003133959002087686|1.0
0.003382225044321161|1.0
0.0029121064680727184|1.0
0.002338502212466206|1.0
0.0031030363671919526|1.0
0.004136753762986255|1.0
0.0036806783997076166|1.0
0.003336295599678748|1.0
0.003370473674279431|1.0
0.00326977495955432|1.0
0.004512483317100609|1.0
0.005192820301246369|1.0
0.005761474871162142|1.0
0.005486966480363285|1.0
0.006370543932593484|1.0
