PredictedProbability|PredictedLabel
0.009373247135544589|1.0
0.0031148023157031297|1.0
0.0013206101823593965|1.0
0.0011654900403249833|1.0
0.0008170059262010754|1.0
0.0010910306351348022|1.0
0.0022221535270342866|1.0
0.0019424513121582487|1.0
0.0016045692640179667|1.0
0.002013044863234457|1.0
0.0016502490789755814|1.0
0.0014726395176353942|1.0
0.0014763385850802245|1.0
0.0015293027080259213|1.0
0.0015022009297180829|1.0
0.0023743775016966|1.0
0.002527729546436173|1.0
0.0040739172470628865|1.0
0.00872450107769238|1.0
0.007566479280863193|1.0
0.01282630494450674|1.0
0.01268925767222007|1.0
0.012868949860517889|1.0
0.015919140036118537|1.0
0.013166645301946542|1.0
0.007807101184803047|1.0
