PredictedProbability|PredictedLabel
0.0046370312996983805|1.0
0.0043289720017874195|1.0
0.0038657795012373894|1.0
0.003991464277664605|1.0
0.0035100928285423123|1.0
0.004025571387540273|1.0
0.003928267608097192|1.0
0.0036191775505372233|1.0
0.0030201270548653853|1.0
0.002654829421984925|1.0
0.0028016305236131054|1.0
0.002756414315313965|1.0
0.003175010012400902|1.0
0.003332518752890073|1.0
0.0036110131899827255|1.0
0.003655235603059399|1.0
0.004032976602136972|1.0
0.003979319619506228|1.0
0.004313351167403645|1.0
0.003944478513760014|1.0
