PredictedProbability|PredictedLabel
0.00404998644451314|1.0
0.004761623961537558|1.0
0.0037720247334436866|1.0
0.0023207413579474957|1.0
0.0001780848466521614|0.0
0.00022298823262385342|0.0
0.00021982713493890737|0.0
0.00022662656114712294|0.0
0.0010697383589992776|1.0
0.0009511794203964167|1.0
0.001095802937376476|1.0
0.001136801393826181|1.0
0.0016074620541914268|1.0
0.001303420602962868|1.0
0.0009050545573099895|1.0
0.0012023885483954573|1.0
0.001324029525733459|1.0
0.0016060178558543034|1.0
0.0024768748985691488|1.0
0.0018631299533797723|1.0
0.001392222826087311|1.0
0.0009699423711864973|1.0
0.0006653078867931105|1.0
0.0004622852690654259|0.0
0.0006373287527095877|1.0
0.0008962288692184859|1.0
0.0004547979665984335|0.0
0.0005697926803224528|0.0
0.00044964213682815063|0.0
0.00031153863255130673|0.0
0.0006941329288999049|1.0
0.0006494520319152933|1.0
0.0007583377894437653|1.0
0.0012299850234989177|1.0
0.0010134906371774212|1.0
0.0011794660406873692|1.0
0.0011815958429356485|1.0
0.0013424865667816172|1.0
0.002608469539272221|1.0
0.004605268653459043|1.0
0.006793608699306651|1.0
0.003950573381161205|1.0
