PredictedProbability|PredictedLabel
0.007099107865208052|1.0
0.00754200226682018|1.0
0.006208575992118798|1.0
0.0061604771839717356|1.0
0.004796952194513256|1.0
0.004480226078940462|1.0
0.00489601799682585|1.0
0.0049115454416088|1.0
0.004780942960205696|1.0
0.0033321364589446187|1.0
0.00383470524237792|1.0
0.004050499607766084|1.0
0.004297830520298099|1.0
0.00697989891527586|1.0
0.006752763234983689|1.0
0.007147946930036324|1.0
0.007743722443075364|1.0
0.006631408932737951|1.0
0.006383626477306862|1.0
0.007059665634437866|1.0
0.004979643369088976|1.0
0.004708778734305033|1.0
0.00455008603054559|1.0
0.00420664384288658|1.0
0.0043919444157191675|1.0
0.00449848134695704|1.0
0.003946156968356589|1.0
0.0034701680568768782|1.0
0.003601203947802561|1.0
0.004067702067155644|1.0
0.004608364730435196|1.0
0.004972331508310142|1.0
0.004982201960629766|1.0
0.0031532498708667883|1.0
0.0032779753920681516|1.0
0.0036958310971756175|1.0
0.004084288785963218|1.0
0.007323229216536744|1.0
0.006502262809057808|1.0
0.005815961636283122|1.0
0.005151133357130246|1.0
0.0038436739424204482|1.0
0.002856971289489399|1.0
0.0027972789350227995|1.0
0.0029360563874148327|1.0
0.003732358575893922|1.0
0.005107627487915577|1.0
0.00637034936357154|1.0
0.004678836616744737|1.0
0.005455269564545794|1.0
0.005690370826658804|1.0
0.004818288689204542|1.0
0.005845523118155676|1.0
