PredictedProbability|PredictedLabel
0.008816723577441156|1.0
0.004771517155375564|1.0
0.0019230924001184284|1.0
0.0017525673480696267|1.0
0.0013675265482458296|1.0
0.0016351788371308962|1.0
0.00045840064092934077|0.0
0.00013570950113246481|0.0
0.00013519822074105012|0.0
0.00013997837531465443|0.0
0.00036236228861525585|0.0
0.006604648730205913|1.0
0.007441926428851756|1.0
0.0004978897928868509|0.0
0.00037280397732233266|0.0
0.0003847624018434785|0.0
0.0003553320725860706|0.0
0.0036420990946541185|1.0
0.0011934564528526667|1.0
0.0011941358641203476|1.0
0.0013426614287922378|1.0
0.0012730069007952614|1.0
