PredictedProbability|PredictedLabel
0.010427032138537476|1.0
0.003040188060245706|1.0
0.0028023809593270897|1.0
0.0024721288376353193|1.0
0.0016223766747759897|1.0
0.004289884190235573|1.0
0.004759549207994699|1.0
0.00470786223416112|1.0
0.006565298869850196|1.0
0.005447635710864971|1.0
0.005254939807402522|1.0
0.004758379527398456|1.0
0.005292097192705318|1.0
0.006291551567216331|1.0
0.0041873002911067235|1.0
0.003761429306667237|1.0
0.0007477556361530387|1.0
0.0007310257186935586|1.0
0.000820316970897568|1.0
0.0008359406498382563|1.0
0.004957782815212418|1.0
0.005517390823746986|1.0
0.006813499144775929|1.0
0.004658202035411815|1.0
0.004754484010872217|1.0
0.004410780387583018|1.0
0.004941467604433672|1.0
