PredictedProbability|PredictedLabel
0.0112687981229327|1.0
0.01024837214944578|1.0
0.008336698228352443|1.0
0.008376900107771248|1.0
0.007303984886675952|1.0
0.008079696218420642|1.0
0.009152262000814|1.0
0.00871703100756639|1.0
0.009181329866869179|1.0
0.009244986374299996|1.0
0.009072777747585137|1.0
0.009354860047362579|1.0
0.008235418128486547|1.0
0.008353111128613222|1.0
0.008429520416382051|1.0
0.009012736056247646|1.0
0.010058714086931783|1.0
0.009902214138634492|1.0
0.010487775860360697|1.0
0.00977106878487068|1.0
0.010690797770026803|1.0
