PredictedProbability|PredictedLabel
0.010404061989923481|1.0
0.012141876067161278|1.0
0.014377251273922531|1.0
0.005248077738456406|1.0
0.004743020978801168|1.0
0.0030548201698751276|1.0
0.002457727846200114|1.0
0.005274564340795623|1.0
0.0028607217515032287|1.0
0.0030023779983904893|1.0
0.0032368085810558713|1.0
0.002589221179760388|1.0
0.004608470070386346|1.0
0.004416071818545005|1.0
0.0023721463905235713|1.0
0.0014840935677081768|1.0
0.0020712506299034946|1.0
0.002388410310905466|1.0
0.002953591730039339|1.0
0.0076136711811393195|1.0
0.0068198211267218424|1.0
