PredictedProbability|PredictedLabel
0.0034842728445289425|1.0
0.002718434514635446|1.0
0.0027694035459451304|1.0
0.0026640477244615746|1.0
0.0023840322582392667|1.0
0.0029261097301055963|1.0
0.002482228671066455|1.0
0.0017962976502586374|1.0
0.0017634608046073758|1.0
0.0016253173724588893|1.0
0.0017169430055841736|1.0
0.0027837402956236335|1.0
0.0024148732002492327|1.0
0.0027002464399948417|1.0
0.002523302752912433|1.0
0.0017119600166028176|1.0
0.0016000312408717984|1.0
0.0013272305706031082|1.0
0.0015139379154574042|1.0
0.0018258342861512426|1.0
0.0019576263633133764|1.0
0.0022032255182050688|1.0
0.0020993414907478983|1.0
0.0019273114525275345|1.0
0.0017992626850624907|1.0
0.0017010098085068084|1.0
0.0020389261408313873|1.0
0.0024491312166955506|1.0
0.0032580648242369874|1.0
0.0038094478248448314|1.0
0.0039042921775676357|1.0
0.003642582885910124|1.0
0.003961668742541323|1.0
0.004036861589577131|1.0
