PredictedProbability|PredictedLabel
0.48482834823840953|0.0
0.48412439573908905|0.0
0.48412439573908905|0.0
0.48686522192695697|0.0
0.48686522192695697|0.0
0.485398292940362|0.0
0.485398292940362|0.0
0.485398292940362|0.0
0.48360001359593974|0.0
0.48360001359593974|0.0
0.48833779810057876|0.0
0.48724631508555477|0.0
0.48724631508555477|0.0
0.48724631508555477|0.0
0.4871583843432814|0.0
0.48782500739574214|0.0
0.48782500739574214|0.0
0.4871583843432814|0.0
0.48782500739574214|0.0
0.4871583843432814|0.0
