PredictedProbability|PredictedLabel
0.48367745783394395|0.0
0.48367745783394395|0.0
0.48221110767077235|0.0
0.48389071550680923|0.0
0.48436285054502703|0.0
0.48427020234042534|0.0
0.48341745789753876|0.0
0.48408379389703016|0.0
0.4849539160318458|0.0
0.4849539160318458|0.0
0.4841010977535743|0.0
0.48511013289322935|0.0
0.48511013289322935|0.0
0.48515219725352027|0.0
0.48515219725352027|0.0
0.48515219725352027|0.0
0.4864415907356466|0.0
0.48405348975934154|0.0
0.4859197849760553|0.0
0.4847198798332881|0.0
0.48377768565703533|0.0
0.4844004491696616|0.0
0.4824278272731193|0.0
0.48309407484261185|0.0
0.4824278272731193|0.0
0.4814191548144719|0.0
0.48276882341589716|0.0
0.4821026060481672|0.0
0.4821026060481672|0.0
0.48377768565703533|0.0
0.48377768565703533|0.0
0.48311137644962027|0.0
0.48311137644962027|0.0
0.48311137644962027|0.0
0.48377768565703533|0.0
0.4856759626368252|0.0
0.48377768565703533|0.0
0.48311137644962027|0.0
0.48311137644962027|0.0
0.48311137644962027|0.0
0.4812446065834265|0.0
0.48285270070073055|0.0
0.4831422466326197|0.0
0.4821864754904241|0.0
0.4836868690883783|0.0
0.48526566104218416|0.0
0.48359747037470285|0.0
