PredictedProbability|PredictedLabel
0.4850728845179489|0.0
0.48489952605526226|0.0
0.48674021606114637|0.0
0.48776669899311975|0.0
0.49098424901995635|0.0
0.49098424901995635|0.0
0.48923398081932|0.0
0.4901799548468189|0.0
0.48801792883282125|0.0
0.4869264803807155|0.0
0.4883514758151254|0.0
0.4883514758151254|0.0
0.4868843177423905|0.0
0.4868843177423905|0.0
0.4868843177423905|0.0
0.4859386416392335|0.0
0.4859386416392335|0.0
0.4859386416392335|0.0
0.4859386416392335|0.0
0.48702997769650846|0.0
0.48871601396852526|0.0
0.48702997769650846|0.0
0.48776467679607416|0.0
0.48702997769650846|0.0
0.48702997769650846|0.0
0.48702997769650846|0.0
0.48702997769650846|0.0
0.48617695478137235|0.0
0.48617695478137235|0.0
0.48702997769650846|0.0
0.48702997769650846|0.0
0.48702997769650846|0.0
0.48608752912487685|0.0
0.4859386416392335|0.0
0.4859386416392335|0.0
0.4859386416392335|0.0
0.4859386416392335|0.0
0.48740565692757126|0.0
0.48740565692757126|0.0
0.4859386416392335|0.0
0.4868843177423905|0.0
0.4868843177423905|0.0
