PredictedProbability|PredictedLabel
0.4894684290303182|0.0
0.4905601274985053|0.0
0.4914134858225953|0.0
0.49438034720781576|0.0
0.49187733012887086|0.0
0.49207558002059776|0.0
0.49207558002059776|0.0
0.49053804823276415|0.0
0.4923984458456004|0.0
0.4932519057850304|0.0
0.49138871876712664|0.0
0.48952845698649317|0.0
0.48858577859104885|0.0
0.4882386600985678|0.0
0.4882386600985678|0.0
0.4872960944653252|0.0
0.49239163598244295|0.0
0.4907819222328494|0.0
0.48943900207504376|0.0
0.4872960944653252|0.0
0.4912992510882672|0.0
0.48943900207504376|0.0
0.48943900207504376|0.0
0.4912992510882672|0.0
0.49264235038100884|0.0
0.48943900207504376|0.0
0.4920461588969248|0.0
0.4929890778308945|0.0
0.49213563100492247|0.0
0.490275267285986|0.0
0.4920461588969248|0.0
0.49018580695133457|0.0
