PredictedProbability|PredictedLabel
0.4945705157703664|0.0
0.4904351220508206|0.0
0.4904351220508206|0.0
0.4900922998065656|0.0
0.48790596329500213|0.0
0.48911310253007806|0.0
0.4889946896786004|0.0
0.4908575598389234|0.0
0.48932016745016954|0.0
0.4885853601754529|0.0
0.4885853601754529|0.0
0.4882425920362138|0.0
0.4882425920362138|0.0
0.4890957893659075|0.0
0.48842908580198696|0.0
0.4891638828510189|0.0
0.4898479432755428|0.0
0.48911310253007806|0.0
0.48911310253007806|0.0
0.49012265962911333|0.0
0.49012265962911333|0.0
0.49012265962911333|0.0
0.49012265962911333|0.0
0.4908575598389234|0.0
0.48943858362805015|0.0
0.49017344419962205|0.0
0.49017344419962205|0.0
0.4932281497672376|0.0
0.4940816480103337|0.0
0.4932281497672376|0.0
0.4942379836608359|0.0
0.49523481542993264|0.0
0.49713475468602947|0.0
0.49523481542993264|0.0
0.49758876073147323|0.0
0.49758876073147323|0.0
0.49758876073147323|0.0
0.4973847740804013|0.0
0.4973847740804013|0.0
0.49684602905798475|0.0
0.49684602905798475|0.0
0.4946464938094533|0.0
0.4946464938094533|0.0
0.49391142390055603|0.0
0.49324449343551763|0.0
0.49324449343551763|0.0
0.49538828449539457|0.0
0.49324449343551763|0.0
