PredictedProbability|PredictedLabel
0.47497853062232503|0.0
0.4778153697268045|0.0
0.4778153697268045|0.0
0.4752539366102625|0.0
0.4766250080793246|0.0
0.47823189634434077|0.0
0.47802206140890446|0.0
0.4823358815557309|0.0
0.4833618234355573|0.0
0.48559647517505616|0.0
0.48559647517505616|0.0
0.4812605569296163|0.0
0.4812605569296163|0.0
0.4805944869920493|0.0
0.4796496076810926|0.0
0.4812573165397927|0.0
0.4805912469320339|0.0
0.4812573165397927|0.0
0.4812573165397927|0.0
0.4812573165397927|0.0
0.4812573165397927|0.0
0.4812573165397927|0.0
