PredictedProbability|PredictedLabel
0.4808307294040572|0.0
0.4829472309901784|0.0
0.4829472309901784|0.0
0.4829472309901784|0.0
0.4829472309901784|0.0
0.4829472309901784|0.0
0.4829472309901784|0.0
0.48361352562355897|0.0
0.48361352562355897|0.0
0.48361352562355897|0.0
0.4820052593216825|0.0
0.4820052593216825|0.0
0.4820052593216825|0.0
0.4820052593216825|0.0
0.4818978590423354|0.0
0.4797816889576992|0.0
0.4789295084934859|0.0
0.47987103777031287|0.0
0.4790373444905551|0.0
0.4780959474026602|0.0
0.47988954011911256|0.0
0.4789480079680554|0.0
0.4780959474026602|0.0
0.4780959474026602|0.0
0.4790373444905551|0.0
0.47970324946832277|0.0
0.4790373444905551|0.0
0.48032564825875707|0.0
0.4797712632686424|0.0
0.47970324946832277|0.0
0.47970324946832277|0.0
0.47988954011911256|0.0
0.47970324946832277|0.0
0.47988954011911256|0.0
0.47938404910865495|0.0
0.4780959474026602|0.0
0.47938404910865495|0.0
0.4780959474026602|0.0
0.4780959474026602|0.0
0.47970324946832277|0.0
0.47970324946832277|0.0
0.47876174637430396|0.0
