PredictedProbability|PredictedLabel
0.3905136439344034|0.0
0.38801250098739243|0.0
0.39072462427125976|0.0
0.39098755851854666|0.0
0.3927747102439687|0.0
0.3918753183742813|0.0
0.3918753183742813|0.0
0.3918753183742813|0.0
0.3918753183742813|0.0
0.3918753183742813|0.0
0.3918753183742813|0.0
0.3918753183742813|0.0
0.39295160428812065|0.0
0.39295160428812065|0.0
0.3914628609725593|0.0
0.38732352384642244|0.0
0.3884575666975616|0.0
0.389684484925818|0.0
0.3903192417524358|0.0
0.3890915991089876|0.0
0.3890915991089876|0.0
0.38974248585737814|0.0
0.38974248585737814|0.0
0.38974248585737814|0.0
0.3907037928551631|0.0
