PredictedProbability|PredictedLabel
0.007742444937598091|0.0
0.007712252703595637|0.0
0.007332875771820814|0.0
0.006947000364968956|0.0
0.00704299779462183|0.0
0.00704299779462183|0.0
0.00704299779462183|0.0
0.00704299779462183|0.0
0.007239459395622282|0.0
0.006739925076914023|0.0
0.007980073860164204|0.0
0.009883086614802907|0.0
0.008471866948132338|0.0
0.00737560092698694|0.0
0.007234560302038917|0.0
0.007742444937598091|0.0
0.00824781422735665|0.0
0.007707036144733584|0.0
0.007234560302038917|0.0
