PredictedProbability|PredictedLabel
0.007742444937598091|0.0
0.007503057593635631|0.0
0.007234560302038917|0.0
0.006739925076914023|0.0
0.006739925076914023|0.0
0.00704299779462183|0.0
0.008078667583615308|0.0
0.00704299779462183|0.0
0.007742444937598091|0.0
0.008689676425757704|0.0
0.007234560302038917|0.0
0.006739925076914023|0.0
0.00704299779462183|0.0
0.00704299779462183|0.0
0.007259316537411008|0.0
0.007239459395622282|0.0
0.007259316537411008|0.0
0.007259316537411008|0.0
0.007239459395622282|0.0
0.00704299779462183|0.0
0.008857284767526778|0.0
0.007142106608922168|0.0
0.007290449946582432|0.0
0.00704299779462183|0.0
0.006739925076914023|0.0
0.006739925076914023|0.0
0.006739925076914023|0.0
0.006739925076914023|0.0
0.006739925076914023|0.0
0.00704299779462183|0.0
0.007116441781411817|0.0
0.006739925076914023|0.0
0.006739925076914023|0.0
0.006739925076914023|0.0
0.006739925076914023|0.0
0.006739925076914023|0.0
0.00704299779462183|0.0
0.00704299779462183|0.0
0.00704299779462183|0.0
0.00704299779462183|0.0
0.00704299779462183|0.0
0.00704299779462183|0.0
0.00704299779462183|0.0
0.00704299779462183|0.0
0.00704299779462183|0.0
0.00704299779462183|0.0
0.00704299779462183|0.0
