PredictedProbability|PredictedLabel
0.008471866948132338|0.0
0.007707036144733584|0.0
0.009378525867010306|0.0
0.008593760734112598|0.0
0.011458092466558495|0.0
0.013132929794273964|0.0
0.9895228847296711|1.0
0.9831033057921484|1.0
0.008471866948132338|0.0
0.010586390716265394|0.0
0.010664150002908044|0.0
0.010411123918445151|0.0
0.009218437123885757|0.0
0.008731686080614422|0.0
0.008471866948132338|0.0
0.010978454080958357|0.0
0.010614078228068759|0.0
0.008976462082570956|0.0
0.009942302117310647|0.0
0.009665920803837194|0.0
0.009475002683255403|0.0
0.00897222445233038|0.0
0.008731686080614422|0.0
0.008707836745139723|0.0
0.00897222445233038|0.0
0.010097940170432952|0.0
0.008707836745139723|0.0
0.009222001255665978|0.0
0.009504605327771006|0.0
0.008731686080614422|0.0
0.00951708101104808|0.0
0.009326337192133907|0.0
0.008731686080614422|0.0
0.008707836745139723|0.0
0.00897222445233038|0.0
0.009860015252303799|0.0
0.008471866948132338|0.0
0.009537629107302343|0.0
0.008918175596624911|0.0
0.01000117446321406|0.0
0.011368579296536455|0.0
0.014975735240082045|0.0
0.017551217891954598|0.0
0.023489665702465353|0.0
0.020717639369329906|0.0
0.013821366275442492|0.0
0.017448706319582657|0.0
0.012677149618992576|0.0
0.011808403855335468|0.0
0.011952375859094916|0.0
0.01182119243488145|0.0
0.007742444937598091|0.0
0.007712252703595637|0.0
0.007662405882365131|0.0
