PredictedProbability|PredictedLabel
0.010549824482562892|0.0
0.010038612213910197|0.0
0.010326421541164534|0.0
0.010710552217016691|0.0
0.014181852710676984|0.0
0.009859650856959933|0.0
0.010602657165574349|0.0
0.009769314069967307|0.0
0.009782364994862375|0.0
0.008882300893089286|0.0
0.008882300893089286|0.0
0.008107809509290789|0.0
0.008107809509290789|0.0
0.01128788517436257|0.0
0.016508440579902084|0.0
0.015309295513499212|0.0
0.020166521018820393|0.0
0.018483198557960722|0.0
0.010678090538528178|0.0
0.010031792528021385|0.0
0.009537629107302343|0.0
0.009608744573341486|0.0
0.007611599739193306|0.0
0.009469676952953096|0.0
0.008806407228981895|0.0
0.008471866948132338|0.0
0.00716696269069867|0.0
0.008471866948132338|0.0
0.008107809509290789|0.0
0.008471866948132338|0.0
0.008471866948132338|0.0
0.008107809509290789|0.0
0.007273923005832914|0.0
0.008428095950403223|0.0
0.008107809509290789|0.0
0.010130268948799407|0.0
0.018182259341805167|0.0
0.014098758655708248|0.0
0.01902915239835917|0.0
0.016763253061084702|0.0
0.008937614486438202|0.0
0.008598133104062109|0.0
0.008937614486438202|0.0
0.008107809509290789|0.0
0.00956694570993355|0.0
0.006858592389288228|0.0
0.007722985135328682|0.0
0.008535104245661439|0.0
0.008930099731171141|0.0
0.006858592389288228|0.0
