PredictedProbability|PredictedLabel
0.007742444937598091|0.0
0.00930837616557982|0.0
0.008218948483047274|0.0
0.007463128249381054|0.0
0.008267496554686853|0.0
0.00908058839203046|0.0
0.009002872948305669|0.0
0.008731686080614422|0.0
0.008471866948132338|0.0
0.008471866948132338|0.0
0.008471866948132338|0.0
0.008471866948132338|0.0
0.008107809509290789|0.0
0.008471866948132338|0.0
0.008471866948132338|0.0
0.00737560092698694|0.0
0.007952879338067481|0.0
0.007893308250689917|0.0
0.008707836745139723|0.0
0.008390022192292552|0.0
0.008922921375735785|0.0
0.008418698820130377|0.0
0.008282290087667845|0.0
0.008737590073680813|0.0
0.008107809509290789|0.0
0.009853849461683127|0.0
0.011150208707739874|0.0
0.01096712879206087|0.0
0.011100958913600578|0.0
0.011690821459758699|0.0
0.01652074346076438|0.0
0.02338048050635133|0.0
0.012460367332763051|0.0
0.013274183293437882|0.0
0.015822335493433533|0.0
0.007618753315834055|0.0
0.007742444937598091|0.0
0.007614995343714259|0.0
0.007197135607054258|0.0
0.007742444937598091|0.0
0.00824781422735665|0.0
0.008471866948132338|0.0
0.008471866948132338|0.0
0.008984007674189423|0.0
0.008428095950403223|0.0
0.008107809509290789|0.0
0.00813713658470076|0.0
0.007952879338067481|0.0
0.010688825088301402|0.0
0.008755145951798991|0.0
0.0077459199101086815|0.0
0.0076975760405910395|0.0
0.007983344319927721|0.0
0.008477596765053353|0.0
0.007811721894194192|0.0
0.0075344440219127255|0.0
