PredictedProbability|PredictedLabel
0.008471866948132338|0.0
0.007707036144733584|0.0
0.008174512772954605|0.0
0.007604993908496682|0.0
0.007135970602576436|0.0
0.008960972974431262|0.0
0.00809649702363956|0.0
0.008188606713575249|0.0
0.00761095291132582|0.0
0.008707828607273324|0.0
0.008707836745139723|0.0
0.008471866948132338|0.0
0.008731686080614422|0.0
0.008944264965849711|0.0
0.008471866948132338|0.0
0.008107809509290789|0.0
0.008471866948132338|0.0
0.008107809509290789|0.0
0.008471866948132338|0.0
0.008471866948132338|0.0
0.008471866948132338|0.0
0.008107809509290789|0.0
0.00737560092698694|0.0
0.00761095291132582|0.0
0.007893308250689917|0.0
0.007707036144733584|0.0
0.007952879338067481|0.0
0.00824781422735665|0.0
0.010663941451028846|0.0
0.008059482183779035|0.0
0.008306277845930755|0.0
0.007893308250689917|0.0
0.008471866948132338|0.0
0.008471866948132338|0.0
0.008471866948132338|0.0
0.008471866948132338|0.0
0.008471866948132338|0.0
0.008882300893089286|0.0
0.010300043761258707|0.0
0.009280809208990956|0.0
0.010300043761258707|0.0
0.010833221045834472|0.0
0.009280809208990956|0.0
0.008471866948132338|0.0
0.008471866948132338|0.0
0.00979786875731497|0.0
