PredictedProbability|PredictedLabel
0.007742444937598091|0.0
0.038208224870171295|0.0
0.05714717434673689|0.0
0.4876069208066813|0.0
0.022343252437557262|0.0
0.036934839400192744|0.0
0.015498863352982242|0.0
0.009861299634482443|0.0
0.022624756357915173|0.0
0.03383811001024275|0.0
0.030511535253018463|0.0
0.011835006294854908|0.0
0.021887400193962632|0.0
0.054378366630464095|0.0
0.022607027425372607|0.0
0.033446582550440106|0.0
0.013809084504671375|0.0
0.010283586462767884|0.0
0.00704299779462183|0.0
0.009264941589882312|0.0
0.013274183293437882|0.0
0.01633387073656373|0.0
0.02352509095389908|0.0
0.02762894827751294|0.0
0.029682382529597557|0.0
0.022927828888682982|0.0
0.03319871292055176|0.0
0.03482060260184241|0.0
0.013860145623112115|0.0
0.024752669479454155|0.0
0.011315649771957027|0.0
0.008636525674426286|0.0
0.013274183293437882|0.0
0.014351967163965019|0.0
0.007291086738019108|0.0
0.006739925076914023|0.0
0.00963418582529707|0.0
0.012573993112705465|0.0
0.012957810715128902|0.0
0.012954897027368914|0.0
0.012141127986728333|0.0
0.00704299779462183|0.0
0.006739925076914023|0.0
0.00704299779462183|0.0
0.00704299779462183|0.0
0.006739925076914023|0.0
0.00963418582529707|0.0
0.01313593561994546|0.0
0.015241696652493086|0.0
0.018662615978982857|0.0
0.016062709157883215|0.0
0.007234560302038917|0.0
0.00704299779462183|0.0
0.00704299779462183|0.0
0.007239459395622282|0.0
0.007459599659942681|0.0
0.007980073860164204|0.0
