PredictedProbability|PredictedLabel
0.007742444937598091|0.0
0.007503057593635631|0.0
0.007952879338067481|0.0
0.007503057593635631|0.0
0.006923301784516859|0.0
0.009130715839520777|0.0
0.009036367504545608|0.0
0.007463128249381054|0.0
0.010225479608629155|0.0
0.007645371918905895|0.0
0.008000366867336977|0.0
0.008374164032425514|0.0
0.007424523528845935|0.0
0.007930445688598662|0.0
0.007414594711528472|0.0
0.007105150558277988|0.0
0.006739925076914023|0.0
0.006739925076914023|0.0
0.00704299779462183|0.0
0.006739925076914023|0.0
0.00704299779462183|0.0
0.006739925076914023|0.0
0.00704299779462183|0.0
