PredictedProbability|PredictedLabel
0.007742444937598091|0.0
0.0071803308434280596|0.0
0.00761095291132582|0.0
0.008914274506181577|0.0
0.008107809509290789|0.0
0.008919068270722133|0.0
0.007616186760745566|0.0
0.007323364182832027|0.0
0.006739925076914023|0.0
0.010266954306457028|0.0
0.011104237025715547|0.0
0.008999470763263535|0.0
0.00856523650533308|0.0
0.007706107231005194|0.0
0.007742444937598091|0.0
0.00824781422735665|0.0
0.008330166168680505|0.0
0.006923301784516859|0.0
0.007589476396286514|0.0
0.007800280379580762|0.0
0.007569239326046802|0.0
0.006923301784516859|0.0
0.00704299779462183|0.0
0.00704299779462183|0.0
0.00704299779462183|0.0
0.00704299779462183|0.0
