PredictedProbability|PredictedLabel
0.008471866948132338|0.0
0.008107809509290789|0.0
0.008471866948132338|0.0
0.008471866948132338|0.0
0.008107809509290789|0.0
0.008598133104062109|0.0
0.008428095950403223|0.0
0.008107809509290789|0.0
0.008107809509290789|0.0
0.007707036144733584|0.0
0.008174512772954605|0.0
0.007604993908496682|0.0
0.007135970602576436|0.0
0.007409498361973733|0.0
0.007893308250689917|0.0
0.008813178793207626|0.0
0.008471866948132338|0.0
0.008107809509290789|0.0
0.008107809509290789|0.0
0.008471866948132338|0.0
