PredictedProbability|PredictedLabel
0.008471866948132338|0.0
0.008107809509290789|0.0
0.009235519261225128|0.0
0.008502709821445258|0.0
0.007911768361024831|0.0
0.0071803308434280596|0.0
0.0122885576242606|0.0
0.014022235933073062|0.0
0.010283571585719842|0.0
0.01085105183015949|0.0
0.009648559796422236|0.0
0.009098805851068748|0.0
0.009599922970052995|0.0
0.009764854661089128|0.0
0.008937614486438202|0.0
0.009598458074138214|0.0
0.011879969094555095|0.0
0.010012011739496002|0.0
0.009338581087949587|0.0
0.008937614486438202|0.0
0.008937614486438202|0.0
0.009714468725810083|0.0
0.008937614486438202|0.0
0.008428095950403223|0.0
0.008107809509290789|0.0
0.008107809509290789|0.0
0.008598133104062109|0.0
0.008937614486438202|0.0
0.008428095950403223|0.0
0.008107809509290789|0.0
0.008107809509290789|0.0
0.008107809509290789|0.0
0.008598133104062109|0.0
0.008428095950403223|0.0
0.008882300893089286|0.0
0.008471866948132338|0.0
0.008882300893089286|0.0
0.009793368278645284|0.0
0.009714468725810083|0.0
0.00923289762496478|0.0
0.009280809208990956|0.0
0.008471866948132338|0.0
0.008707836745139723|0.0
0.008984007674189423|0.0
0.008731686080614422|0.0
0.008107809509290789|0.0
0.008107809509290789|0.0
0.008107809509290789|0.0
0.008107809509290789|0.0
0.008107809509290789|0.0
0.008107809509290789|0.0
0.008107809509290789|0.0
0.008107809509290789|0.0
0.00737560092698694|0.0
0.006923301784516859|0.0
0.007148121367822917|0.0
0.007430780828163999|0.0
