PredictedProbability|PredictedLabel
0.008471866948132338|0.0
0.008707836745139723|0.0
0.00897222445233038|0.0
0.00835655765876187|0.0
0.008471866948132338|0.0
0.008707836745139723|0.0
0.0101446087556402|0.0
0.00989248331039049|0.0
0.010189554461641201|0.0
0.009734001234235748|0.0
0.00920384170905293|0.0
0.008707836745139723|0.0
0.008471866948132338|0.0
0.008731686080614422|0.0
0.008471866948132338|0.0
0.008984007674189423|0.0
0.008471866948132338|0.0
0.008471866948132338|0.0
0.009259386699433337|0.0
0.00905161002629324|0.0
0.008984007674189423|0.0
0.009076392279513016|0.0
0.008471866948132338|0.0
0.007600824139382198|0.0
0.008428095950403223|0.0
0.008107809509290789|0.0
0.008107809509290789|0.0
0.008107809509290789|0.0
0.008107809509290789|0.0
0.008107809509290789|0.0
0.008107809509290789|0.0
0.008471866948132338|0.0
0.008471866948132338|0.0
0.008471866948132338|0.0
0.011793036880853125|0.0
0.01621751316720815|0.0
0.014171559120719006|0.0
0.01925547349044251|0.0
0.016568769351156826|0.0
0.008984007674189423|0.0
0.009624722991751806|0.0
0.008806407228981895|0.0
0.00716696269069867|0.0
0.008471866948132338|0.0
0.008471866948132338|0.0
0.008401047289604452|0.0
0.008074438094679937|0.0
