PredictedProbability|PredictedLabel
0.40769720751809757|0.0
0.37889312479128284|0.0
0.3467843307694337|0.0
0.3467843307694337|0.0
0.3467843307694337|0.0
0.3467843307694337|0.0
0.34836110467494724|0.0
0.4066000824246127|0.0
0.3467843307694337|0.0
0.34836110467494724|0.0
0.35963742207865695|0.0
0.34836110467494724|0.0
0.3467843307694337|0.0
0.34836110467494724|0.0
0.34836110467494724|0.0
0.34836110467494724|0.0
0.34836110467494724|0.0
0.34836110467494724|0.0
0.34836110467494724|0.0
0.34836110467494724|0.0
0.34836110467494724|0.0
0.34836110467494724|0.0
0.34836110467494724|0.0
0.34836110467494724|0.0
0.3715649184207232|0.0
0.34836110467494724|0.0
0.34836110467494724|0.0
0.34836110467494724|0.0
0.34836110467494724|0.0
0.31096610370574507|0.0
0.34836110467494724|0.0
0.34836110467494724|0.0
0.2999782314022147|0.0
0.34836110467494724|0.0
0.34836110467494724|0.0
0.34836110467494724|0.0
0.34836110467494724|0.0
