PredictedProbability|PredictedLabel
0.4022989435377604|0.0
0.4360095487364163|0.0
0.4360095487364163|0.0
0.4360095487364163|0.0
0.4360095487364163|0.0
0.3781636067261683|0.0
0.3781636067261683|0.0
0.3781636067261683|0.0
0.3781636067261683|0.0
0.3781636067261683|0.0
0.3781636067261683|0.0
0.3781636067261683|0.0
0.3781636067261683|0.0
0.3781636067261683|0.0
0.3781636067261683|0.0
0.3781636067261683|0.0
0.3781636067261683|0.0
0.3781636067261683|0.0
0.3781636067261683|0.0
0.3670242479449395|0.0
0.3807723925687612|0.0
0.398940684484864|0.0
