PredictedProbability|PredictedLabel
0.36540459186166085|0.0
0.37510804134120435|0.0
0.37510804134120435|0.0
0.37510804134120435|0.0
0.37510804134120435|0.0
0.37510804134120435|0.0
0.3911108936819017|0.0
0.3480370634997908|0.0
0.3480370634997908|0.0
0.3480370634997908|0.0
0.3480370634997908|0.0
0.3480370634997908|0.0
0.3480370634997908|0.0
0.38213283487810107|0.0
0.35546257123222774|0.0
0.38213283487810107|0.0
0.3480370634997908|0.0
0.3480370634997908|0.0
0.3480370634997908|0.0
0.3480370634997908|0.0
0.3480370634997908|0.0
