PredictedProbability|PredictedLabel
0.3183838957106417|0.0
0.3750549154721166|0.0
0.3750549154721166|0.0
0.3750549154721166|0.0
0.5368301768083057|1.0
0.45675829103679344|0.0
0.45675829103679344|0.0
0.4867993761231745|0.0
0.4758516611608933|0.0
0.4858188071468058|0.0
0.5364963901143359|1.0
0.5565703292148043|1.0
0.5565703292148043|1.0
0.5565703292148043|1.0
0.3962158597492175|0.0
0.3564062341865824|0.0
0.5227419228123029|1.0
0.5565703292148043|1.0
0.5565703292148043|1.0
0.5625515483749381|1.0
0.5625515483749381|1.0
0.5863431815479823|1.0
0.592324400708116|1.0
0.592324400708116|1.0
0.4021970789093512|0.0
0.3153205149619123|0.0
0.3153205149619123|0.0
0.3153205149619123|0.0
0.3153205149619123|0.0
0.3153205149619123|0.0
0.3153205149619123|0.0
0.33396919624744653|0.0
0.37479884437431227|0.0
0.421865782759116|0.0
0.33396919624744653|0.0
0.3810361346322503|0.0
0.3810361346322503|0.0
0.33396919624744653|0.0
0.35306256637154637|0.0
0.4699120696369509|0.0
0.4699120696369509|0.0
0.4699120696369509|0.0
0.43342553113834337|0.0
0.4699120696369509|0.0
0.4417036525004504|0.0
0.43342553113834337|0.0
0.43342553113834337|0.0
0.43342553113834337|0.0
0.43342553113834337|0.0
0.43342553113834337|0.0
0.4076946562188608|0.0
0.4389092633409632|0.0
0.593263570125805|1.0
0.6098798608499107|1.0
0.6098798608499107|1.0
