PredictedProbability|PredictedLabel
0.4305386004578641|0.0
0.4120732858682925|0.0
0.46569261698486253|0.0
0.34869520255566927|0.0
0.2966526453446128|0.0
0.2966526453446128|0.0
0.2966526453446128|0.0
0.2771962632525513|0.0
0.3062288437879105|0.0
0.3062288437879105|0.0
0.3062288437879105|0.0
0.3383376378097597|0.0
0.30465206988239696|0.0
0.3062288437879105|0.0
0.3062288437879105|0.0
0.3062288437879105|0.0
0.3062288437879105|0.0
0.3062288437879105|0.0
0.3062288437879105|0.0
0.3062288437879105|0.0
0.3062288437879105|0.0
0.3062288437879105|0.0
0.3062288437879105|0.0
0.3062288437879105|0.0
0.3062288437879105|0.0
0.3062288437879105|0.0
0.3062288437879105|0.0
0.3062288437879105|0.0
0.3062288437879105|0.0
0.3062288437879105|0.0
0.3062288437879105|0.0
0.3062288437879105|0.0
0.3062288437879105|0.0
0.29408480393660935|0.0
0.29408480393660935|0.0
0.29408480393660935|0.0
0.29408480393660935|0.0
0.29408480393660935|0.0
0.29408480393660935|0.0
0.29408480393660935|0.0
0.29250803003109577|0.0
0.29408480393660935|0.0
0.3038723052001654|0.0
0.3038723052001654|0.0
0.29250803003109577|0.0
0.29408480393660935|0.0
