PredictedProbability|PredictedLabel
0.4586113330374392|0.0
0.43311715769959047|0.0
0.4774874049520582|0.0
0.4942209161151799|0.0
0.4942209161151799|0.0
0.4942209161151799|0.0
0.4942209161151799|0.0
0.4942209161151799|0.0
0.46914524796304297|0.0
0.46914524796304297|0.0
0.46914524796304297|0.0
0.46914524796304297|0.0
0.46914524796304297|0.0
0.46914524796304297|0.0
0.46914524796304297|0.0
0.46914524796304297|0.0
0.46914524796304297|0.0
0.46914524796304297|0.0
0.46914524796304297|0.0
0.4932791029284685|0.0
0.46914524796304297|0.0
0.46914524796304297|0.0
0.46914524796304297|0.0
0.46914524796304297|0.0
0.46914524796304297|0.0
0.46914524796304297|0.0
0.46914524796304297|0.0
0.46914524796304297|0.0
0.5052409288143427|1.0
0.5052409288143427|1.0
0.5052409288143427|1.0
0.49049793618286497|0.0
0.5052409288143427|1.0
0.5052409288143427|1.0
0.5052409288143427|1.0
0.5052409288143427|1.0
0.5052409288143427|1.0
