PredictedProbability|PredictedLabel
0.4766659442931476|0.0
0.4169555078324592|0.0
0.4169555078324592|0.0
0.38215976350847913|0.0
0.4169555078324592|0.0
0.4169555078324592|0.0
0.4169555078324592|0.0
0.4169555078324592|0.0
0.4169555078324592|0.0
0.33865080596649294|0.0
0.3199024129912096|0.0
0.3199024129912096|0.0
0.3199024129912096|0.0
0.3199024129912096|0.0
0.3199024129912096|0.0
0.28510666866722945|0.0
0.3199024129912096|0.0
0.3199024129912096|0.0
0.3199024129912096|0.0
0.28510666866722945|0.0
0.3199024129912096|0.0
0.3199024129912096|0.0
