PredictedProbability|PredictedLabel
0.3350628250294716|0.0
0.3315803935581143|0.0
0.3686485300515326|0.0
0.3557142485235399|0.0
0.3892999535456008|0.0
0.3686485300515326|0.0
0.3350628250294716|0.0
0.35919667999489713|0.0
0.3350628250294716|0.0
0.3350628250294716|0.0
0.3315803935581143|0.0
0.41244613401685226|0.0
0.37886042899479133|0.0
0.3794618215768035|0.0
0.4106266087387544|0.0
0.3864927537733288|0.0
0.3864927537733288|0.0
0.3864927537733288|0.0
0.3864927537733288|0.0
0.3830103223019715|0.0
0.41659602732403245|0.0
0.41659602732403245|0.0
0.440729882289458|0.0
0.5071880787435467|1.0
0.5433632420271093|1.0
0.6176242746600316|1.0
0.5302232728148526|1.0
0.5623256325326552|1.0
0.5302232728148526|1.0
0.4226325037622499|0.0
0.3651660985801753|0.0
0.5738167865979313|1.0
0.6044843054477749|1.0
0.6180469797722118|1.0
0.608962117270277|1.0
0.5668034443551574|1.0
0.5668034443551574|1.0
0.5668034443551574|1.0
0.5668034443551574|1.0
0.4261149352336071|0.0
0.3512441425580085|0.0
0.38482984758006944|0.0
0.38482984758006944|0.0
0.5632456059569428|1.0
0.679238445533419|1.0
0.7815153784553732|1.0
0.7043187395521013|1.0
0.5601477989591938|1.0
0.4353586862980068|0.0
