PredictedProbability|PredictedLabel
0.3050625715646012|0.0
0.313305982730415|0.0
0.313305982730415|0.0
0.399443380870902|0.0
0.3431484623071376|0.0
0.32198751803003667|0.0
0.32198751803003667|0.0
0.32198751803003667|0.0
0.32198751803003667|0.0
0.32198751803003667|0.0
0.2847175129998738|0.0
0.2847175129998738|0.0
0.2847175129998738|0.0
0.3254647846864992|0.0
0.38008256685755665|0.0
0.38008256685755665|0.0
0.33839764176693704|0.0
0.3579566189155599|0.0
0.3579566189155599|0.0
0.3579566189155599|0.0
