PredictedProbability|PredictedLabel
0.3512733424426845|0.0
0.33437139061783944|0.0
0.34279581563021727|0.0
0.33953771708433844|0.0
0.33953771708433844|0.0
0.33953771708433844|0.0
0.33953771708433844|0.0
0.33953771708433844|0.0
0.33953771708433844|0.0
0.33953771708433844|0.0
0.33953771708433844|0.0
0.33953771708433844|0.0
0.31221792283079347|0.0
0.33953771708433844|0.0
0.31221792283079347|0.0
0.33953771708433844|0.0
0.33953771708433844|0.0
0.33953771708433844|0.0
0.3389069679568101|0.0
0.5690976289086022|1.0
0.609927277035468|1.0
0.6089776339039756|1.0
0.3803673652112042|0.0
0.33953771708433844|0.0
0.33953771708433844|0.0
0.3389069679568101|0.0
0.3204443469602386|0.0
0.34054766866283503|0.0
0.36010664581145796|0.0
0.36010664581145796|0.0
0.36010664581145796|0.0
0.3594758966839296|0.0
0.34054766866283503|0.0
0.33991691953530667|0.0
0.4308763140892761|0.0
0.34054766866283503|0.0
