PredictedProbability|PredictedLabel
0.44936885900206747|0.0
0.3143677246306509|0.0
0.3334610947547507|0.0
0.33176211027874253|0.0
0.3264038293268877|0.0
0.4497462208936316|0.0
0.4605640957107905|0.0
0.4409406317664759|0.0
0.46255808947575067|0.0
0.5168008699131257|1.0
0.5168008699131257|1.0
0.5168008699131257|1.0
0.49266241708156516|0.0
0.4605640957107905|0.0
0.4765011041459898|0.0
0.4605640957107905|0.0
0.43642564287923|0.0
0.4765011041459898|0.0
0.4765011041459898|0.0
0.4765011041459898|0.0
0.532737878348325|1.0
0.47849509791094996|0.0
0.46255808947575067|0.0
0.46255808947575067|0.0
0.49066842331660504|0.0
0.5845490922166181|1.0
0.43546879190885013|0.0
0.3812260114714752|0.0
0.43546879190885013|0.0
0.43546879190885013|0.0
0.43546879190885013|0.0
0.43546879190885013|0.0
0.5267636191390668|1.0
0.4725208387016919|0.0
0.4725208387016919|0.0
