PredictedProbability|PredictedLabel
0.4353995108328591|0.0
0.5020694672958663|1.0
0.5090996167328573|1.0
0.5172450796530874|1.0
0.5298479968412394|1.0
0.5298479968412394|1.0
0.5298479968412394|1.0
0.5298479968412394|1.0
0.5298479968412394|1.0
0.5101842478413452|1.0
0.5101842478413452|1.0
0.5101842478413452|1.0
0.5101842478413452|1.0
0.5101842478413452|1.0
0.4113384632061323|0.0
0.43147415928596555|0.0
0.43147415928596555|0.0
0.43147415928596555|0.0
0.43147415928596555|0.0
0.43147415928596555|0.0
0.43147415928596555|0.0
0.43147415928596555|0.0
0.43147415928596555|0.0
0.43147415928596555|0.0
0.43147415928596555|0.0
0.43147415928596555|0.0
0.43147415928596555|0.0
0.43147415928596555|0.0
