PredictedProbability|PredictedLabel
0.43047593474423895|0.0
0.5672745101516511|1.0
0.5229711736916661|1.0
0.4664311900455382|0.0
0.31019021415791376|0.0
0.29712424348421484|0.0
0.29712424348421484|0.0
0.29712424348421484|0.0
0.29712424348421484|0.0
0.29712424348421484|0.0
0.29712424348421484|0.0
0.29712424348421484|0.0
0.29712424348421484|0.0
0.29712424348421484|0.0
0.3343942485143777|0.0
0.29712424348421484|0.0
0.29712424348421484|0.0
0.29712424348421484|0.0
0.29712424348421484|0.0
0.29712424348421484|0.0
0.29712424348421484|0.0
0.29712424348421484|0.0
0.29712424348421484|0.0
0.2848741362564695|0.0
0.2848741362564695|0.0
0.2848741362564695|0.0
0.2848741362564695|0.0
0.2848741362564695|0.0
0.2881308304020391|0.0
0.2848741362564695|0.0
0.2848741362564695|0.0
0.2848741362564695|0.0
