PredictedProbability|PredictedLabel
0.3953639105115246|0.0
0.3953639105115246|0.0
0.3953639105115246|0.0
0.3953639105115246|0.0
0.3953639105115246|0.0
0.3953639105115246|0.0
0.3953639105115246|0.0
0.3953639105115246|0.0
0.3953639105115246|0.0
0.3953639105115246|0.0
0.3953639105115246|0.0
0.3953639105115246|0.0
0.3953639105115246|0.0
0.3953639105115246|0.0
0.3953639105115246|0.0
0.3953639105115246|0.0
0.3953639105115246|0.0
0.3953639105115246|0.0
0.3953639105115246|0.0
0.3953639105115246|0.0
0.3953639105115246|0.0
