PredictedProbability|PredictedLabel
0.3008954209612861|0.0
0.44370219659547133|0.0
0.45948419811369784|0.0
0.4610655026408284|0.0
0.5258572716398318|1.0
0.5258572716398318|1.0
0.45619315268317706|0.0
0.5258572716398318|1.0
0.4610655026408284|0.0
0.45948419811369784|0.0
0.5156956634259519|1.0
0.4027682349503959|0.0
0.4027682349503959|0.0
0.44152651555449757|0.0
0.4528754062065298|0.0
0.4027682349503959|0.0
0.3978958849927445|0.0
0.4480030562488785|0.0
0.3978958849927445|0.0
0.4366541655968462|0.0
0.48676133685298006|0.0
0.4480030562488785|0.0
0.3978958849927445|0.0
0.3978958849927445|0.0
0.3978958849927445|0.0
0.3978958849927445|0.0
0.3978958849927445|0.0
0.3978958849927445|0.0
0.41030130250697183|0.0
0.41030130250697183|0.0
0.41030130250697183|0.0
0.41030130250697183|0.0
0.41030130250697183|0.0
0.41030130250697183|0.0
0.3426344931753443|0.0
0.33256382532945417|0.0
0.33743617528710546|0.0
0.33743617528710546|0.0
0.33743617528710546|0.0
0.33743617528710546|0.0
0.33743617528710546|0.0
0.33743617528710546|0.0
0.33743617528710546|0.0
0.33743617528710546|0.0
0.33743617528710546|0.0
0.33743617528710546|0.0
