PredictedProbability|PredictedLabel
0.4636441102801018|0.0
0.42693288152746883|0.0
0.48715138812017694|0.0
0.4829053962519557|0.0
0.4829053962519557|0.0
0.4829053962519557|0.0
0.4829053962519557|0.0
0.4829053962519557|0.0
0.4829053962519557|0.0
0.4829053962519557|0.0
0.4829053962519557|0.0
0.4829053962519557|0.0
0.4829053962519557|0.0
0.4542733866273042|0.0
0.4723059949945084|0.0
0.5357912791863719|1.0
0.4287465261623475|0.0
0.4723059949945084|0.0
0.4723059949945084|0.0
0.4723059949945084|0.0
0.4723059949945084|0.0
0.4723059949945084|0.0
0.4723059949945084|0.0
0.492231810354211|0.0
0.5357912791863719|1.0
0.5458013666208215|1.0
0.5893608354529823|1.0
0.5458013666208215|1.0
0.5357912791863719|1.0
0.492231810354211|0.0
0.4287465261623475|0.0
0.4287465261623475|0.0
0.4287465261623475|0.0
0.492231810354211|0.0
0.5357912791863719|1.0
0.615042847964445|1.0
0.598067849155219|1.0
0.598067849155219|1.0
0.5739293963236586|1.0
0.5739293963236586|1.0
