PredictedProbability|PredictedLabel
0.5763266126035058|1.0
0.6730108394966152|1.0
0.6399563205412966|1.0
0.6255831802808356|1.0
0.5720431013174841|1.0
0.5720431013174841|1.0
0.42102649110991947|0.0
0.4386890449627952|0.0
0.4303732941075829|0.0
0.4303732941075829|0.0
0.4303732941075829|0.0
0.42281278442726683|0.0
0.40418632772056273|0.0
0.42281278442726683|0.0
0.42281278442726683|0.0
0.42281278442726683|0.0
0.42281278442726683|0.0
0.42281278442726683|0.0
0.40418632772056273|0.0
0.42281278442726683|0.0
0.42281278442726683|0.0
0.40314903542737274|0.0
0.40314903542737274|0.0
0.42281278442726683|0.0
0.4380144965757724|0.0
0.4193880398690683|0.0
0.4380144965757724|0.0
0.42476124531257364|0.0
0.28060737980551703|0.0
0.37113220094011323|0.0
0.3162325541453097|0.0
0.2992338365122211|0.0
0.2992338365122211|0.0
0.2992338365122211|0.0
0.3760242200823388|0.0
0.42281278442726683|0.0
