PredictedProbability|PredictedLabel
0.590114127285522|1.0
0.442241518583138|0.0
0.5126839650681554|1.0
0.5126839650681554|1.0
0.3656157768880849|0.0
0.36992657288982517|0.0
0.36992657288982517|0.0
0.36992657288982517|0.0
0.36992657288982517|0.0
0.36992657288982517|0.0
0.2950954255786885|0.0
0.2711474188262414|0.0
0.2711474188262414|0.0
0.2711474188262414|0.0
0.2711474188262414|0.0
0.2711474188262414|0.0
0.2711474188262414|0.0
0.345978566137378|0.0
0.3097997660989641|0.0
0.29070639597486425|0.0
0.345978566137378|0.0
0.29070639597486425|0.0
0.29070639597486425|0.0
0.29070639597486425|0.0
0.29070639597486425|0.0
0.29070639597486425|0.0
0.29070639597486425|0.0
0.29070639597486425|0.0
0.29070639597486425|0.0
0.29070639597486425|0.0
0.29070639597486425|0.0
0.29070639597486425|0.0
0.29070639597486425|0.0
0.29070639597486425|0.0
0.29070639597486425|0.0
0.29070639597486425|0.0
0.3097997660989641|0.0
