PredictedProbability|PredictedLabel
0.45274407006659273|0.0
0.37867201288801006|0.0
0.29760664542357235|0.0
0.29760664542357235|0.0
0.29760664542357235|0.0
0.30054769838870216|0.0
0.29760664542357235|0.0
0.29760664542357235|0.0
0.29760664542357235|0.0
0.29760664542357235|0.0
0.29760664542357235|0.0
0.29760664542357235|0.0
0.3335045831219255|0.0
0.3335045831219255|0.0
0.35034185601043055|0.0
0.35034185601043055|0.0
0.35034185601043055|0.0
0.35034185601043055|0.0
0.35034185601043055|0.0
0.35034185601043055|0.0
0.35034185601043055|0.0
0.35034185601043055|0.0
0.334024049026823|0.0
0.32539654523932254|0.0
0.4255722549583229|0.0
0.4169447511708225|0.0
0.3470266647830671|0.0
0.35565416857056753|0.0
0.35565416857056753|0.0
0.35565416857056753|0.0
0.35565416857056753|0.0
0.35565416857056753|0.0
0.35565416857056753|0.0
0.35565416857056753|0.0
0.35565416857056753|0.0
0.35565416857056753|0.0
0.35565416857056753|0.0
