PredictedProbability|PredictedLabel
0.599923249143367|1.0
0.4688023968695408|0.0
0.5325615260931276|1.0
0.5333483051838183|1.0
0.4978102471549085|0.0
0.482766641549558|0.0
0.482766641549558|0.0
0.482766641549558|0.0
0.482766641549558|0.0
0.4632086977108319|0.0
0.5943295499846579|1.0
0.6223867011301009|1.0
0.6223867011301009|1.0
0.6618308634964961|1.0
0.6618308634964961|1.0
0.609606273617149|1.0
0.6515838829989914|1.0
0.6112314171539175|1.0
0.6112314171539175|1.0
0.6037248186500197|1.0
0.6037248186500197|1.0
0.6037248186500197|1.0
0.6037248186500197|1.0
0.6037248186500197|1.0
0.6230505525509911|1.0
0.6037248186500197|1.0
0.6037248186500197|1.0
0.6037248186500197|1.0
0.6230505525509911|1.0
0.6155415129029238|1.0
0.6155415129029238|1.0
0.5811520843953315|1.0
0.6155415129029238|1.0
0.6155415129029238|1.0
0.5811520843953315|1.0
0.6140819467057939|1.0
0.6796783787674063|1.0
0.6796783787674063|1.0
0.6796783787674063|1.0
0.6796783787674063|1.0
0.6796783787674063|1.0
0.645288950259814|1.0
0.645288950259814|1.0
0.6796783787674063|1.0
0.6796783787674063|1.0
0.645288950259814|1.0
0.645288950259814|1.0
0.645288950259814|1.0
0.645288950259814|1.0
0.645288950259814|1.0
0.645288950259814|1.0
0.645288950259814|1.0
0.645288950259814|1.0
0.645288950259814|1.0
0.6796783787674063|1.0
0.645288950259814|1.0
0.6569280840154235|1.0
0.6225386555078312|1.0
0.5896087931973687|1.0
0.5896087931973687|1.0
0.544327541633257|1.0
0.544327541633257|1.0
0.544327541633257|1.0
0.544327541633257|1.0
0.5787169701408494|1.0
0.5787169701408494|1.0
0.5787169701408494|1.0
0.5787169701408494|1.0
0.544327541633257|1.0
0.544327541633257|1.0
0.544327541633257|1.0
0.544327541633257|1.0
0.544327541633257|1.0
0.544327541633257|1.0
0.544327541633257|1.0
0.544327541633257|1.0
0.544327541633257|1.0
0.544327541633257|1.0
0.544327541633257|1.0
0.544327541633257|1.0
0.544327541633257|1.0
0.544327541633257|1.0
0.544327541633257|1.0
0.513120538079237|1.0
0.513120538079237|1.0
0.513120538079237|1.0
0.5475099665868293|1.0
0.5475099665868293|1.0
0.513120538079237|1.0
0.513120538079237|1.0
0.5475099665868293|1.0
0.513120538079237|1.0
0.513120538079237|1.0
0.513120538079237|1.0
0.513120538079237|1.0
0.513120538079237|1.0
0.513120538079237|1.0
0.513120538079237|1.0
0.513120538079237|1.0
0.513120538079237|1.0
0.513120538079237|1.0
0.513120538079237|1.0
0.513120538079237|1.0
0.513120538079237|1.0
0.513120538079237|1.0
0.5460504003896993|1.0
0.5460504003896993|1.0
0.5460504003896993|1.0
0.5460504003896993|1.0
0.5460504003896993|1.0
0.5460504003896993|1.0
0.5460504003896993|1.0
0.5460504003896993|1.0
0.5460504003896993|1.0
0.5460504003896993|1.0
0.5460504003896993|1.0
0.5460504003896993|1.0
0.5460504003896993|1.0
