PredictedProbability|PredictedLabel
0.3724299883234661|0.0
0.39373725855034347|0.0
0.3860535112479214|0.0
0.352145098098003|0.0
0.3607726018855034|0.0
0.3607726018855034|0.0
0.3607726018855034|0.0
0.3607726018855034|0.0
0.3883495486175984|0.0
0.3883495486175984|0.0
0.3883495486175984|0.0
0.3883495486175984|0.0
0.3883495486175984|0.0
0.3883495486175984|0.0
0.436958010199821|0.0
0.43633153850313233|0.0
0.4619220388246791|0.0
0.47677430373491614|0.0
0.5088563496150782|1.0
0.5088563496150782|1.0
0.47677430373491614|0.0
0.4634418334312259|0.0
0.44682369154854495|0.0
0.478905737428707|0.0
0.5088563496150782|1.0
0.5088563496150782|1.0
0.47677430373491614|0.0
0.44682369154854495|0.0
0.44682369154854495|0.0
0.44682369154854495|0.0
0.44682369154854495|0.0
0.44682369154854495|0.0
0.44682369154854495|0.0
0.44682369154854495|0.0
0.4001052315704679|0.0
0.4091283554391145|0.0
0.37271569114772235|0.0
0.37271569114772235|0.0
0.360068215171651|0.0
0.360068215171651|0.0
0.360068215171651|0.0
0.360068215171651|0.0
0.360068215171651|0.0
0.360068215171651|0.0
0.360068215171651|0.0
0.360068215171651|0.0
0.360068215171651|0.0
0.3921502610518131|0.0
