PredictedProbability|PredictedLabel
0.2741525518585583|0.0
0.2891961574639089|0.0
0.24719135756493693|0.0
0.2277066942443003|0.0
0.2277066942443003|0.0
0.25115663824351686|0.0
0.2277066942443003|0.0
0.2277066942443003|0.0
0.25115663824351686|0.0
0.2277066942443003|0.0
0.2277066942443003|0.0
0.2277066942443003|0.0
0.2277066942443003|0.0
0.18830283895191388|0.0
0.18830283895191388|0.0
0.18830283895191388|0.0
0.18830283895191388|0.0
0.18830283895191388|0.0
0.18830283895191388|0.0
0.18830283895191388|0.0
0.18830283895191388|0.0
0.18830283895191388|0.0
0.18830283895191388|0.0
0.18830283895191388|0.0
0.18830283895191388|0.0
0.18830283895191388|0.0
0.18830283895191388|0.0
0.23485027832620425|0.0
0.23313968179287264|0.0
0.23820901113167178|0.0
0.18142692214368428|0.0
0.1742833380617803|0.0
0.20295512888873332|0.0
0.20295512888873332|0.0
0.29823076748128796|0.0
0.2597372178767209|0.0
0.2597372178767209|0.0
0.2597372178767209|0.0
