PredictedProbability|PredictedLabel
0.5252292782932518|1.0
0.49375788241339047|0.0
0.567331231010104|1.0
0.5351916039018181|1.0
0.5920673344060317|1.0
0.5791262316177634|1.0
0.5469117054487714|1.0
0.6021226241724142|1.0
0.5124736719297782|1.0
0.558966247357177|1.0
0.5699080980034222|1.0
0.49906526442032745|0.0
0.49132090674169593|0.0
0.49132090674169593|0.0
0.47965838642286646|0.0
0.48992836490452574|0.0
0.48992836490452574|0.0
0.48992836490452574|0.0
0.4577138387355336|0.0
0.4577138387355336|0.0
0.48992836490452574|0.0
0.48992836490452574|0.0
0.48992836490452574|0.0
0.48992836490452574|0.0
0.48992836490452574|0.0
0.48992836490452574|0.0
0.48992836490452574|0.0
0.48992836490452574|0.0
0.48992836490452574|0.0
0.48992836490452574|0.0
0.48992836490452574|0.0
0.48992836490452574|0.0
0.48992836490452574|0.0
0.48992836490452574|0.0
0.48992836490452574|0.0
0.48992836490452574|0.0
0.48992836490452574|0.0
0.5453895222149757|1.0
0.5453895222149757|1.0
0.5636356007368836|1.0
0.5636356007368836|1.0
0.5854476681353864|1.0
0.5854476681353864|1.0
0.5854476681353864|1.0
0.5854476681353864|1.0
0.5854476681353864|1.0
0.5854476681353864|1.0
0.5854476681353864|1.0
0.5854476681353864|1.0
0.5854476681353864|1.0
0.5854476681353864|1.0
