PredictedProbability|PredictedLabel
0.3203579271751138|0.0
0.4432863080423471|0.0
0.5111405937069645|1.0
0.45368804472564833|0.0
0.37511194135790776|0.0
0.37511194135790776|0.0
0.39206363058981164|0.0
0.4400907291405587|0.0
0.39206363058981164|0.0
0.38943835447903086|0.0
0.3795694222375579|0.0
0.39206363058981164|0.0
0.3769441461267771|0.0
0.3769441461267771|0.0
0.3769441461267771|0.0
0.3769441461267771|0.0
0.3769441461267771|0.0
0.3795694222375579|0.0
0.34967437446267113|0.0
0.3795694222375579|0.0
0.34967437446267113|0.0
0.34967437446267113|0.0
0.3795694222375579|0.0
0.34967437446267113|0.0
0.3880784447809607|0.0
0.3880784447809607|0.0
0.4005726531332144|0.0
0.32728939157821346|0.0
0.3659185642415506|0.0
0.5107573260245323|1.0
0.5620389428382968|1.0
0.511304418590745|1.0
0.5252920228850738|1.0
0.5252920228850738|1.0
0.5160214950930972|1.0
0.44257531433033764|0.0
0.4906492035180639|0.0
0.43298584458527156|0.0
0.36316317218755384|0.0
0.42316822422708206|0.0
0.405436640248895|0.0
0.405436640248895|0.0
