PredictedProbability|PredictedLabel
0.4370489210877227|0.0
0.5960015417443641|1.0
0.5268907018290422|1.0
0.35620626825681045|0.0
0.3739693532569835|0.0
0.33602513174499465|0.0
0.37923908382746335|0.0
0.37923908382746335|0.0
0.37923908382746335|0.0
0.37923908382746335|0.0
0.37923908382746335|0.0
0.37923908382746335|0.0
0.37923908382746335|0.0
0.37923908382746335|0.0
0.37923908382746335|0.0
0.37923908382746335|0.0
0.37923908382746335|0.0
0.37923908382746335|0.0
0.37923908382746335|0.0
0.37923908382746335|0.0
0.37923908382746335|0.0
0.37923908382746335|0.0
0.37923908382746335|0.0
0.35365723875674504|0.0
0.35365723875674504|0.0
0.35365723875674504|0.0
0.37923908382746335|0.0
0.37923908382746335|0.0
0.31066709669989934|0.0
0.31066709669989934|0.0
0.30123793280656613|0.0
0.30123793280656613|0.0
0.30123793280656613|0.0
0.30123793280656613|0.0
0.30123793280656613|0.0
0.30123793280656613|0.0
0.36980991993413015|0.0
0.30123793280656613|0.0
0.2756560877358477|0.0
