PredictedProbability|PredictedLabel
0.38406779039145506|0.0
0.46037673973755855|0.0
0.4365722102309831|0.0
0.41591214668434884|0.0
0.4826875985368358|0.0
0.42389924821524916|0.0
0.42389924821524916|0.0
0.4374993119554966|0.0
0.4853133691539576|0.0
0.4634102445760521|0.0
0.4634102445760521|0.0
0.43476657523045426|0.0
0.43476657523045426|0.0
0.43476657523045426|0.0
0.45666969980835975|0.0
0.43476657523045426|0.0
0.43476657523045426|0.0
0.43476657523045426|0.0
0.43476657523045426|0.0
0.45666969980835975|0.0
0.45666969980835975|0.0
0.45666969980835975|0.0
0.43476657523045426|0.0
0.42389924821524916|0.0
0.45666969980835975|0.0
0.45666969980835975|0.0
0.4853133691539576|0.0
0.45666969980835975|0.0
0.5107744548032429|1.0
0.4848635221826874|0.0
0.5107744548032429|1.0
0.5107744548032429|1.0
0.4851222497766405|0.0
0.43457545585313717|0.0
0.4023738254361594|0.0
0.38047070085825385|0.0
0.38047070085825385|0.0
0.40334637191591727|0.0
0.40334637191591727|0.0
0.40334637191591727|0.0
0.40334637191591727|0.0
0.38047070085825385|0.0
0.38047070085825385|0.0
0.38047070085825385|0.0
0.4023738254361594|0.0
0.38047070085825385|0.0
0.38047070085825385|0.0
