PredictedProbability|PredictedLabel
0.6844543829035853|1.0
0.6695683559521501|1.0
0.6249341179902366|1.0
0.5395626229735284|1.0
0.5306433368993353|1.0
0.5306433368993353|1.0
0.6515601567538087|1.0
0.6948222124450114|1.0
0.7616610722317533|1.0
0.7750368092286866|1.0
0.7750368092286866|1.0
0.7750368092286866|1.0
0.7142862706010389|1.0
0.7539829613541992|1.0
0.7234976872496022|1.0
0.6489779557110003|1.0
0.6185860031409878|1.0
0.6185860031409878|1.0
0.5788893123878275|1.0
0.5122898633897905|1.0
0.5122898633897905|1.0
0.5122898633897905|1.0
0.6185860031409878|1.0
0.5788893123878275|1.0
0.5788893123878275|1.0
0.6102677219748185|1.0
0.6102677219748185|1.0
0.5788893123878275|1.0
