PredictedProbability|PredictedLabel
0.48535485948569657|0.0
0.4166331372731216|0.0
0.41712080764585446|0.0
0.3936683134982534|0.0
0.3678107796153224|0.0
0.41143259799778686|0.0
0.44195008159046967|0.0
0.4046214738497499|0.0
0.43470865464181435|0.0
0.43470865464181435|0.0
0.43470865464181435|0.0
0.4844731766855417|0.0
0.4844731766855417|0.0
0.4844731766855417|0.0
0.4844731766855417|0.0
0.41966504903646384|0.0
0.41966504903646384|0.0
0.41966504903646384|0.0
0.4844731766855417|0.0
0.4844731766855417|0.0
0.4844731766855417|0.0
0.4844731766855417|0.0
0.4844731766855417|0.0
0.4844731766855417|0.0
0.4844731766855417|0.0
0.4844731766855417|0.0
0.4844731766855417|0.0
0.43470865464181435|0.0
0.43470865464181435|0.0
0.43470865464181435|0.0
0.43470865464181435|0.0
0.41966504903646384|0.0
0.41966504903646384|0.0
0.41966504903646384|0.0
0.41966504903646384|0.0
0.4844731766855417|0.0
0.4844731766855417|0.0
0.4844731766855417|0.0
0.4844731766855417|0.0
