PredictedProbability|PredictedLabel
0.35199288841967175|0.0
0.37292037673739625|0.0
0.3665459238271553|0.0
0.3761090441041756|0.0
0.3148091817238997|0.0
0.27433859443552944|0.0
0.3428095509206749|0.0
0.42243505586479985|0.0
0.5622150070620243|1.0
0.5080347767999036|1.0
0.6103153701171302|1.0
0.4705354189199058|0.0
0.4214969173187561|0.0
0.27433859443552944|0.0
0.27433859443552944|0.0
0.27433859443552944|0.0
0.2874860699493138|0.0
0.2874860699493138|0.0
0.29380663317852945|0.0
0.29380663317852945|0.0
0.29380663317852945|0.0
0.29380663317852945|0.0
0.302362969053388|0.0
0.302362969053388|0.0
0.302362969053388|0.0
0.302362969053388|0.0
