PredictedProbability|PredictedLabel
0.14045311113301928|0.0
0.14045311113301928|0.0
0.1501240427728206|0.0
0.1501240427728206|0.0
0.1501240427728206|0.0
0.1501240427728206|0.0
0.1501240427728206|0.0
0.14016280641262258|0.0
0.1501240427728206|0.0
0.22285030143925547|0.0
0.1501240427728206|0.0
0.1501240427728206|0.0
0.1501240427728206|0.0
0.1501240427728206|0.0
0.1501240427728206|0.0
0.1501240427728206|0.0
0.14045311113301928|0.0
0.14045311113301928|0.0
0.14045311113301928|0.0
0.14045311113301928|0.0
0.14045311113301928|0.0
0.14045311113301928|0.0
0.14045311113301928|0.0
0.14045311113301928|0.0
0.14045311113301928|0.0
0.14045311113301928|0.0
0.14045311113301928|0.0
0.1554967167383698|0.0
0.14045311113301928|0.0
0.14045311113301928|0.0
0.21317936979945412|0.0
0.14045311113301928|0.0
0.14045311113301928|0.0
0.14045311113301928|0.0
0.14045311113301928|0.0
0.14045311113301928|0.0
0.14045311113301928|0.0
0.14045311113301928|0.0
0.14045311113301928|0.0
0.14045311113301928|0.0
0.14045311113301928|0.0
0.14045311113301928|0.0
