PredictedProbability|PredictedLabel
0.23616503860548188|0.0
0.29985963581342384|0.0
0.29985963581342384|0.0
0.29985963581342384|0.0
0.29985963581342384|0.0
0.4027639282823909|0.0
0.4496865737148834|0.0
0.46881959903572|0.0
0.5014284404226822|1.0
0.5056755318233042|1.0
0.4027712393543371|0.0
0.3558485939218446|0.0
0.336715568601008|0.0
0.25950516509049465|0.0
0.21374723174610982|0.0
0.184761479380612|0.0
0.184761479380612|0.0
0.21792967235246313|0.0
0.21792967235246313|0.0
0.21792967235246313|0.0
0.21792967235246313|0.0
0.21792967235246313|0.0
