PredictedProbability|PredictedLabel
0.2812148032467698|0.0
0.2812148032467698|0.0
0.2812148032467698|0.0
0.2800699051155438|0.0
0.3335426529205223|0.0
0.27144240132804337|0.0
0.3335426529205223|0.0
0.3335426529205223|0.0
0.27144240132804337|0.0
0.27144240132804337|0.0
0.27144240132804337|0.0
0.27144240132804337|0.0
0.27144240132804337|0.0
0.2800699051155438|0.0
0.2800699051155438|0.0
0.2800699051155438|0.0
0.27144240132804337|0.0
0.27144240132804337|0.0
0.27144240132804337|0.0
0.27144240132804337|0.0
0.27144240132804337|0.0
0.27144240132804337|0.0
0.2625482984970939|0.0
0.319436672643966|0.0
0.3234732129510995|0.0
0.36532766074998796|0.0
0.36532766074998796|0.0
0.33324561486982585|0.0
0.33324561486982585|0.0
0.33324561486982585|0.0
0.33324561486982585|0.0
0.33324561486982585|0.0
0.33324561486982585|0.0
0.33324561486982585|0.0
0.3032950026834547|0.0
0.3032950026834547|0.0
0.3032950026834547|0.0
0.3032950026834547|0.0
0.3032950026834547|0.0
0.33537704856361683|0.0
0.3975421869189801|0.0
0.36546014103881796|0.0
0.3032950026834547|0.0
0.33537704856361683|0.0
