PredictedProbability|PredictedLabel
0.5455454266217655|1.0
0.5455454266217655|1.0
0.3947751227104698|0.0
0.5213262092202361|1.0
0.48427116640288637|0.0
0.34972069579834997|0.0
0.34972069579834997|0.0
0.34972069579834997|0.0
0.34972069579834997|0.0
0.34972069579834997|0.0
0.34972069579834997|0.0
0.34972069579834997|0.0
0.34972069579834997|0.0
0.34972069579834997|0.0
0.34972069579834997|0.0
0.34972069579834997|0.0
0.3986309412202371|0.0
0.34972069579834997|0.0
0.34972069579834997|0.0
0.34972069579834997|0.0
0.34972069579834997|0.0
0.34972069579834997|0.0
0.34972069579834997|0.0
0.34972069579834997|0.0
0.34972069579834997|0.0
0.34972069579834997|0.0
0.34972069579834997|0.0
0.34972069579834997|0.0
0.34972069579834997|0.0
0.34972069579834997|0.0
0.34972069579834997|0.0
0.34972069579834997|0.0
0.34972069579834997|0.0
0.34972069579834997|0.0
0.34972069579834997|0.0
0.34972069579834997|0.0
0.34972069579834997|0.0
0.34972069579834997|0.0
0.34972069579834997|0.0
0.34972069579834997|0.0
0.34972069579834997|0.0
0.34972069579834997|0.0
