PredictedProbability|PredictedLabel
0.2856558895890877|0.0
0.3278699336139329|0.0
0.3614320283441552|0.0
0.5523694839557873|1.0
0.49535640592805025|0.0
0.5710390744830044|1.0
0.5892804955847091|1.0
0.3357902737556633|0.0
0.3342398642284742|0.0
0.28746867340353094|0.0
0.28746867340353094|0.0
0.3306201407198598|0.0
0.3785153916117689|0.0
0.5059586893583901|1.0
0.4408654987069981|0.0
0.3478516773437427|0.0
0.3463012678165536|0.0
0.2674552835043707|0.0
0.2674552835043707|0.0
0.2674552835043707|0.0
0.2674552835043707|0.0
0.2674552835043707|0.0
0.2674552835043707|0.0
0.2674552835043707|0.0
0.27761268888573715|0.0
0.27761268888573715|0.0
0.27761268888573715|0.0
0.2674552835043707|0.0
0.2674552835043707|0.0
0.2674552835043707|0.0
0.2674552835043707|0.0
0.2674552835043707|0.0
0.2674552835043707|0.0
0.2674552835043707|0.0
0.2674552835043707|0.0
0.2674552835043707|0.0
0.2674552835043707|0.0
0.2674552835043707|0.0
0.3096693275292159|0.0
0.36921672222656693|0.0
0.5972710582216914|1.0
0.4798491657604148|0.0
0.3478516773437427|0.0
0.3463012678165536|0.0
0.2674552835043707|0.0
0.3028107373421912|0.0
0.3028107373421912|0.0
0.2674552835043707|0.0
0.2674552835043707|0.0
0.3237494848863453|0.0
0.3237494848863453|0.0
0.3639179535988141|0.0
0.4164493937826565|0.0
0.4164493937826565|0.0
0.4164493937826565|0.0
0.4164493937826565|0.0
0.4164493937826565|0.0
0.4164493937826565|0.0
0.4078218899951561|0.0
0.4078218899951561|0.0
0.4078218899951561|0.0
0.35152768861318157|0.0
0.37959803396531805|0.0
0.2868981250690068|0.0
0.30564647435567877|0.0
0.30564647435567877|0.0
0.30564647435567877|0.0
0.30564647435567877|0.0
0.30564647435567877|0.0
0.30564647435567877|0.0
0.30564647435567877|0.0
0.3142739781431792|0.0
0.30564647435567877|0.0
0.3142739781431792|0.0
0.3142739781431792|0.0
0.3142739781431792|0.0
0.3142739781431792|0.0
0.3142739781431792|0.0
0.32443138352454565|0.0
0.3142739781431792|0.0
0.3142739781431792|0.0
0.3142739781431792|0.0
0.3142739781431792|0.0
0.3142739781431792|0.0
0.3142739781431792|0.0
0.3142739781431792|0.0
0.3842775165619903|0.0
0.30960528151259187|0.0
0.31364182181972533|0.0
0.3768035398454913|0.0
0.3746721061517004|0.0
0.3447214939653292|0.0
0.3768035398454913|0.0
0.3746721061517004|0.0
0.3768035398454913|0.0
0.4067541520318625|0.0
0.3746721061517004|0.0
0.3447214939653292|0.0
