PredictedProbability|PredictedLabel
0.37071809692311936|0.0
0.3172766389813722|0.0
0.3172766389813722|0.0
0.2777925267015088|0.0
0.23557792258776114|0.0
0.23557792258776114|0.0
0.29152473392328043|0.0
0.29186954736424237|0.0
0.30067699450076774|0.0
0.3206764434599944|0.0
0.40094408646917684|0.0
0.40094408646917684|0.0
0.36289104757374213|0.0
0.36912720604256727|0.0
0.37793465317909264|0.0
0.3679734168188946|0.0
0.36912720604256727|0.0
0.3924778751863907|0.0
0.37793465317909264|0.0
0.40163780893178325|0.0
0.3924778751863907|0.0
0.40163780893178325|0.0
0.3924778751863907|0.0
0.4197965773062955|0.0
0.37793465317909264|0.0
0.4204902997689019|0.0
0.36946844189630645|0.0
0.37793465317909264|0.0
0.37793465317909264|0.0
0.3883209327334251|0.0
0.37793465317909264|0.0
0.37793465317909264|0.0
0.3749365893551734|0.0
0.378527724000984|0.0
0.3266545335140576|0.0
0.3081949753227055|0.0
0.352994326499567|0.0
0.3971007440820594|0.0
0.3660159101493642|0.0
0.3660159101493642|0.0
0.3200675417229023|0.0
0.27596112414040974|0.0
0.3597908121902591|0.0
0.3597908121902591|0.0
0.363978743229058|0.0
0.363978743229058|0.0
0.31123388911190386|0.0
0.3123188246070493|0.0
0.2659803712089578|0.0
0.2659803712089578|0.0
0.25202170109875277|0.0
0.25202170109875277|0.0
0.29727521900169884|0.0
0.25202170109875277|0.0
0.25202170109875277|0.0
0.27312858966610265|0.0
0.27312858966610265|0.0
