PredictedProbability|PredictedLabel
0.49618472814730835|0.0
0.49618472814730835|0.0
0.5355182220706898|1.0
0.49618472814730835|0.0
0.49618472814730835|0.0
0.5355182220706898|1.0
0.49618472814730835|0.0
0.5159107503623985|1.0
0.5159107503623985|1.0
0.49618472814730835|0.0
0.49618472814730835|0.0
0.49618472814730835|0.0
0.49618472814730835|0.0
0.49618472814730835|0.0
0.49618472814730835|0.0
0.5791842153795768|1.0
0.5432893364322856|1.0
0.5138858878611388|1.0
0.5138858878611388|1.0
0.5044232237499727|1.0
