PredictedProbability|PredictedLabel
0.0698016519750814|1.0
0.033018502782705066|1.0
0.003306859504257262|1.0
0.008879092795929832|1.0
0.07388389772730791|1.0
0.07773256448608969|1.0
0.01082126337910826|1.0
0.013039676790953917|1.0
0.07773256448608969|1.0
0.07773256448608969|1.0
0.02722987203476976|1.0
0.0013760349362725507|1.0
0.003341094228937965|1.0
0.07773256448608969|1.0
0.011657326696064275|1.0
0.011949427409847028|1.0
0.07778032444395896|1.0
0.07773256448608969|1.0
0.07773551257713732|1.0
0.07759579448778593|1.0
0.07773256448608969|1.0
0.07773256448608969|1.0
0.07467561485637382|1.0
0.07580295369323334|1.0
0.07773256448608969|1.0
0.07773256448608969|1.0
0.04316710936689167|1.0
0.04206749019938821|1.0
0.07750362140008181|1.0
0.07776042270360974|1.0
0.011790499428122086|1.0
0.013917575973365142|1.0
0.07773256448608969|1.0
0.07773256448608969|1.0
0.07773256448608969|1.0
0.012631725327490208|1.0
