PredictedProbability|PredictedLabel
0.039089233218818104|1.0
0.01193191361934136|1.0
0.004158024633910233|1.0
0.0026490938545849006|1.0
0.0008858028840712627|1.0
0.00018982894500270715|0.0
0.00014112219816944316|0.0
0.0012735667508678916|1.0
0.012508797416942729|1.0
0.0012795465905437399|1.0
0.0023160255383431077|1.0
0.04949975007750967|1.0
0.046394317759186385|1.0
0.02487851308416535|1.0
0.030228652355355726|1.0
0.013190127020288761|1.0
0.008844115243317498|1.0
0.01222790242062368|1.0
0.006455101545830275|1.0
0.004667906435680555|1.0
0.004277410550521076|1.0
0.006619256732787074|1.0
0.020639441963806328|1.0
0.021422422169015486|1.0
0.026316356764826812|1.0
0.02626344173513592|1.0
0.022255726984440713|1.0
0.014520994363969022|1.0
0.01169734493611135|1.0
0.0212702805756872|1.0
0.020482966158420143|1.0
0.021390476214915778|1.0
0.01931866766353706|1.0
0.003283378579037457|1.0
0.0005092659719399169|1.0
0.0007232346283489767|1.0
0.000760403209117837|1.0
0.0007503005027722374|1.0
0.002131884793640111|1.0
0.005093394916871416|1.0
0.002927793842281252|1.0
0.0010975127191357272|1.0
0.0020822382684811095|1.0
0.0021836767076804865|1.0
0.0034361660158693835|1.0
