PredictedProbability|PredictedLabel
0.003551451424910078|1.0
0.002592085037172239|1.0
0.0023951175432053683|1.0
0.0030305291484517866|1.0
0.003243652300921377|1.0
0.002742202817733647|1.0
0.0026225933723916925|1.0
0.0031648467571511055|1.0
0.003471171667970237|1.0
0.0030050743671640114|1.0
0.00284335221705069|1.0
0.0028760979096597414|1.0
0.003063048294419614|1.0
0.003180048277451392|1.0
0.0029895844049217446|1.0
0.0028321784293091723|1.0
0.002876484303326723|1.0
0.0029331081379701464|1.0
0.0029335637161789956|1.0
0.002723703421367164|1.0
0.002358805184649738|1.0
0.0023485940183714613|1.0
0.0027831374669352008|1.0
0.0025795667084378246|1.0
0.002398963560185843|1.0
0.0026258545629417097|1.0
0.002709024164103865|1.0
0.002862822771902188|1.0
0.002927700801980998|1.0
0.002784493765941967|1.0
0.002614876557284773|1.0
0.0025977759804727972|1.0
0.0025756322742872227|1.0
0.002645697846415411|1.0
0.0024912342480843627|1.0
0.002479967064146357|1.0
0.0025045504814992796|1.0
0.002541290578323081|1.0
0.002615075001009438|1.0
0.0025135297070960527|1.0
0.0024373539871634783|1.0
0.0026129766464804286|1.0
0.002745110637083364|1.0
0.0031027513928446756|1.0
0.0030412031470557345|1.0
0.002989315751006029|1.0
0.003615823863533955|1.0
0.0034255967592591256|1.0
0.0034408088048628192|1.0
0.0034941104047796333|1.0
0.0035989120145956837|1.0
0.003471884848634342|1.0
0.003203695314749793|1.0
