PredictedProbability|PredictedLabel
0.004790415988868377|1.0
0.0044983486498188065|1.0
0.004289635791278845|1.0
0.004253454107508695|1.0
0.004284897329438954|1.0
0.0044175386187651116|1.0
0.004354189019086358|1.0
0.004394986171839479|1.0
0.004392841950368183|1.0
0.00405010319360128|1.0
0.0037974883132380023|1.0
0.003937915128736847|1.0
0.0036604351904775483|1.0
0.0037079573397300783|1.0
0.0038952790175206726|1.0
0.0038372599603505265|1.0
0.0041797764388345066|1.0
0.004076923895792683|1.0
0.004061023159381881|1.0
0.00430375542728832|1.0
0.004198980044833949|1.0
0.004065883599053949|1.0
