PredictedProbability|PredictedLabel
0.0030095309676084862|1.0
0.0025847235727657477|1.0
0.002114118394440746|1.0
0.0020323304813632545|1.0
0.002030944418227062|1.0
0.0023038808434786722|1.0
0.002480544301687696|1.0
0.002224572996448283|1.0
0.0024585316552223784|1.0
0.0026521016687833907|1.0
0.002979160424128127|1.0
0.0028310110884006722|1.0
0.0027742293155027394|1.0
0.00309579718492914|1.0
0.0029847406541953195|1.0
0.0025587730437258544|1.0
0.0024937448006375523|1.0
0.0019595963374726692|1.0
0.001963391997635107|1.0
0.0026335161303311155|1.0
0.002533554302733119|1.0
0.001612121775110134|1.0
0.001746840783663874|1.0
0.0022452238083642893|1.0
0.0024780310723974937|1.0
