PredictedProbability|PredictedLabel
0.05902137160979634|1.0
5.381891144281046e-05|0.0
7.072548370019001e-05|0.0
0.0013467550265874831|1.0
0.0005438482375043077|1.0
0.0020613109440335|1.0
0.002817776411434562|1.0
0.007894317098492108|1.0
0.007288160795301819|1.0
0.00045723059628890723|1.0
0.0005087746755635907|1.0
0.009878580247734671|1.0
0.01137849114006713|1.0
0.025224217782393147|1.0
0.023492361546196498|1.0
1.9606829795036148e-06|0.0
2.1045145136803982e-06|0.0
0.007918273316620898|1.0
0.0006359183177264522|1.0
0.000753407767592226|1.0
0.001949210376840997|1.0
0.006891919815713436|1.0
0.02183375326860766|1.0
