PredictedProbability|PredictedLabel
0.0030239679518311306|1.0
0.0030610148294978497|1.0
0.0021830627891356214|1.0
0.0015918906513164859|1.0
0.0017813233564210182|1.0
0.0025393861831203676|1.0
0.0023668417042639104|1.0
0.0022837812489800106|1.0
0.00250606830469582|1.0
0.00253926747273285|1.0
0.002397775829989699|1.0
0.0020672847648561554|1.0
0.0021256150180689218|1.0
0.0025305859715876126|1.0
0.002377443820883974|1.0
0.002510794574274173|1.0
0.0026167713036494996|1.0
0.002657605009472626|1.0
0.0025676731456223856|1.0
0.0025835396706212314|1.0
0.002571373364725302|1.0
0.0025600847333346294|1.0
0.0025636701479596256|1.0
