PredictedProbability|PredictedLabel
0.06065504046326895|1.0
0.04465820886616212|1.0
0.016051349428158095|1.0
0.008492771200804812|1.0
0.01074791524412113|1.0
0.027280829531455972|1.0
0.021258412167580527|1.0
0.02185377279741437|1.0
0.023242645284878728|1.0
0.017003428630590883|1.0
0.018157723431714005|1.0
0.05045237517243261|1.0
0.02229636360033884|1.0
0.007273115988626065|1.0
0.012422315064798524|1.0
0.03020255696213757|1.0
0.05144215440605808|1.0
0.044539666892039594|1.0
0.03961137174953125|1.0
0.040782374645175014|1.0
0.01465016056174924|1.0
0.011931474741334845|1.0
0.027514715521487106|1.0
0.02427569584101014|1.0
0.02427245930173637|1.0
0.011083357745118688|1.0
0.00965404590104733|1.0
0.017297082973144574|1.0
0.00956539441780897|1.0
0.006653948715701741|1.0
0.019149216409366447|1.0
0.02013998543493048|1.0
0.01370023330075754|1.0
0.0144500647054657|1.0
0.02674084300771197|1.0
0.022429985856073576|1.0
0.031745176597971485|1.0
0.030172824284418556|1.0
0.02420427212079517|1.0
0.02494898298099533|1.0
0.009693838974792755|1.0
0.009901767768438822|1.0
0.03130902575933693|1.0
0.016884276765944742|1.0
0.018506084599549354|1.0
0.033059612465219095|1.0
0.03158066779808119|1.0
