PredictedProbability|PredictedLabel
0.0029386082088339|1.0
0.0028109657968291213|1.0
0.0026429984301969927|1.0
0.002646711256327834|1.0
0.0027615220623299444|1.0
0.0028514077669538535|1.0
0.002869377011132794|1.0
0.0029255973974575515|1.0
0.002890898559858917|1.0
0.0027684067916140262|1.0
0.0027869086132046085|1.0
0.0026323588242223458|1.0
0.0025947284826613173|1.0
0.002601937894058281|1.0
0.0027409411963603965|1.0
0.002732462240359992|1.0
0.0026308261136202063|1.0
0.0023794942269235514|1.0
0.002467444376922064|1.0
0.0027735703508261996|1.0
