PredictedProbability|PredictedLabel
0.058688380314872494|1.0
0.01724276960100047|1.0
0.005006439784843432|1.0
0.005203673544250367|1.0
0.005436378579285639|1.0
0.004479153128221564|1.0
0.006428742146398316|1.0
0.009255497752783951|1.0
0.015922791280274504|1.0
0.012188727203585634|1.0
0.0084522070014421|1.0
0.013613982024939431|1.0
0.027725605065552144|1.0
0.007884473263735049|1.0
0.00386268257163475|1.0
0.011828109977155872|1.0
0.008972439042278119|1.0
0.006021244115823935|1.0
0.009358680784322603|1.0
0.010288436273206565|1.0
0.015131107311198563|1.0
0.01768259149181819|1.0
0.014272129912567055|1.0
0.01311094377148571|1.0
0.00993747305681226|1.0
0.012042707912387764|1.0
0.009002497928830164|1.0
0.011807217911670673|1.0
0.02422060741662805|1.0
0.03442879071653228|1.0
0.01611419955936263|1.0
0.0022494699660214365|1.0
0.0006464130790652863|1.0
0.0018289937188879868|1.0
0.0019028306413327797|1.0
0.0017414181687058846|1.0
0.0019723473887539008|1.0
0.002798074925049911|1.0
0.012337693127324162|1.0
0.006996604009304221|1.0
0.0012307129819196484|1.0
0.0011379518981956224|1.0
0.001432736685414205|1.0
0.0011801173313613783|1.0
0.015878725995081007|1.0
0.03376692719432849|1.0
