PredictedProbability|PredictedLabel
0.004447435971511852|1.0
0.004448736646398223|1.0
0.0038820977961330234|1.0
0.0036749326741014423|1.0
0.00412937699660564|1.0
0.004129659021655448|1.0
0.004293208993824045|1.0
0.004315582317904612|1.0
0.004287940479582255|1.0
0.004246594035241395|1.0
0.004332663346425493|1.0
0.0038239928476701862|1.0
0.003837040337178928|1.0
0.003747167169221713|1.0
0.0038701161708773165|1.0
0.0035555796095559722|1.0
0.0036817754098407876|1.0
0.004365234130580523|1.0
0.003471253077369149|1.0
0.003679682729223018|1.0
0.004381244142319351|1.0
0.004408621557804929|1.0
