PredictedProbability|PredictedLabel
0.058810407595525846|1.0
0.002297275793975452|1.0
0.0003574340769956425|1.0
0.000336868125624156|1.0
0.0013517771653829822|1.0
0.021433088104422078|1.0
0.0076240848396092725|1.0
0.009817593274882878|1.0
0.05243365959062556|1.0
0.015281580411421521|1.0
0.008862263670378016|1.0
0.019213557794888644|1.0
0.013731762599215765|1.0
0.019826411507650774|1.0
0.025671964202667583|1.0
0.020226436000750338|1.0
0.02898169254219978|1.0
0.03608860486358844|1.0
0.022405264985137424|1.0
0.023143728302028023|1.0
0.03439601571081517|1.0
0.01979375890641397|1.0
0.00394924223192307|1.0
0.0014193959644888852|1.0
0.004539365196502093|1.0
0.019955326762662116|1.0
0.02969312682892283|1.0
0.022481580967005036|1.0
