PredictedProbability|PredictedLabel
0.049286841171497314|1.0
0.028588179482557152|1.0
0.0070525108193995965|1.0
0.006056812433863992|1.0
0.008682393029611326|1.0
0.009194111018264419|1.0
0.007461375985872295|1.0
0.002816927864848747|1.0
0.0016954427613832858|1.0
0.005134005156057295|1.0
0.012135536359041948|1.0
0.00256183838785502|1.0
0.0015595949744372014|1.0
0.0051893346907940785|1.0
0.0175980716595895|1.0
0.03903890287276401|1.0
0.014311081498495356|1.0
0.006804544615369584|1.0
0.0010772125405999057|1.0
0.001295109367701677|1.0
0.004666110390871855|1.0
0.0022666287688730942|1.0
0.002796194314331357|1.0
0.011771564747405832|1.0
0.006477701051147382|1.0
0.0066941649047967235|1.0
0.018610927234414338|1.0
0.022467638265853095|1.0
0.009932775280212169|1.0
0.004813444987693075|1.0
0.006545148604485522|1.0
0.005391820160234292|1.0
0.0066108702852499925|1.0
0.004488051346002006|1.0
0.00529469031817763|1.0
