PredictedProbability|PredictedLabel
0.0030836337110733553|1.0
0.002860498743921481|1.0
0.002180871552082899|1.0
0.0017299996914619644|1.0
0.0020986122533893504|1.0
0.0029100221514882117|1.0
0.0026092112982377576|1.0
0.002243864330299557|1.0
0.002026300400266079|1.0
0.002083392765287722|1.0
0.0020968341614811935|1.0
0.0026691092991544376|1.0
0.002869877682028207|1.0
0.0022331691021695178|1.0
0.0023629972770370915|1.0
0.0022718651238154775|1.0
0.0019592103528266198|1.0
0.0020821390142036567|1.0
0.0025369710764277407|1.0
0.002191838577058407|1.0
0.0021338682194590596|1.0
0.002562661631505618|1.0
0.002768767204434757|1.0
0.002694240149472531|1.0
0.0024426958534114417|1.0
0.0023067841413287947|1.0
0.002609822058434325|1.0
0.0027384592957700993|1.0
0.0026518738990031644|1.0
0.0027349493198774075|1.0
0.002459410261982005|1.0
0.002361112701598791|1.0
0.002377745563773778|1.0
0.002441747582638774|1.0
0.002713313356209611|1.0
0.0028258413430813085|1.0
0.0028779878243559574|1.0
0.0028179621207387972|1.0
0.002645384220918376|1.0
0.0028231575708076604|1.0
0.002851325729273342|1.0
0.002317304076797652|1.0
0.002425923737414747|1.0
0.0031698417203767093|1.0
0.00308364409119677|1.0
0.0028786541871372528|1.0
