PredictedProbability|PredictedLabel
0.010230954938828725|0.0
0.0292591240385905|0.0
0.007620485706571918|0.0
0.007126366621238679|0.0
0.006843578159987733|0.0
0.019352732360491936|0.0
0.02103564025283442|0.0
0.009813825369841218|0.0
0.019473776599174108|0.0
0.01627411506934373|0.0
0.020799800992446927|0.0
0.020976311025489445|0.0
0.020155085716661837|0.0
0.020155085716661837|0.0
0.020155085716661837|0.0
0.019467887558403115|0.0
0.020155085716661837|0.0
0.020155085716661837|0.0
0.020155085716661837|0.0
0.020155085716661837|0.0
0.020155085716661837|0.0
0.020155085716661837|0.0
0.02147789513574203|0.0
0.02657632608143721|0.0
0.041958191177273896|0.0
0.11371880364829463|0.0
0.025340350484673327|0.0
0.02387072495894637|0.0
0.018724092781196754|0.0
0.022085118263664664|0.0
0.02726967522468284|0.0
0.038279719362309464|0.0
0.029015359325199247|0.0
0.038279719362309464|0.0
0.05338838367145033|0.0
0.08383123957811464|0.0
0.06593505086342044|0.0
0.04757246722067739|0.0
0.04905029912995497|0.0
0.07850432015256413|0.0
0.13039215532881068|0.0
0.05736259516795575|0.0
0.028942089985121957|0.0
0.029771768728740274|0.0
0.0341436662600465|0.0
0.021197671288998396|0.0
0.009837689875354525|0.0
0.006618396560119386|0.0
0.006135991233907694|0.0
0.006135991233907694|0.0
0.006544851572158226|0.0
0.006335166987159035|0.0
0.007059172765828224|0.0
