PredictedProbability|PredictedLabel
0.008544701583567339|0.0
0.00743219028650267|0.0
0.008330698398852348|0.0
0.00862909233295555|0.0
0.008937178440587642|0.0
0.009817494645914714|0.0
0.009131195220472805|0.0
0.01773298259978228|0.0
0.021684594084293997|0.0
0.01979578802056747|0.0
0.00838884975387126|0.0
0.00809658015455663|0.0
0.007976379573550343|0.0
0.007698368971483399|0.0
0.007976379573550343|0.0
0.012665757073764331|0.0
0.012792225898763054|0.0
0.012262978697925071|0.0
0.00809658015455663|0.0
0.008300709038497398|0.0
0.009483372866492656|0.0
0.007780764587205096|0.0
0.007945169172827567|0.0
0.007566771003278995|0.0
0.008101435983913443|0.0
0.006968286243983514|0.0
