PredictedProbability|PredictedLabel
0.00944646146190165|0.0
0.010021457950440169|0.0
0.015988664305655733|0.0
0.016957394713691218|0.0
0.017816478499398693|0.0
0.012242419522464333|0.0
0.010526648739093784|0.0
0.011579773141810114|0.0
0.010010126516659733|0.0
0.011579773141810114|0.0
0.00966192161139362|0.0
0.009331173685563165|0.0
0.008937178440587642|0.0
0.01018716885074845|0.0
0.010082690037458313|0.0
0.00966192161139362|0.0
0.008975753265908467|0.0
0.010971707543085055|0.0
0.01230148447454327|0.0
0.010992942803490755|0.0
0.010526648739093784|0.0
0.009813009227247142|0.0
0.009141129775623221|0.0
0.010181214566790976|0.0
0.00944646146190165|0.0
0.00944646146190165|0.0
0.009120980713457428|0.0
0.00944646146190165|0.0
0.011086382610555338|0.0
0.011716798713181464|0.0
0.013376525116256055|0.0
0.010651346787133812|0.0
0.009881240475520865|0.0
0.00944646146190165|0.0
0.008474796907288909|0.0
0.00920320918613837|0.0
0.010651346787133812|0.0
0.009881240475520865|0.0
0.00944646146190165|0.0
0.00944646146190165|0.0
0.00944646146190165|0.0
0.00944646146190165|0.0
0.00944646146190165|0.0
0.00944646146190165|0.0
0.009123021246039946|0.0
0.008937178440587642|0.0
0.010181214566790976|0.0
0.009120980713457428|0.0
