PredictedProbability|PredictedLabel
0.010785883082753436|0.0
0.010114780722848757|0.0
0.010448249484212503|0.0
0.008972398262010555|0.0
0.01041369077636782|0.0
0.010114780722848757|0.0
0.010448249484212503|0.0
0.009658312627506365|0.0
0.010785883082753436|0.0
0.010785883082753436|0.0
0.010785883082753436|0.0
0.010785883082753436|0.0
0.009675628052939032|0.0
0.01041369077636782|0.0
0.010785883082753436|0.0
0.009072972646375976|0.0
0.010087589210189703|0.0
0.010002774415241918|0.0
0.010785883082753436|0.0
0.010785883082753436|0.0
0.010139741073741418|0.0
0.009937474480765632|0.0
0.009107102690234367|0.0
