PredictedProbability|PredictedLabel
0.008027120045718927|0.0
0.007770317836692369|0.0
0.008656908932509854|0.0
0.008001310766526722|0.0
0.013997701026900402|0.0
0.015025775329724685|0.0
0.014009555613685429|0.0
0.007266554640993735|0.0
0.007526363130410397|0.0
0.007266554640993735|0.0
0.007526363130410397|0.0
0.007266554640993735|0.0
0.007526363130410397|0.0
0.007526363130410397|0.0
0.007698368971483399|0.0
0.007529089485684198|0.0
0.007915747994947334|0.0
0.007976379573550343|0.0
0.008201543905654751|0.0
0.008099511379973048|0.0
0.018393574094557004|0.0
0.02991837595749898|0.0
0.01180566264009395|0.0
0.008387710991736085|0.0
0.007698368971483399|0.0
0.007526363130410397|0.0
0.007526363130410397|0.0
0.0077501605171814035|0.0
0.007947854317151835|0.0
0.013345671688491222|0.0
0.013656547876584465|0.0
0.014055437936226416|0.0
0.007502151738285878|0.0
0.008117185302194787|0.0
0.006990786849129949|0.0
0.0072684547553522934|0.0
0.007526363130410397|0.0
0.007698368971483399|0.0
0.007526363130410397|0.0
0.007526363130410397|0.0
