PredictedProbability|PredictedLabel
0.007749379591109847|0.0
0.007217507974254505|0.0
0.007278879780701139|0.0
0.006748659846782638|0.0
0.006515521269749578|0.0
0.006748659846782638|0.0
0.009069103571918539|0.0
0.008586594609537389|0.0
0.006515521269749578|0.0
0.006748659846782638|0.0
0.006748659846782638|0.0
0.007198048548453853|0.0
0.007431441159968558|0.0
0.007811152440068516|0.0
0.007539885495920789|0.0
0.0075283306662887895|0.0
0.006990786849129949|0.0
0.006903015849623302|0.0
0.006748659846782638|0.0
0.006748659846782638|0.0
0.006748659846782638|0.0
0.006515521269749578|0.0
0.006748659846782638|0.0
0.006748659846782638|0.0
0.006949494051765669|0.0
0.00696758354835185|0.0
0.007278879780701139|0.0
0.006748659846782638|0.0
0.006748659846782638|0.0
0.006748659846782638|0.0
0.006748659846782638|0.0
0.007198048548453853|0.0
0.00696758354835185|0.0
0.007278879780701139|0.0
0.006748659846782638|0.0
0.006748659846782638|0.0
0.006949494051765669|0.0
0.007189650504120197|0.0
0.00849514726901279|0.0
0.006748659846782638|0.0
0.006748659846782638|0.0
0.006748659846782638|0.0
0.006748659846782638|0.0
0.006748659846782638|0.0
0.007198048548453853|0.0
0.0076953752192008285|0.0
0.008807699000060069|0.0
0.008380128838399557|0.0
0.007539885495920789|0.0
0.007680185627288841|0.0
0.008381487655660212|0.0
0.008681799398709888|0.0
0.008472046992932284|0.0
0.008472046992932284|0.0
0.008181694473913653|0.0
