PredictedProbability|PredictedLabel
0.008937178440587642|0.0
0.012438315788611595|0.0
0.013626540721471648|0.0
0.009899009639846239|0.0
0.009120062929593041|0.0
0.009123021246039946|0.0
0.008937178440587642|0.0
0.008937178440587642|0.0
0.009259508616354994|0.0
0.009254091469946832|0.0
0.00966192161139362|0.0
0.008182518606272565|0.0
0.008628223613571207|0.0
0.008937178440587642|0.0
0.008937178440587642|0.0
0.008937178440587642|0.0
0.008491629785582494|0.0
0.008090273802989956|0.0
0.013378386016663597|0.0
0.010220850749842116|0.0
0.008383305116948058|0.0
0.006748659846782638|0.0
0.007749379591109847|0.0
0.00743219028650267|0.0
0.007514873460157895|0.0
0.007278879780701139|0.0
0.007481930656177491|0.0
0.0085812337057576|0.0
0.009786978159858193|0.0
0.008912809407548006|0.0
0.008458896478907695|0.0
0.008675368836384995|0.0
0.008726826390660539|0.0
0.008192328187874699|0.0
0.009057396844716514|0.0
0.008442441665021828|0.0
