PredictedProbability|PredictedLabel
0.00812745366400796|0.0
0.00812745366400796|0.0
0.00841589761495678|0.0
0.008010417428410367|0.0
0.007620485706571918|0.0
0.008052224753936217|0.0
0.007535889771675606|0.0
0.008224189787517768|0.0
0.00773583150804681|0.0
0.0075317981433403024|0.0
0.0076056927168616974|0.0
0.008311220736905982|0.0
0.008296599725449678|0.0
0.00841589761495678|0.0
0.008590994688650903|0.0
0.008296599725449678|0.0
0.00812745366400796|0.0
0.007288830248119044|0.0
0.007288095465437847|0.0
0.007546977188047796|0.0
0.007704136385899924|0.0
0.007704136385899924|0.0
0.007704136385899924|0.0
0.00825093822767397|0.0
0.00878536101206626|0.0
0.014543731535491431|0.0
0.009278546249754568|0.0
0.010365677936035224|0.0
0.009248068357227487|0.0
0.00916268575985343|0.0
0.00861381909166818|0.0
0.008081955663978471|0.0
0.008864340240170805|0.0
