PredictedProbability|PredictedLabel
0.02277211847778976|0.0
0.011624799647962212|0.0
0.023572234169160326|0.0
0.07354527045167117|0.0
0.07526846440523083|0.0
0.08360103351619064|0.0
0.02943767967759909|0.0
0.022126646354743228|0.0
0.016117202012709737|0.0
0.01424432714924512|0.0
0.010331921599798401|0.0
0.01950962018028778|0.0
0.01942193176487492|0.0
0.02003353243846887|0.0
0.01207775255141171|0.0
0.012827145313741786|0.0
0.00873948072738876|0.0
0.008630457256630364|0.0
0.008889014977513834|0.0
0.010519840183458896|0.0
0.010986532824401665|0.0
0.00931008832361543|0.0
0.013344904959282566|0.0
0.011706196636046346|0.0
0.028965739395820617|0.0
0.025119582334350844|0.0
0.021797790310113817|0.0
0.00834658566542603|0.0
0.00898509218817441|0.0
0.008708932466422391|0.0
0.008566279666486081|0.0
0.030286331058788453|0.0
0.03535384744719664|0.0
0.02022928249038152|0.0
0.008014872098432544|0.0
0.007514873460157895|0.0
0.008069293221846454|0.0
0.008586260389195757|0.0
0.009254091469946832|0.0
0.009331173685563165|0.0
0.00953468654127128|0.0
0.010380754897431276|0.0
0.013495974928087469|0.0
0.011649408871367856|0.0
0.014473538771897401|0.0
0.013604874847192774|0.0
0.012941047084550794|0.0
0.009348738624633509|0.0
0.008857473333049036|0.0
0.010022400853629505|0.0
