PredictedProbability|PredictedLabel
0.01616253418293729|0.0
0.014675929940985209|0.0
0.15232008570420663|0.0
0.9948796086191353|1.0
0.008009610489870112|0.0
0.007288830248119044|0.0
0.007846269099231775|0.0
0.007549429123187051|0.0
0.00981714098127901|0.0
0.008147650138336873|0.0
0.007880172759419117|0.0
0.009449102937886136|0.0
0.008770189985343816|0.0
0.009126638385975609|0.0
0.010354517760686263|0.0
0.009284891399212286|0.0
0.009869346107822056|0.0
0.009084181687495958|0.0
0.010534699759071503|0.0
0.011539005292042196|0.0
0.009553386248955872|0.0
0.008489128894513545|0.0
0.008850893130383015|0.0
0.00848605787226118|0.0
0.009593685320643183|0.0
0.009556839804044395|0.0
0.009574306254137306|0.0
0.009574306254137306|0.0
0.009574306254137306|0.0
0.008927875461329513|0.0
0.009379357452042663|0.0
0.013023746396518753|0.0
0.9979266267788808|1.0
0.9953513504836362|1.0
0.009104083672875053|0.0
0.010774711062071491|0.0
0.010222284139825141|0.0
0.009650276000642753|0.0
0.010222284139825141|0.0
0.009787161189957434|0.0
0.009991055290970325|0.0
0.008655021499853458|0.0
0.014447028353243914|0.0
0.015603814358277743|0.0
0.012825276069483782|0.0
0.010510176165746721|0.0
0.009496701699614292|0.0
