PredictedProbability|PredictedLabel
0.008937178440587642|0.0
0.036430432691082905|0.0
0.031637097310776255|0.0
0.030561380016309883|0.0
0.011832270414405422|0.0
0.013226506779555074|0.0
0.011249049469823217|0.0
0.010295575228059031|0.0
0.009892484181169399|0.0
0.011565520578382877|0.0
0.010530196553003319|0.0
0.011340536082777087|0.0
0.010566603973185727|0.0
0.01154523942069262|0.0
0.008937178440587642|0.0
0.009221436305102075|0.0
0.012443712579828894|0.0
0.01453688605313134|0.0
0.014995614080865735|0.0
0.01102453041572431|0.0
0.009548332026775495|0.0
0.010295575228059031|0.0
0.009254091469946832|0.0
0.011173719825647873|0.0
0.01020520599505023|0.0
0.013298785615276547|0.0
0.010337948239558256|0.0
0.01929583083160694|0.0
0.014730021318856234|0.0
0.012361569162239629|0.0
0.009548332026775495|0.0
0.009207388981224317|0.0
0.01030920164011655|0.0
0.011290785935116067|0.0
0.010909348419006454|0.0
0.009396760551614133|0.0
0.009968998945646195|0.0
0.010666370349219384|0.0
0.011881656138712426|0.0
0.011275574322548334|0.0
