PredictedProbability|PredictedLabel
0.009120062929593041|0.0
0.01396312432532995|0.0
0.013243607581525691|0.0
0.011742995769818566|0.0
0.01599902913541048|0.0
0.008474796907288909|0.0
0.008628223613571207|0.0
0.012438315788611595|0.0
0.011640176694133461|0.0
0.00942180389465557|0.0
0.008014872098432544|0.0
0.008628223613571207|0.0
0.008302048282865477|0.0
0.008014872098432544|0.0
0.008628223613571207|0.0
0.008302048282865477|0.0
0.008934279843907307|0.0
0.00944646146190165|0.0
0.008474796907288909|0.0
0.008299353953046385|0.0
0.009120062929593041|0.0
0.009123021246039946|0.0
0.008937178440587642|0.0
0.008302048282865477|0.0
0.009131708082986176|0.0
0.009643326951394764|0.0
0.01003474173911946|0.0
0.01158209606697134|0.0
0.015280331474896222|0.0
0.015389276986283089|0.0
0.009959979915654284|0.0
0.009321557958841317|0.0
0.010634520426139056|0.0
0.011376746497706654|0.0
0.010446373381304603|0.0
0.010609028116613038|0.0
0.010208742931411375|0.0
0.010609028116613038|0.0
0.009988263841068178|0.0
0.010037146076827406|0.0
0.009458519406154291|0.0
0.009643326951394764|0.0
0.009655097543185658|0.0
0.009539695798517777|0.0
0.010609028116613038|0.0
0.009988263841068178|0.0
0.009120980713457428|0.0
0.008474796907288909|0.0
0.008014872098432544|0.0
0.008299353953046385|0.0
0.008472046992932284|0.0
0.008472046992932284|0.0
0.008472046992932284|0.0
0.008472046992932284|0.0
