PredictedProbability|PredictedLabel
0.008472046992932284|0.0
0.008472046992932284|0.0
0.008179862748401996|0.0
0.008472046992932284|0.0
0.009120062929593041|0.0
0.008474796907288909|0.0
0.008013077419528378|0.0
0.008741641274948787|0.0
0.008550446606666855|0.0
0.008181694473913653|0.0
0.008013077419528378|0.0
0.008181694473913653|0.0
0.008299353953046385|0.0
0.008181694473913653|0.0
0.007738331863914821|0.0
0.008330698398852348|0.0
0.008302048282865477|0.0
0.008014872098432544|0.0
0.008299353953046385|0.0
0.008179862748401996|0.0
0.008181694473913653|0.0
