PredictedProbability|PredictedLabel
0.011337318821673468|0.0
0.009565789421899567|0.0
0.00976595695937684|0.0
0.012127382154401196|0.0
0.011006726095622872|0.0
0.01215844738262548|0.0
0.010642835422689437|0.0
0.010362986786537525|0.0
0.015500042012208818|0.0
0.013659944625423425|0.0
0.011773907242912865|0.0
0.008914510481006924|0.0
0.010997004117508756|0.0
0.01037826310528164|0.0
0.013035135516110711|0.0
0.014680313167473678|0.0
0.01742615636875607|0.0
0.014680313167473678|0.0
0.011736537645328327|0.0
0.010526648739093784|0.0
0.011321119446677222|0.0
0.014690963459219506|0.0
0.02251011397891625|0.0
0.0434811334894664|0.0
0.04247902614489199|0.0
0.03866100230005424|0.0
0.017371323256857498|0.0
0.014417895669113154|0.0
0.015607103254836226|0.0
0.013188757010929456|0.0
0.01448795912936209|0.0
0.017433184478091713|0.0
0.017700541605214237|0.0
0.0120099207788584|0.0
0.011065539614049723|0.0
0.012051038260779532|0.0
0.012411738946887196|0.0
0.024059529351650517|0.0
0.023675472703489076|0.0
0.01811194773167167|0.0
0.011034873509558457|0.0
0.011614226847340894|0.0
0.013074877280828222|0.0
0.013256535039746583|0.0
