PredictedProbability|PredictedLabel
0.008628223613571207|0.0
0.008302048282865477|0.0
0.008014872098432544|0.0
0.008014872098432544|0.0
0.008299353953046385|0.0
0.0076713692935166874|0.0
0.007763299508617325|0.0
0.007431441159968558|0.0
0.007514873460157895|0.0
0.007278879780701139|0.0
0.006748659846782638|0.0
0.006748659846782638|0.0
0.006748659846782638|0.0
0.007198048548453853|0.0
0.00696758354835185|0.0
0.007278879780701139|0.0
0.006748659846782638|0.0
0.007198048548453853|0.0
0.00800050473795775|0.0
0.00867746179815498|0.0
0.007696898160796513|0.0
0.006515521269749578|0.0
0.007427405817831355|0.0
0.007500283936880472|0.0
0.008299353953046385|0.0
0.009510866701834335|0.0
0.010676183691274937|0.0
0.010608189860157121|0.0
0.010008557811190673|0.0
0.008472046992932284|0.0
0.008472046992932284|0.0
0.008472046992932284|0.0
0.008472046992932284|0.0
0.008181694473913653|0.0
0.008014872098432544|0.0
0.008014872098432544|0.0
0.008014872098432544|0.0
0.008014872098432544|0.0
0.008934279843907307|0.0
0.008775459032873193|0.0
0.009321557958841317|0.0
0.008472046992932284|0.0
0.008472046992932284|0.0
0.008472046992932284|0.0
0.008472046992932284|0.0
0.008807699000060069|0.0
0.008937178440587642|0.0
0.009254091469946832|0.0
0.008775459032873193|0.0
0.008805728368369566|0.0
0.008775459032873193|0.0
0.008472046992932284|0.0
