PredictedProbability|PredictedLabel
0.009497079398958335|0.0
0.010129881018827107|0.0
0.009379219762973573|0.0
0.009407744286893715|0.0
0.009243395876661622|0.0
0.009706822480928044|0.0
0.015506976255218023|0.0
0.015167829666361599|0.0
0.014048493279191013|0.0
0.012349793534310816|0.0
0.010264434807464131|0.0
0.010811289869313298|0.0
0.0167166289749241|0.0
0.015981777151522845|0.0
0.012137135104609901|0.0
0.012703152241780757|0.0
0.013892839179231896|0.0
0.01262401610582731|0.0
0.010947981796936734|0.0
0.009417620182145233|0.0
