PredictedProbability|PredictedLabel
0.46308926247098964|0.0
0.4975725572113907|0.0
0.4710127746161038|0.0
0.44522906602021267|0.0
0.43732713480784857|0.0
0.44465648473543734|0.0
0.43806866610273365|0.0
0.4058480458967747|0.0
0.41237788251221796|0.0
0.40491076638111284|0.0
0.40289924227125284|0.0
0.40289924227125284|0.0
0.40289924227125284|0.0
0.40289924227125284|0.0
0.44275128269445746|0.0
0.4651188808317095|0.0
0.4651188808317095|0.0
0.4651188808317095|0.0
0.4046306399994778|0.0
0.37994971476522493|0.0
0.37994971476522493|0.0
0.37994971476522493|0.0
0.38120535284682017|0.0
