PredictedProbability|PredictedLabel
0.20209095319822415|0.0
0.22617779680489222|0.0
0.23771358466462503|0.0
0.23364405822108267|0.0
0.25952866199096075|0.0
0.2664965442278506|0.0
0.2489056699320311|0.0
0.2512460149769979|0.0
0.26438538372738685|0.0
0.26214311957171654|0.0
0.2592017409683943|0.0
0.39083206985967506|0.0
0.354877882451756|0.0
0.4514953212052426|0.0
0.39234228937764415|0.0
0.2959212694128044|0.0
0.2988574821033813|0.0
0.2929251084083114|0.0
0.29839532888127646|0.0
0.30847307508635147|0.0
0.310520929848092|0.0
0.3045696614066732|0.0
0.30748427910729603|0.0
0.309894734198888|0.0
0.33287924684027026|0.0
0.3475377565887891|0.0
0.3519311402094878|0.0
0.3501370454051754|0.0
0.31003800805528786|0.0
0.31963621224430244|0.0
0.34073708520051477|0.0
0.35439195379526434|0.0
0.38707043014441855|0.0
0.4004054244748291|0.0
0.4068360401501333|0.0
0.4342884632779728|0.0
0.44055339234703|0.0
0.43556038191881685|0.0
