PredictedProbability|PredictedLabel
0.46464376729432444|0.0
0.5536929498934363|1.0
0.6017958249388392|1.0
0.5893512072286708|1.0
0.5473065291181008|1.0
0.47984383758532545|0.0
0.4805672969122764|0.0
0.48781084362854665|0.0
0.4685468350458194|0.0
0.4795739053812478|0.0
0.4729386944912714|0.0
0.44233320581673824|0.0
0.4286713828399841|0.0
0.42044052242697355|0.0
0.3668128912670037|0.0
0.36580262068389685|0.0
0.3505509265998028|0.0
0.3282980375993996|0.0
0.3016143942394097|0.0
0.2987678556013682|0.0
0.29703825092919445|0.0
0.30800707180419357|0.0
0.2815752504152891|0.0
0.2805457011926193|0.0
0.30107655899049873|0.0
0.32686082250832116|0.0
0.3601665407381087|0.0
0.37478862358651127|0.0
0.36529459660770564|0.0
0.36505334607086315|0.0
0.3673356183318918|0.0
0.367254214209705|0.0
0.385316729934173|0.0
0.3974739903325951|0.0
0.4047905039677169|0.0
0.39439493942870874|0.0
0.3734565569698127|0.0
0.3506657122138637|0.0
0.373501722074547|0.0
