PredictedProbability|PredictedLabel
0.4628667452053329|0.0
0.5268389265348523|1.0
0.5378962048961096|1.0
0.5336331553015027|1.0
0.5302684070710025|1.0
0.43068609665522206|0.0
0.37226292422692225|0.0
0.40850012973283545|0.0
0.4692753179818401|0.0
0.4955707293790644|0.0
0.4723026135984142|0.0
0.44539993793776855|0.0
0.4446805211434063|0.0
0.4474649546085514|0.0
0.4187090381706409|0.0
0.43149292883662116|0.0
0.4309125525205905|0.0
0.4313572183212108|0.0
0.4108392627149801|0.0
0.377993895457192|0.0
0.35962771640637703|0.0
0.33875387674298946|0.0
0.3163019824303876|0.0
0.3156288739937847|0.0
0.3071520009193359|0.0
0.29627837063600454|0.0
0.3105718504854314|0.0
0.2779247766352869|0.0
0.26212818596573817|0.0
0.2574317393508458|0.0
0.2525161264221699|0.0
0.2833613043469892|0.0
0.30914348324071766|0.0
0.3156255378471023|0.0
0.3313547383283333|0.0
0.3579323109449356|0.0
0.37103011968068894|0.0
0.3744000420517081|0.0
0.3728616432290784|0.0
0.39520144477945635|0.0
0.38977924573045036|0.0
0.3605088610957941|0.0
0.381096950507837|0.0
0.3687286775679716|0.0
0.3580418374785882|0.0
0.35980699729191207|0.0
0.38139914308209943|0.0
0.37424179060827045|0.0
0.34982635669858525|0.0
0.34284090530283423|0.0
