PredictedProbability|PredictedLabel
0.42199971592164076|0.0
0.43692556092323|0.0
0.4683349672246655|0.0
0.4631944886889568|0.0
0.5314831581888577|1.0
0.5057658945702279|1.0
0.43473203386046766|0.0
0.4583059478865446|0.0
0.44592061983648645|0.0
0.45436296470803383|0.0
0.4658507283132881|0.0
0.46166764299212476|0.0
0.446708669491747|0.0
0.5147510969364252|1.0
0.501608931328163|1.0
0.5420934083574395|1.0
0.5155267753546744|1.0
0.5253511180548277|1.0
0.5023966691333868|1.0
0.513051799325026|1.0
0.4724960783468734|0.0
0.4599058767927135|0.0
0.461960164731152|0.0
0.4229597206467506|0.0
0.42959616203352063|0.0
0.4255371453793363|0.0
0.42105353799648265|0.0
0.422788392087994|0.0
0.4095979738925967|0.0
0.4107283666760135|0.0
0.41864580294883075|0.0
0.4001025726164933|0.0
0.3742250583423696|0.0
0.38441377812182165|0.0
0.3865632151960556|0.0
0.5052200960058333|1.0
0.6110944721689876|1.0
0.5986988831059171|1.0
0.6076212376506582|1.0
0.5972363014460125|1.0
0.6206719113592972|1.0
0.6453976588296424|1.0
0.6550065204703006|1.0
0.6562173460513903|1.0
0.6645708007723737|1.0
0.65730417634846|1.0
0.640343867259141|1.0
0.6197947252529536|1.0
0.6640520125568619|1.0
0.66055054171437|1.0
