PredictedProbability|PredictedLabel
0.3143653904933122|0.0
0.4177606790044258|0.0
0.6002950903597934|1.0
0.48635067715717234|0.0
0.4240918174481201|0.0
0.4516888164330283|0.0
0.4304736962014206|0.0
0.4566332134938817|0.0
0.44733112695419813|0.0
0.4407349779224292|0.0
0.45712538232592553|0.0
0.5077166827796881|1.0
0.4883835641440035|0.0
0.44553755009976337|0.0
0.4156795418357497|0.0
0.42546704543510255|0.0
0.38671324507687155|0.0
0.3873112906674127|0.0
0.3619380593589882|0.0
0.3947006271031083|0.0
0.4155243787452079|0.0
0.44254548160220103|0.0
0.397764479709383|0.0
0.38038818413460235|0.0
0.3649738885733752|0.0
0.3388133002240127|0.0
0.364889869744837|0.0
0.3892704851363424|0.0
0.3300070711545171|0.0
0.32191148940484937|0.0
0.32681642105954456|0.0
0.3128471821808302|0.0
0.32187670694867776|0.0
0.33941877705960943|0.0
0.38459506201500254|0.0
0.3530837370124692|0.0
0.367730835194899|0.0
0.3616934486669861|0.0
0.4035605037248376|0.0
0.42955414949881254|0.0
0.4208284514554548|0.0
0.40667015770716125|0.0
0.44503393575697914|0.0
0.4101801378336068|0.0
0.3429988266058392|0.0
0.4326177340667464|0.0
0.4452316361582339|0.0
0.41511383479572356|0.0
0.3703536614444562|0.0
0.2899434158448634|0.0
0.3247400683635077|0.0
0.3268975853889781|0.0
