PredictedProbability|PredictedLabel
0.6193357341859795|1.0
0.6263208921427097|1.0
0.6263208921427097|1.0
0.6263208921427097|1.0
0.6322904194710006|1.0
0.6484195291621423|1.0
0.6484195291621423|1.0
0.6484195291621423|1.0
0.6338866777933898|1.0
0.6297160456505744|1.0
0.6297160456505744|1.0
0.6297160456505744|1.0
0.6281975831628593|1.0
0.6244840708752087|1.0
0.6244840708752087|1.0
0.6244840708752087|1.0
0.5589427698948304|1.0
0.5395185871700307|1.0
0.5395185871700307|1.0
0.5395185871700307|1.0
0.5654125869703582|1.0
0.5697999218351909|1.0
0.5697999218351909|1.0
0.4359753831790621|0.0
0.40389796147066487|0.0
0.4007024592847675|0.0
0.4007024592847675|0.0
0.4007024592847675|0.0
0.40734756732112654|0.0
0.41053759779127813|0.0
