PredictedProbability|PredictedLabel
0.15923032997175848|0.0
0.419310158117197|0.0
0.682904177656438|1.0
0.6450808492934057|1.0
0.8280335203003246|1.0
0.4755416028264644|0.0
0.4890977583719387|0.0
0.4710396773940123|0.0
0.39363736695685997|0.0
0.47847999686439857|0.0
0.4816620370864065|0.0
0.4645128345034213|0.0
0.5096761468576705|1.0
0.4613191669381147|0.0
0.45333551547680256|0.0
0.4472487570445786|0.0
0.40056527186238555|0.0
0.43777523003519964|0.0
0.48427824654521323|0.0
0.5207649991216072|1.0
0.5074497176625282|1.0
0.512353765057076|1.0
0.5109688182305159|1.0
0.5030240019369568|1.0
0.492359868699485|0.0
0.4998414819563787|0.0
0.49159396139732375|0.0
0.42913550671979583|0.0
0.4926805149527312|0.0
0.5200504036312481|1.0
0.5344364763427917|1.0
0.541766670713263|1.0
0.5578308220777782|1.0
0.5297401069785016|1.0
0.5826881075572697|1.0
0.5711766603470441|1.0
0.5684771849877334|1.0
0.5421550728070574|1.0
0.5455215967331876|1.0
0.515371808662693|1.0
0.5127526860708831|1.0
0.5117091948453484|1.0
0.4946152201693488|0.0
