PredictedProbability|PredictedLabel
0.5359257112050771|1.0
0.6196631840704739|1.0
0.544968295972687|1.0
0.47639923841249654|0.0
0.48383469103009347|0.0
0.509523397819619|1.0
0.5514616786528554|1.0
0.536306616205832|1.0
0.5213311051685171|1.0
0.5185972977509041|1.0
0.5402957305852264|1.0
0.5302074175481429|1.0
0.5218863487886601|1.0
0.5395283574538673|1.0
0.5449508727331039|1.0
0.5388107763287757|1.0
0.4821654119172323|0.0
0.526961404328429|1.0
0.5419784809523149|1.0
0.5071225691039487|1.0
0.5107633011766297|1.0
0.5205307488530818|1.0
0.5308000678038947|1.0
0.5721664636073941|1.0
0.5247488630750272|1.0
0.49805786146167746|0.0
0.46086295301903424|0.0
0.46251746821930445|0.0
0.5116143961391515|1.0
0.5055956210117653|1.0
0.5085048496049651|1.0
0.4295626043705217|0.0
0.3724253015892637|0.0
0.3949678816347374|0.0
0.43221457215407294|0.0
0.41617622261051457|0.0
0.3918600993897862|0.0
0.4235951330275655|0.0
0.3970730730348102|0.0
0.3899535232351274|0.0
0.399107166099852|0.0
0.4178451626769268|0.0
0.44748744496304577|0.0
0.4346510156080113|0.0
0.39170796016720427|0.0
0.41981354027358186|0.0
0.40414940991044557|0.0
0.38976175960828585|0.0
0.406370925982865|0.0
0.4149428172700128|0.0
0.3810636314157023|0.0
0.38612740634732257|0.0
0.40771950932511825|0.0
0.42435358019068586|0.0
0.3950255447067126|0.0
0.3918936884966169|0.0
0.35552467234195057|0.0
0.3127890284626221|0.0
