PredictedProbability|PredictedLabel
0.20594368495018053|0.0
0.20737664322039048|0.0
0.20804793121005274|0.0
0.2158868135583032|0.0
0.21627282161195163|0.0
0.21848573922221703|0.0
0.20515839833398508|0.0
0.21269911497873664|0.0
0.2216307454682803|0.0
0.21801363730811166|0.0
0.21102395433449084|0.0
0.20104538340993783|0.0
0.20127123053749785|0.0
0.18923211023313813|0.0
0.2070752539412055|0.0
0.21153586644806835|0.0
0.20826272542950697|0.0
0.22168642651620676|0.0
0.22600945762354682|0.0
0.23246923394040034|0.0
0.22790510436914438|0.0
0.2230961549482794|0.0
0.22764783593261453|0.0
0.23104777385184044|0.0
0.2314014867367321|0.0
0.22753265789588153|0.0
0.23485519081670503|0.0
0.24445152798058026|0.0
0.2415312557833806|0.0
0.22599734983839562|0.0
0.22176526174995864|0.0
0.22420324299320205|0.0
0.21250582462825182|0.0
0.2136744977313068|0.0
0.2136744977313068|0.0
0.21971433736163556|0.0
0.2355549637786032|0.0
0.22670406990030942|0.0
0.21567622577279083|0.0
