PredictedProbability|PredictedLabel
0.26250618346073396|0.0
0.38049400422688157|0.0
0.40817762759100673|0.0
0.4650447621297447|0.0
0.4539946759889912|0.0
0.43934691222567424|0.0
0.4116751223048561|0.0
0.4457156766970722|0.0
0.21105133757663921|0.0
0.20493048511119122|0.0
0.2253947927071701|0.0
0.2306652647615302|0.0
0.21633187593526929|0.0
0.22231344209385634|0.0
0.23480105470678472|0.0
0.2350935922391212|0.0
0.2295172470081053|0.0
0.20832373582690938|0.0
0.2795245729788327|0.0
0.2739770419464886|0.0
0.2521535535371235|0.0
0.2511851527950231|0.0
0.2490413925423285|0.0
0.22925132583787292|0.0
0.2653529473619167|0.0
0.2264573043786821|0.0
0.24086173872088876|0.0
0.24450938813282092|0.0
0.23131172737978833|0.0
0.22542954231610599|0.0
0.2155833236434054|0.0
0.21521696854579644|0.0
0.23715888030116686|0.0
0.2473945427401906|0.0
0.22191897069068964|0.0
0.21562653514589586|0.0
0.2088998629681561|0.0
0.2042403468330775|0.0
