PredictedProbability|PredictedLabel
0.8590418764675278|1.0
0.39128217659213665|0.0
0.46476399118093165|0.0
0.6285663071386824|1.0
0.5089211310152512|1.0
0.4748501035822061|0.0
0.5242648727919682|1.0
0.6486679098120851|1.0
0.6568618312093082|1.0
0.6506935339813181|1.0
0.6775879589401397|1.0
0.6461067416892765|1.0
0.6227071919448628|1.0
0.2129715773309661|0.0
0.5740333996771954|1.0
0.587193851955872|1.0
0.5697925374144418|1.0
0.533823232080719|1.0
0.568234618532617|1.0
0.5449496541488374|1.0
0.5372735474571737|1.0
0.5361133245845509|1.0
0.534949269908231|1.0
0.5736293482087634|1.0
0.5657834447534494|1.0
0.5767742065284459|1.0
0.5349283285763556|1.0
0.5447324150476024|1.0
0.5577245465335346|1.0
0.49069612114605116|0.0
0.42546748981709825|0.0
0.40942491394834285|0.0
0.40131773351032535|0.0
0.4097103468175367|0.0
0.4018374531690436|0.0
0.4130452225484812|0.0
0.40506309155761777|0.0
0.4232027394545926|0.0
0.4629695469913502|0.0
