PredictedProbability|PredictedLabel
0.00866946046103867|1.0
0.006368955010055303|1.0
0.004515296385155403|1.0
0.0035341528937475426|1.0
0.004015522652575189|1.0
0.004289847290364575|1.0
0.0048922394208885155|1.0
0.0060063995725032834|1.0
0.006982385804628433|1.0
0.007186854196926926|1.0
0.007198414046011705|1.0
0.006412259454126706|1.0
0.006410071673906149|1.0
0.006856050844084093|1.0
0.008421120876705613|1.0
0.007967978568163035|1.0
0.007975909212110058|1.0
0.00756592334699128|1.0
0.007823658570826142|1.0
0.007683002280493772|1.0
0.007926768007908975|1.0
0.008319963958257877|1.0
0.005020427710841154|1.0
0.004747805274959596|1.0
0.004943147266660103|1.0
0.007133913593245364|1.0
0.006548521868886138|1.0
0.006668825785527128|1.0
0.007107771196180179|1.0
0.007287066198843768|1.0
0.006881410946751154|1.0
0.007095246949056251|1.0
0.007438265567661772|1.0
0.006649440338474225|1.0
0.007135717678355627|1.0
0.006495550405970503|1.0
0.006767627403405556|1.0
