PredictedProbability|PredictedLabel
0.010462420785814395|1.0
0.006099920791096057|1.0
0.005232408531876846|1.0
0.0036494078010640947|1.0
0.005011451196925612|1.0
0.0053397029683652135|1.0
0.00605160463241239|1.0
0.006666666502348529|1.0
0.0070978497862374725|1.0
0.007945961520541549|1.0
0.007973745180343174|1.0
0.0073557303468645|1.0
0.006520624884090587|1.0
0.006464870650741031|1.0
0.006859207254519138|1.0
0.00411532226708023|1.0
0.003443477086640287|1.0
0.0032497137795774018|1.0
0.003837349908100497|1.0
0.005262677481224688|1.0
0.005424336385629503|1.0
0.006868105995754381|1.0
0.00703915151039379|1.0
4.4339429120985846e-05|0.0
4.4286413007116716e-05|0.0
4.431083981826224e-05|0.0
0.00447656300940233|1.0
0.0037421690934723484|1.0
0.004182657723908175|1.0
0.006742595380933442|1.0
0.00922145510169619|1.0
0.009965800309650715|1.0
0.008667682725256757|1.0
0.004926405845444601|1.0
0.004986231819443771|1.0
0.005263136845616631|1.0
0.005514156830472038|1.0
0.005414179934457445|1.0
0.007351324714394459|1.0
0.008245848263420763|1.0
0.008596493404721873|1.0
0.008727411054687693|1.0
0.008602736516245936|1.0
0.008079533620621237|1.0
0.010406805591086876|1.0
0.008702500647543883|1.0
0.007504035307384048|1.0
0.006633451191982891|1.0
0.006495450490380108|1.0
0.00675665819597149|1.0
0.0067831961247694075|1.0
0.005691926669197509|1.0
0.005594715763152339|1.0
