PredictedProbability|PredictedLabel
0.008111397805349842|1.0
0.006912573082018486|1.0
0.005903130301072273|1.0
0.003900923872387444|1.0
0.002818018162152668|1.0
0.003806881872687754|1.0
0.004318967142569658|1.0
0.006887034438110528|1.0
0.007081729980682553|1.0
0.007347443748605843|1.0
0.006551058792628776|1.0
0.005560861139873881|1.0
0.0055145666124888516|1.0
0.004949667572637819|1.0
0.0060499075157147905|1.0
0.0046546298689494805|1.0
0.00555342896250681|1.0
0.00685051923100353|1.0
0.006943549701220664|1.0
0.006301573018225274|1.0
0.005035468974799948|1.0
0.003277933163073389|1.0
0.003407306921253453|1.0
0.0026965102483915947|1.0
0.003920829207037442|1.0
0.0037538714170441893|1.0
0.0030684719550535698|1.0
0.0031998042970081205|1.0
0.003355647905995064|1.0
0.004917028847567863|1.0
0.004301202893316107|1.0
0.0040749727619021625|1.0
0.0037642056363580622|1.0
0.0029607778807080013|1.0
0.002860036704247736|1.0
0.0034257424544391533|1.0
0.0029943339074118614|1.0
0.003280145505373127|1.0
0.0027369480768245085|1.0
0.003092283418480697|1.0
0.002932527719655014|1.0
0.0025494983015578467|1.0
0.002766317294959022|1.0
0.002991954246962241|1.0
0.004292281986177882|1.0
0.0014234622304277224|1.0
0.0015336439649994474|1.0
