PredictedProbability|PredictedLabel
0.01045224301776955|1.0
0.00996787027665446|1.0
0.009203793031035197|1.0
0.0066782828430884305|1.0
0.0073826522083964416|1.0
0.007526574848439299|1.0
0.009584983336015002|1.0
0.00957749076742201|1.0
0.01080960782311182|1.0
0.010231841803971714|1.0
0.006694176650555064|1.0
0.006932106098154152|1.0
0.001711060943100904|1.0
0.0010846227421748328|1.0
0.0009926622164352457|1.0
0.0029613970799273184|1.0
0.009337747149062455|1.0
0.009502830446344762|1.0
0.011257938545688888|1.0
0.009708140378883092|1.0
0.007955210519297361|1.0
0.005473412830757247|1.0
