PredictedProbability|PredictedLabel
0.00985068960022926|1.0
0.008032865931182298|1.0
0.00775595054667258|1.0
0.00774543890045268|1.0
0.009242704326032402|1.0
0.009410282539814338|1.0
0.01003927741346822|1.0
0.008006593565714443|1.0
0.00815873781366807|1.0
0.00855897584392248|1.0
0.01003927741346822|1.0
0.01003927741346822|1.0
0.01003927741346822|1.0
0.00624212643135096|1.0
0.006165132372769395|1.0
0.006677551584385291|1.0
0.008713010733894988|1.0
0.008707731364892963|1.0
0.009106689877032273|1.0
0.01003927741346822|1.0
0.008123408210237453|1.0
0.008037205149391938|1.0
