PredictedProbability|PredictedLabel
0.014136516271591461|1.0
0.011106341345406674|1.0
0.009348536678011795|1.0
0.004239613474858609|1.0
0.002740015491683832|1.0
0.0030598216014608684|1.0
0.005899571744778827|1.0
0.013461378717592863|1.0
0.01421093702289868|1.0
0.013960197526700385|1.0
0.013191650424094129|1.0
0.011093556725630328|1.0
0.008349448271345391|1.0
0.007845987148222653|1.0
0.006693768433551767|1.0
0.006863788988117431|1.0
0.006548291274786975|1.0
0.007838805848364562|1.0
0.008346803504414304|1.0
0.0084933183898535|1.0
0.008397000340491472|1.0
0.009105205999519968|1.0
0.008582663770069|1.0
0.009136671141286214|1.0
0.008640291993538309|1.0
0.008665286641018292|1.0
0.008083538704709271|1.0
0.008101198327748794|1.0
0.008228635586459363|1.0
0.008069038019487138|1.0
0.007653621273936189|1.0
0.007829246987146161|1.0
0.0066719405025885276|1.0
0.008304978492673771|1.0
0.006397095884450024|1.0
0.007157923696569782|1.0
0.005775926463021007|1.0
0.007412139765528571|1.0
0.008600801686407046|1.0
0.009482199259234053|1.0
0.010404104634973012|1.0
0.011372881870335198|1.0
0.011512469844843626|1.0
0.011802602260301913|1.0
0.011527992380909706|1.0
0.011465527433157045|1.0
0.011344731358448656|1.0
0.010706553563228546|1.0
0.01054629930257082|1.0
0.010289304476273988|1.0
0.00945323440700863|1.0
0.00893378020882229|1.0
0.00815446781931904|1.0
