PredictedProbability|PredictedLabel
0.016343247030357732|1.0
0.01792523569888104|1.0
0.017323077608397942|1.0
0.014343577170417178|1.0
0.014567074157925835|1.0
0.013501495811494424|1.0
0.01273910284287246|1.0
0.01341284454493919|1.0
0.014060167936420427|1.0
0.014990256313908174|1.0
0.01637930996285817|1.0
0.01474439967822762|1.0
0.011737894689556952|1.0
0.013092098777603542|1.0
0.011730266551488767|1.0
0.009487685871540376|1.0
0.005706970480160286|1.0
0.0045606516018999385|1.0
0.006080771786108849|1.0
0.004937548788242359|1.0
0.0047024605654465285|1.0
0.004371851667713123|1.0
0.004494216171003892|1.0
0.005857200197566345|1.0
0.004542967629287943|1.0
0.006361004955638361|1.0
0.00549902310806391|1.0
0.010487231936559696|1.0
0.011884180628620036|1.0
0.011944042050677813|1.0
0.007994775679848777|1.0
0.007249919277942724|1.0
0.008714482748027379|1.0
0.010653995738940592|1.0
0.014921787351016272|1.0
0.009311074862399005|1.0
0.008733129345273294|1.0
0.005198391792925229|1.0
