PredictedProbability|PredictedLabel
0.016421898302228507|1.0
0.011911594823674593|1.0
0.010121606131906848|1.0
0.007491624893891235|1.0
0.007994820041679302|1.0
0.008105760492628946|1.0
0.008344828114900758|1.0
0.009664164642951677|1.0
0.01087209177739936|1.0
0.00871960488843135|1.0
0.009117282281248088|1.0
0.005980911100422782|1.0
0.004724907767506957|1.0
0.0022509698341544662|1.0
0.0023430075906755426|1.0
0.0034470825566185765|1.0
0.0071554443601352016|1.0
0.012184273377928082|1.0
0.013231961410934415|1.0
0.016453688889270193|1.0
0.012598186199267237|1.0
0.015788853952750637|1.0
0.012465001323775792|1.0
0.016085218098858264|1.0
0.013095216366001748|1.0
0.01660880959916357|1.0
0.012537584537287622|1.0
0.01585150826826638|1.0
0.010231246882105171|1.0
0.009759101842644287|1.0
0.008406941225673042|1.0
0.009865183871992447|1.0
0.009845665083873441|1.0
0.010308643740135532|1.0
0.010250524731335432|1.0
0.01257501667343211|1.0
0.011627828369419523|1.0
0.011419944738008728|1.0
