PredictedProbability|PredictedLabel
0.008818250217566432|1.0
0.0036918932447523793|1.0
0.0033853022509510453|1.0
0.003054918325069834|1.0
0.0060234756554506524|1.0
0.00494403206926778|1.0
0.003170318726156879|1.0
0.003713945588851853|1.0
0.005075007126486401|1.0
0.009489939763128142|1.0
0.0058333196604521366|1.0
0.0051419591717528175|1.0
0.0043748740229599455|1.0
0.006587034602270178|1.0
0.006220132261894941|1.0
0.006764794386726902|1.0
0.003895965990416358|1.0
0.004125410903747685|1.0
0.0038347437944384723|1.0
0.005666627313297646|1.0
0.006323580679593453|1.0
0.007300483749488946|1.0
0.006381716464241379|1.0
0.006956091705880603|1.0
0.006561978365515282|1.0
0.007137094311392749|1.0
0.005687405628242341|1.0
0.005745399436993121|1.0
0.006148403702451527|1.0
0.00438996285727386|1.0
0.004078119702723363|1.0
0.005004547381463838|1.0
0.008986501240361704|1.0
0.009702380591917005|1.0
0.008037024095607012|1.0
0.006118922633684051|1.0
0.005533917422495642|1.0
0.005741971989698642|1.0
0.007747882336279656|1.0
