PredictedProbability|PredictedLabel
0.0044504320996403115|1.0
0.004329916630060778|1.0
0.003975201764635327|1.0
0.0031343762699814074|1.0
0.0030206938872442747|1.0
0.0034057651134658945|1.0
0.0018120305030449309|1.0
0.0017456085660020131|1.0
0.0014873318966125647|1.0
0.0009632496226129188|0.0
0.0011185624497709646|1.0
0.0009088204547023846|0.0
0.0019166135992023114|1.0
0.0017114697606477184|1.0
0.0024101791725850037|1.0
0.0036581685446932547|1.0
0.0037125757792589157|1.0
0.0030535054784005216|1.0
0.0026411491166171475|1.0
0.0020952949394954096|1.0
0.0021077433314309808|1.0
0.0018952470951506138|1.0
0.0013638208864700837|1.0
0.0017681162894421828|1.0
0.0023809656491635685|1.0
0.002978811644786708|1.0
0.002208438855991134|1.0
0.0022814500176636422|1.0
0.002782189529887479|1.0
0.0024935587555397756|1.0
0.0027203864486925297|1.0
0.0018238758010707462|1.0
0.0015724057527225475|1.0
0.0015464227714932202|1.0
0.0021694762320835703|1.0
0.001972716557271409|1.0
0.0018330558617669784|1.0
0.002113021333069334|1.0
0.0033295353434402916|1.0
0.003570263504065619|1.0
0.002924705313832949|1.0
0.0018866513060638852|1.0
0.0021285784064974224|1.0
0.002112501195135157|1.0
0.002395941149456055|1.0
0.0027512920021600497|1.0
0.0035880697195068544|1.0
0.003996394610303556|1.0
0.003657275106592885|1.0
0.002674962579349624|1.0
0.002108163302118777|1.0
0.0019387796365910317|1.0
0.0025714712232324227|1.0
