PredictedProbability|PredictedLabel
0.006749371533159847|1.0
0.006982789737267032|1.0
0.0065785959548880744|1.0
0.0027415844365269565|1.0
0.0025143055665562994|1.0
0.00217270412698649|1.0
0.003172227844765135|1.0
0.002801461249840601|1.0
0.0036683686808406343|1.0
0.003917502954324331|1.0
0.004031584671712568|1.0
0.004333352969248731|1.0
0.0046529637136601375|1.0
0.003882427328755367|1.0
0.004011970820413785|1.0
0.004329117553112937|1.0
0.004708343492808713|1.0
0.0048923224296108766|1.0
0.005057733652922618|1.0
0.006673946251520685|1.0
0.007744961305586411|1.0
0.005361829856769998|1.0
0.004069775461582185|1.0
0.00307485042306273|1.0
0.002920144463745862|1.0
0.0025505840239828195|1.0
0.0024027069425031074|1.0
0.0025774888316277018|1.0
0.0026882770232963048|1.0
0.002914550577347453|1.0
0.002986270649228409|1.0
0.0034157813592268897|1.0
0.0033492396386971724|1.0
0.0036727713074170463|1.0
0.003393081169927572|1.0
0.0037747237525304557|1.0
0.0036039284927473526|1.0
0.004464719106489398|1.0
0.005144364129324214|1.0
0.0056913839473767425|1.0
0.005170657465109699|1.0
0.004741516249940492|1.0
0.003986736045793845|1.0
0.0037250737923855116|1.0
0.0035839775091782663|1.0
0.004553007410801195|1.0
0.005304838111762815|1.0
0.006424728337467351|1.0
0.0062383897903812045|1.0
0.005823503554126886|1.0
0.005807215941915385|1.0
0.005828155975347795|1.0
