PredictedProbability|PredictedLabel
0.007246917529885565|1.0
0.007174231683622542|1.0
0.006215734058832164|1.0
0.00524924911829458|1.0
0.0044688628170751424|1.0
0.0047218521040346085|1.0
0.0047769582393025764|1.0
0.005906120298285383|1.0
0.005194750448894406|1.0
0.005316900436960668|1.0
0.004538832629492158|1.0
0.0044609683794511355|1.0
0.00401437251500866|1.0
0.003944426479982938|1.0
0.0038362895816282123|1.0
0.0035405573884636603|1.0
0.0028984847232912878|1.0
0.0028974451868027345|1.0
0.0036327862425816803|1.0
