PredictedProbability|PredictedLabel
0.008423366337860094|1.0
0.00699123269211355|1.0
0.0064910793096850895|1.0
0.0047240095473885845|1.0
0.004633554113071233|1.0
0.004748221486340068|1.0
0.00454411945348262|1.0
0.004232292376827771|1.0
0.003951622670656313|1.0
0.0034495883217596957|1.0
0.004578385906879818|1.0
0.004620739068732255|1.0
0.005256186350640165|1.0
0.004642821957405676|1.0
0.005267405536244064|1.0
0.006042672800616943|1.0
0.00571308911478568|1.0
0.00393521070564077|1.0
0.0041528252973541775|1.0
0.005556794223875583|1.0
0.008013467612638341|1.0
0.007594095055280203|1.0
0.005871910395655394|1.0
0.005842688992760897|1.0
0.006082019249982987|1.0
0.007024584184150378|1.0
0.0068494634892945876|1.0
0.0077528987593738505|1.0
0.008533753480420715|1.0
0.006046922374751983|1.0
0.006193867364452627|1.0
0.0056991510709159055|1.0
0.008576419427911071|1.0
0.008742709340360852|1.0
0.0062384616844653904|1.0
0.006118917121015186|1.0
0.004923361002291951|1.0
