PredictedProbability|PredictedLabel
0.010072879072280664|1.0
0.00935638802023771|1.0
0.007032924791304914|1.0
0.006982121505331213|1.0
0.007222649467713688|1.0
0.007139511241057528|1.0
0.0073029752960348|1.0
0.0062751482079693565|1.0
0.007127068428995164|1.0
0.0060876883076896576|1.0
0.00711842869121958|1.0
0.007071453056969046|1.0
0.0074206086134025505|1.0
0.008168155472876625|1.0
0.004271164668084857|1.0
0.004142312332253583|1.0
0.00376781942269951|1.0
0.007638397919149721|1.0
0.007256976082777712|1.0
0.006991484406307419|1.0
0.007637690803380142|1.0
0.007508156288692769|1.0
0.007241647653349402|1.0
