PredictedProbability|PredictedLabel
0.008571338678347116|1.0
0.004607375179252759|1.0
0.003799034225816325|1.0
0.00270255522473786|1.0
0.004137232704392561|1.0
0.004006850186353633|1.0
0.002901446885043224|1.0
0.002006864993001768|1.0
0.0015941779663218487|1.0
0.0018533777141994646|1.0
0.0019228289844482127|1.0
0.002073721519210593|1.0
0.002581606215952126|1.0
0.001954245396597949|1.0
0.0022239384641384798|1.0
0.0029223835054209045|1.0
0.004716123903675728|1.0
0.0051687080017081225|1.0
0.0056966396660218695|1.0
0.005423922974169754|1.0
0.005476480503866019|1.0
0.004504309216208707|1.0
0.002927379761042558|1.0
0.0021872228707655733|1.0
0.002472614091871749|1.0
0.004632563683572814|1.0
0.006183359383201822|1.0
0.005791304763367245|1.0
0.0047521338732247126|1.0
0.005323352962977597|1.0
0.004733666543775386|1.0
0.004699892040562135|1.0
0.004858744825456601|1.0
0.006167262500933819|1.0
0.0055510804147001205|1.0
0.005489459672585654|1.0
0.0041946134550083294|1.0
0.004870000611692058|1.0
0.0063681453106830335|1.0
0.00895568885541028|1.0
0.008976408463484105|1.0
0.008524760957231193|1.0
0.008463649363789079|1.0
0.00848582596731453|1.0
0.008543615551028462|1.0
0.0086577092955398|1.0
0.005769853085487853|1.0
0.005504594351418664|1.0
0.005371549976187225|1.0
0.008724334573835679|1.0
0.00881698631798898|1.0
0.009204970844128947|1.0
0.008554131321839232|1.0
0.008755599788283103|1.0
0.007153842447280447|1.0
0.007074906936275148|1.0
0.007519820668577243|1.0
