PredictedProbability|PredictedLabel
0.007159572938135478|1.0
0.0064608442149547965|1.0
0.007405987476521011|1.0
0.006540647060197591|1.0
0.0081197636151919|1.0
0.007475426492326068|1.0
0.006936349191087005|1.0
0.006622041773280944|1.0
0.005133351684042543|1.0
0.0051486735250058785|1.0
0.005671316678273462|1.0
0.007160578216894231|1.0
0.006109151880718892|1.0
0.004226346052128534|1.0
0.0040465144466929216|1.0
0.003942649677377436|1.0
0.004487754716036412|1.0
0.004429621204084194|1.0
0.003294100939892305|1.0
0.002399854648580494|1.0
0.0014758860564209261|1.0
0.0013844966807420047|1.0
0.0016149910433706056|1.0
0.0015840510767996577|1.0
0.0014689494319956105|1.0
0.0017740201694874916|1.0
0.0025322250623814576|1.0
0.0020048560777306203|1.0
0.0016761764814120323|1.0
0.0011571876937548065|1.0
0.0018899515932821204|1.0
0.002005957263803291|1.0
0.0033974781153753397|1.0
0.0029399138675816248|1.0
0.003912268681753351|1.0
0.005133446831603119|1.0
0.0053774924232060225|1.0
0.0036437533288519934|1.0
0.004974069115332229|1.0
0.004598223681287031|1.0
0.004414236748980519|1.0
0.0024586439626039574|1.0
0.0020828551804525463|1.0
0.0009759481765435479|0.0
0.000876686754496133|0.0
0.0006947898996469812|0.0
0.0018670336229475169|1.0
0.0019429595511275557|1.0
