PredictedProbability|PredictedLabel
0.01037125063868453|1.0
0.00649528396899892|1.0
0.005752664549706181|1.0
0.0052310068164449965|1.0
0.006864587719992928|1.0
0.007898963095402684|1.0
0.007814759232462953|1.0
0.007989383004911572|1.0
0.005830026552264538|1.0
0.005318325899114347|1.0
0.005468238441383235|1.0
0.005954352563401477|1.0
0.005275173068701342|1.0
0.006100086440307654|1.0
0.007033570873794196|1.0
0.007980230051842495|1.0
0.006015864933781404|1.0
0.006335025725383909|1.0
0.005544211524317912|1.0
0.005003884306139617|1.0
0.005530580396712337|1.0
0.005333279551822724|1.0
0.00621386404264989|1.0
0.006045317533706196|1.0
