PredictedProbability|PredictedLabel
0.009492849073137015|1.0
0.007769170392129547|1.0
0.006388934399688104|1.0
0.0046081757761296345|1.0
0.004925737683979185|1.0
0.0030384002206084513|1.0
0.003578539994286565|1.0
0.0037759697040089172|1.0
0.005657254503500554|1.0
0.005245581270763797|1.0
0.004607506569224925|1.0
0.006404975132590575|1.0
0.005872698163592472|1.0
0.006885858839556445|1.0
0.006080060841705727|1.0
0.0075735956262153875|1.0
0.0056573263707019586|1.0
0.0050266534230232855|1.0
0.0037496140986626645|1.0
0.004830231819081857|1.0
0.005116202749375707|1.0
0.006444979776737537|1.0
0.005930698859793791|1.0
0.006561947245709869|1.0
0.007017960308417075|1.0
0.006781653872867693|1.0
0.006520422043045564|1.0
0.008496485213765921|1.0
0.0085780077449847|1.0
0.007637772688775689|1.0
0.006380891400913252|1.0
0.0058755711795687|1.0
0.005433736840521356|1.0
0.004940596153930298|1.0
0.005102448753312218|1.0
0.007561114230530347|1.0
0.010274430767626352|1.0
0.008733095408690853|1.0
0.007861198929076853|1.0
0.006581512902367978|1.0
0.00766308520659907|1.0
0.007365036003298706|1.0
0.007558714299943324|1.0
0.006511144449213828|1.0
0.006403811181897567|1.0
0.005244187032219194|1.0
0.00633751328255815|1.0
0.007654208567672053|1.0
0.008146521446575553|1.0
0.007688534945188278|1.0
0.0065603262265245335|1.0
0.006385829053281717|1.0
0.005357843712165133|1.0
0.007111160982626241|1.0
