PredictedProbability|PredictedLabel
0.009875503585928386|1.0
0.008428211342877256|1.0
0.00518610381263737|1.0
0.004947717809775702|1.0
0.0040490800096637655|1.0
0.003973370631894447|1.0
0.003761906125294378|1.0
0.0049440625170847985|1.0
0.006493372076679982|1.0
0.004216119253430187|1.0
0.003025320100613227|1.0
0.0028420160163058986|1.0
0.0031147880718115327|1.0
0.0043548701167850186|1.0
0.00432771071407273|1.0
0.005672288503457097|1.0
0.007330089779938218|1.0
0.006955485672822372|1.0
0.0078036293626526565|1.0
0.007139179588320386|1.0
0.005662202761661498|1.0
0.0034857434171114755|1.0
0.003196406624894632|1.0
0.003155940708247986|1.0
0.004674186744259974|1.0
0.005194626177749339|1.0
0.004882919455266654|1.0
0.005331488493952863|1.0
0.004768209198634191|1.0
0.005007988727813945|1.0
0.005049992967453695|1.0
0.00677261766380838|1.0
0.007412285565306506|1.0
0.007681655185054452|1.0
0.0071380293155934695|1.0
0.006615787873251921|1.0
0.007061650803610693|1.0
