PredictedProbability|PredictedLabel
0.009821078516897792|1.0
0.009105457637313193|1.0
0.0076851257055355286|1.0
0.006265282964177368|1.0
0.006203219570451203|1.0
0.007414565285062513|1.0
0.008063663373597539|1.0
0.006610850951296812|1.0
0.005984596285707324|1.0
0.006051014829692288|1.0
0.006318207244541876|1.0
0.004857627568547711|1.0
0.004137606526628915|1.0
0.004225462506611962|1.0
0.004072170505618417|1.0
0.004034556148907371|1.0
0.003639863823661273|1.0
0.004298009684407246|1.0
0.005005015227453241|1.0
0.006161550514952459|1.0
0.007090853598410241|1.0
0.006071789180122802|1.0
0.005662683129121034|1.0
0.005570194796945537|1.0
0.007351008533995412|1.0
0.008021387210792805|1.0
0.00853415030752385|1.0
0.00880816062358394|1.0
0.007358882183599919|1.0
0.007979195578513166|1.0
0.007746102242989177|1.0
0.009231758955668409|1.0
0.008763544857306314|1.0
0.006259149019586303|1.0
0.005460237544340314|1.0
0.005225410933261923|1.0
0.006610790087430769|1.0
0.004989468029212006|1.0
0.004603668902453006|1.0
0.004755647327650197|1.0
0.005733315065734753|1.0
0.005447252778935439|1.0
0.006508517114090319|1.0
0.0069213592270780675|1.0
0.009091206803241336|1.0
0.006454508077317024|1.0
0.006467953597351526|1.0
0.004812614022965704|1.0
0.006628055025765191|1.0
0.007639263994865721|1.0
0.008981403617649208|1.0
0.00815344065297014|1.0
0.008349198749279502|1.0
0.007257825881461711|1.0
