PredictedProbability|PredictedLabel
0.0052655765564543185|1.0
0.004213697619330573|1.0
0.002923796301318104|1.0
0.0024578490386384113|1.0
0.002639599936585613|1.0
0.0034171442525059315|1.0
0.004216825003646524|1.0
0.0031887843524103354|1.0
0.0030538405333659525|1.0
0.0022777559334495306|1.0
0.0026823747295061993|1.0
0.0027115654609005326|1.0
0.0037547617865532376|1.0
0.0051229090990924315|1.0
0.005333759686841172|1.0
0.005473140883565911|1.0
0.005681876191562417|1.0
0.004699190355366508|1.0
0.004323595554320459|1.0
0.0027859196302051125|1.0
0.002538971222744268|1.0
0.0025674838382349413|1.0
0.003226020985382346|1.0
0.003542864236013976|1.0
0.0032346924784424106|1.0
0.004216726676951937|1.0
0.0033496713975087874|1.0
0.003920243741233689|1.0
0.0037068050253598723|1.0
0.00633854726905236|1.0
0.007120547517115791|1.0
0.008238920939442756|1.0
0.00815708635684463|1.0
0.007489382588171674|1.0
0.007163805351659209|1.0
0.006399809403539525|1.0
0.006648623106919379|1.0
0.0082012224640966|1.0
