PredictedProbability|PredictedLabel
0.009634347753675672|1.0
0.007656034651267757|1.0
0.0069504407221656515|1.0
0.00594274889962191|1.0
0.006627271675910078|1.0
0.006567238998387358|1.0
0.006974245578735604|1.0
0.006963991976756228|1.0
0.007561453010050923|1.0
0.007235795667201393|1.0
0.006070096377173333|1.0
0.005902460434453958|1.0
0.005652278138713397|1.0
0.005850812371579406|1.0
0.005293680041885031|1.0
0.005269983423782374|1.0
0.005147834123321737|1.0
0.004524138861149522|1.0
0.004749607362297113|1.0
0.0048512877382433095|1.0
0.006207536971430327|1.0
0.005332107758295305|1.0
0.005009722518460615|1.0
0.005374791682512671|1.0
0.006564367284805419|1.0
0.008578608808729805|1.0
0.010067532380379798|1.0
0.01039516954774753|1.0
0.009531154747758749|1.0
0.009101384864869232|1.0
0.009364753532773619|1.0
0.00909113898027499|1.0
0.008555747470949695|1.0
0.007233783068999773|1.0
0.007063935216560877|1.0
0.006999032689937644|1.0
0.007038931478665532|1.0
0.008148704391361181|1.0
0.0075457407447966415|1.0
0.0069048641332858296|1.0
0.006321875363316556|1.0
0.006963060283281535|1.0
0.00800413634992201|1.0
