PredictedProbability|PredictedLabel
0.011079028354369105|1.0
0.004811838081788651|1.0
0.002712177079248288|1.0
0.0024933778344895592|1.0
0.0032415510819657355|1.0
0.00493705284590907|1.0
0.003158087451527757|1.0
0.003475583278717467|1.0
0.0036471217235207695|1.0
0.005370576271023007|1.0
0.006575374116913032|1.0
0.007372574988461323|1.0
0.006330563198305812|1.0
0.004222385163800322|1.0
0.004934484000770012|1.0
0.004759785348341796|1.0
0.006021185970982732|1.0
0.0060365418148610244|1.0
0.007531980268287067|1.0
0.008665415757423111|1.0
0.01066148579386912|1.0
0.010102567976081125|1.0
0.010711326690304704|1.0
0.010936655679045493|1.0
0.008666931564126588|1.0
0.008060279331560645|1.0
0.007411831298474648|1.0
0.007650220746588937|1.0
0.007426266275047336|1.0
0.006835819567363884|1.0
0.007351099021677058|1.0
0.007603272707828527|1.0
0.00840623767985456|1.0
0.009750351833797953|1.0
0.008418336908750292|1.0
0.009578121275833611|1.0
0.009848265607189955|1.0
0.009903254620500745|1.0
0.009579760835806654|1.0
