PredictedProbability|PredictedLabel
0.009463900684408805|1.0
0.00631190546608054|1.0
0.004748962504063034|1.0
0.0026575561016442947|1.0
0.0030228729017316423|1.0
0.003203397506072798|1.0
0.003368086819702013|1.0
0.0036299888477895966|1.0
0.0048156391073931794|1.0
0.005720866622483365|1.0
0.0075767541876148245|1.0
0.006977307661238539|1.0
0.005611255052301237|1.0
0.00453586886319975|1.0
0.00477168815448917|1.0
0.004195437296080994|1.0
0.004235450563348217|1.0
0.006494528539074868|1.0
0.007031656035564832|1.0
0.008453763316309001|1.0
