PredictedProbability|PredictedLabel
0.4867428232279404|0.0
0.4889529874703484|0.0
0.4889529874703484|0.0
0.4889529874703484|0.0
0.4889529874703484|0.0
0.49382439317124066|0.0
0.4892951367636693|0.0
0.48811030417086226|0.0
0.4886045471083907|0.0
0.48770219327360814|0.0
0.4903812382052077|0.0
0.49046906452384753|0.0
0.4865704722769281|0.0
0.4903812382052077|0.0
0.4884652726332095|0.0
0.4888764709907336|0.0
0.48907846386628256|0.0
0.4924824895120548|0.0
0.48764181276609525|0.0
0.4886789697111216|0.0
0.4883543438413128|0.0
0.4865704722769281|0.0
0.49339551295896805|0.0
0.486876352952657|0.0
0.48802711216053385|0.0
0.4868782958679182|0.0
0.4876109715879006|0.0
0.48659130484011115|0.0
0.4872863790664252|0.0
0.48630805082017414|0.0
0.4872863790664252|0.0
0.48630805082017414|0.0
0.4860021890158248|0.0
0.48802711216053385|0.0
0.4871578132032192|0.0
0.48804841778939695|0.0
0.4883543438413128|0.0
0.4886376559927915|0.0
0.4875696620636446|0.0
0.4901557879091593|0.0
0.4875696620636446|0.0
0.486980485266251|0.0
0.48835172812711297|0.0
0.4873759096331519|0.0
0.4885853963371575|0.0
0.48833524691963026|0.0
0.48700767266794487|0.0
0.48765198166957346|0.0
0.4879168555335428|0.0
0.489954561904802|0.0
0.4867428232279404|0.0
0.4896394501987418|0.0
0.4865204375705981|0.0
0.48955392215647253|0.0
0.4914318319730119|0.0
0.4888296929355026|0.0
