PredictedProbability|PredictedLabel
0.49116150176701295|0.0
0.488757855575719|0.0
0.488757855575719|0.0
0.488757855575719|0.0
0.488757855575719|0.0
0.4894068521696978|0.0
0.4911762900036249|0.0
0.4888273398659531|0.0
0.4907422496803048|0.0
0.48642257837029534|0.0
0.48798513370603547|0.0
0.4904300927286048|0.0
0.4940724285214974|0.0
0.4903991175932788|0.0
0.4888537271730389|0.0
0.4878536720378343|0.0
0.49151701565058237|0.0
0.4913110653306705|0.0
0.48740542473677506|0.0
0.4940070255981563|0.0
0.49300598499645404|0.0
0.49339489912954326|0.0
0.488757855575719|0.0
0.49224899206646616|0.0
0.4949535230228699|0.0
0.49243309635636173|0.0
0.4929834970012207|0.0
0.49228981291013413|0.0
0.49586763804441475|0.0
0.49498821717530583|0.0
0.4952367943447656|0.0
0.4940093248224036|0.0
0.488757855575719|0.0
0.4935462192441428|0.0
0.4955222878711781|0.0
0.49426455991536544|0.0
0.49455189540360567|0.0
0.49268195134913084|0.0
0.488757855575719|0.0
0.49394981915932706|0.0
0.49513108924289584|0.0
0.4946435634506383|0.0
0.4932610923850863|0.0
0.4944373301777254|0.0
0.4948660837043216|0.0
0.495196262976172|0.0
0.4961015027258194|0.0
0.49513108924289584|0.0
0.49561395941777187|0.0
0.4961015027258194|0.0
0.4932610923850863|0.0
0.49895422057037286|0.0
0.4961015027258194|0.0
0.488757855575719|0.0
0.4953489490059137|0.0
0.4961015027258194|0.0
0.49473857267430893|0.0
0.49465078052718575|0.0
0.4961799012177905|0.0
0.4925086360572108|0.0
0.4925838246739604|0.0
0.4925838246739604|0.0
