PredictedProbability|PredictedLabel
0.48650738474365973|0.0
0.4889529874703484|0.0
0.4841440171258705|0.0
0.4850529088240943|0.0
0.4856834340458536|0.0
0.4879386666635502|0.0
0.4888774283878175|0.0
0.4858421493643637|0.0
0.48510159033207484|0.0
0.4860701185420918|0.0
0.4887837501505215|0.0
0.4879458803697407|0.0
0.48941451583742956|0.0
0.48963747537136126|0.0
0.49288700563315824|0.0
0.48766014318154977|0.0
0.48798736333461973|0.0
0.48766014318154977|0.0
0.4890789411757003|0.0
0.48612061970913983|0.0
0.4884246534014847|0.0
0.48553874669005004|0.0
0.4870671271155339|0.0
0.48553874669005004|0.0
0.4884246534014847|0.0
0.48735668132738225|0.0
0.48472146209653383|0.0
0.48702948180950395|0.0
0.48553874669005004|0.0
0.4858977369411559|0.0
0.4861802146598698|0.0
0.48735668132738225|0.0
0.4880974195523837|0.0
0.48735668132738225|0.0
0.48650738474365973|0.0
0.48735668132738225|0.0
0.48735668132738225|0.0
0.48702948180950395|0.0
0.4877811220707204|0.0
0.48735668132738225|0.0
0.48702948180950395|0.0
