PredictedProbability|PredictedLabel
0.4879846652284622|0.0
0.4888939337749401|0.0
0.48845250687770186|0.0
0.48670784236692727|0.0
0.4870693204971432|0.0
0.4857259229384699|0.0
0.48790260598038127|0.0
0.4864194287220462|0.0
0.48574190267715667|0.0
0.4863098842207403|0.0
0.4880873694969678|0.0
0.48745668129097086|0.0
0.48670784236692727|0.0
0.4866247564124051|0.0
0.4916315660743378|0.0
0.4888149325762446|0.0
0.4878852231585456|0.0
0.4883851855980796|0.0
0.48804062252307057|0.0
0.48935990286339137|0.0
0.4886040532659324|0.0
0.4887011559532601|0.0
0.48952058726421643|0.0
0.48804062252307057|0.0
0.487360729339842|0.0
0.4883831041160779|0.0
0.4889313023570924|0.0
0.4889313023570924|0.0
0.4892346370420222|0.0
0.48767592348179895|0.0
0.4869726908321791|0.0
0.4883813770491191|0.0
0.4890326414031379|0.0
0.48517280900026516|0.0
0.4876255955702975|0.0
0.4879528146199451|0.0
0.48692592861676554|0.0
0.4853479924406874|0.0
0.4885830905001527|0.0
0.48804062252307057|0.0
0.4876255955702975|0.0
0.4872758268485139|0.0
0.4882562941322167|0.0
0.4879528146199451|0.0
0.4879528146199451|0.0
0.48736362887898604|0.0
0.4885246636748818|0.0
0.48960168503782237|0.0
0.4880783957642709|0.0
0.4869152718561029|0.0
