PredictedProbability|PredictedLabel
0.48567943394804214|0.0
0.4889529874703484|0.0
0.48640621723864524|0.0
0.4857052520017357|0.0
0.48612809385061095|0.0
0.4867099793953195|0.0
0.48612809385061095|0.0
0.4847869011199097|0.0
0.48647846801515615|0.0
0.4855847481940425|0.0
0.4869075600909332|0.0
0.486893446413389|0.0
0.486893446413389|0.0
0.48595640205621876|0.0
0.486893446413389|0.0
0.4870158901563393|0.0
0.4867100049679813|0.0
0.48567943394804214|0.0
0.4870158901563393|0.0
0.486521754182338|0.0
0.48660414202578706|0.0
0.486893446413389|0.0
0.486893446413389|0.0
0.48658553205199134|0.0
0.4866143098420062|0.0
0.4867675311232727|0.0
0.4857052520017357|0.0
0.4870158901563393|0.0
0.4860324048003993|0.0
0.48477047345282376|0.0
0.4870158901563393|0.0
0.4851006176235404|0.0
0.4870158901563393|0.0
0.48477047345282376|0.0
0.4870158901563393|0.0
0.486521754182338|0.0
0.48647846801515615|0.0
0.48545225377448387|0.0
0.4870158901563393|0.0
0.4867100049679813|0.0
0.48703173359663654|0.0
0.48514434316373783|0.0
0.4870158901563393|0.0
0.486521754182338|0.0
0.4867100049679813|0.0
0.48536669438323987|0.0
0.4889529874703484|0.0
0.4860324048003993|0.0
0.4875669347166165|0.0
0.48670745167470375|0.0
0.48621588518884934|0.0
0.4863519107140328|0.0
0.48621588518884934|0.0
0.48622349941632287|0.0
