PredictedProbability|PredictedLabel
0.48591764048722025|0.0
0.4889529874703484|0.0
0.4876846422451779|0.0
0.488099671578912|0.0
0.4864865631313328|0.0
0.488099671578912|0.0
0.4889529874703484|0.0
0.4889529874703484|0.0
0.4865184599840588|0.0
0.4889529874703484|0.0
0.48817683291699293|0.0
0.48703173359663654|0.0
0.4856593749191349|0.0
0.4867804037620597|0.0
0.4871953953642731|0.0
0.4875258957495439|0.0
0.48727452756780987|0.0
0.4866257680498948|0.0
0.4889529874703484|0.0
0.49343766849462944|0.0
0.4889529874703484|0.0
0.48981421292909744|0.0
