PredictedProbability|PredictedLabel
0.4872480590224872|0.0
0.4878379551606283|0.0
0.4884246534014847|0.0
0.48901391195693605|0.0
0.4880974195523837|0.0
0.48698545473069343|0.0
0.4874197744526568|0.0
0.4878347930154679|0.0
0.4878347930154679|0.0
0.48694216643145266|0.0
0.48851246520716|0.0
0.48851246520716|0.0
0.48900669754006015|0.0
0.4876630704779055|0.0
0.4874197744526568|0.0
0.4873453764195819|0.0
0.4874197744526568|0.0
0.4875752658101647|0.0
0.4880974195523837|0.0
0.4884246534014847|0.0
0.4880974195523837|0.0
0.4876630704779055|0.0
0.4884246534014847|0.0
0.48884472763673914|0.0
