PredictedProbability|PredictedLabel
0.48758931064201166|0.0
0.4889529874703484|0.0
0.48851246520716|0.0
0.4878815390621358|0.0
0.4887575717628292|0.0
0.48838181139978604|0.0
0.48677378412104727|0.0
0.4879544405363076|0.0
0.4889529874703484|0.0
0.4874033490096469|0.0
0.4895533596399314|0.0
0.4891166792573511|0.0
0.488253260982098|0.0
0.487423090235447|0.0
0.4885972923817606|0.0
0.488253260982098|0.0
0.488253260982098|0.0
0.4867668834876913|0.0
0.4890587056334989|0.0
0.4881738122876524|0.0
0.4900382296216471|0.0
0.4895077889790233|0.0
0.4897291309463714|0.0
0.49047928339162655|0.0
0.48851815003621357|0.0
0.49140919267112887|0.0
0.4895800612964887|0.0
0.4889529874703484|0.0
0.4890692738378929|0.0
0.48851815003621357|0.0
0.4883817858228616|0.0
0.48810310416062175|0.0
0.48746025718141284|0.0
0.48851815003621357|0.0
0.4866232800596546|0.0
0.4883716417841042|0.0
0.48649423953099574|0.0
0.48783822550961736|0.0
0.4869888869310781|0.0
0.48720772474714374|0.0
0.4868214207184668|0.0
0.487671916400736|0.0
0.48839221450844494|0.0
0.48741104906336624|0.0
0.48649423953099574|0.0
0.4880895820873683|0.0
0.4883251572038223|0.0
