PredictedProbability|PredictedLabel
0.48624268118796704|0.0
0.4894681580714409|0.0
0.4875637878760283|0.0
0.4883499112913669|0.0
0.48856558914599874|0.0
0.4878885612633437|0.0
0.4874475907067745|0.0
0.48824079475158777|0.0
0.48887152981281695|0.0
0.48793487199608543|0.0
0.48793487199608543|0.0
0.48891335810768005|0.0
0.48824079475158777|0.0
0.48793487199608543|0.0
0.4882494282439596|0.0
0.4890988692962043|0.0
0.488709005584189|0.0
0.4888339662993871|0.0
0.4877653997338585|0.0
0.48793487199608543|0.0
0.4904563862310462|0.0
0.4889555752551936|0.0
0.48810614530663476|0.0
0.4882621008124855|0.0
0.4883499112913669|0.0
0.4901053502422174|0.0
0.48819395449511227|0.0
0.4889555752551936|0.0
0.48793487199608543|0.0
0.48793487199608543|0.0
0.4876775941793225|0.0
0.4882621008124855|0.0
0.48934497889207856|0.0
0.48852699008420414|0.0
0.4876775941793225|0.0
0.4881997531022142|0.0
0.4893146889895172|0.0
0.48852699008420414|0.0
0.4898676800608657|0.0
0.48936447785290776|0.0
