PredictedProbability|PredictedLabel
0.48680105741374163|0.0
0.489352567281618|0.0
0.4889511714608844|0.0
0.4893797727063492|0.0
0.48795629415562797|0.0
0.48791525362051436|0.0
0.48867486451870024|0.0
0.4874312408537197|0.0
0.4877927277425244|0.0
0.486615358065215|0.0
0.4904347175785653|0.0
0.4877927277425244|0.0
0.486615358065215|0.0
0.4898404929101435|0.0
0.48967767618813823|0.0
0.48784400791605964|0.0
0.4880221147756776|0.0
0.4887753514969615|0.0
0.4888474507662094|0.0
0.4909979558213357|0.0
0.4893961086677439|0.0
0.48706590847070524|0.0
0.48936399679260817|0.0
0.4893423967858155|0.0
0.48969693665487024|0.0
0.4920573474833935|0.0
0.48680105741374163|0.0
0.4920288999131944|0.0
0.48956147562572233|0.0
0.4894549823473451|0.0
0.48662297262340176|0.0
0.4875746401296715|0.0
0.48772359132558635|0.0
0.4871663798170803|0.0
0.4884216875807375|0.0
0.48920450745702376|0.0
0.4884992206228785|0.0
0.4877970498885152|0.0
0.4888982488674333|0.0
0.4891171266460702|0.0
0.4898703935874172|0.0
0.4888412817394135|0.0
0.4925212434475616|0.0
0.48886506672301183|0.0
0.4902318514605858|0.0
