PredictedProbability|PredictedLabel
0.48524722805690673|0.0
0.4889529874703484|0.0
0.4866221833406634|0.0
0.4869357772474362|0.0
0.48636832962069726|0.0
0.4869989476468228|0.0
0.4869989476468228|0.0
0.4869266928669823|0.0
0.487609706074684|0.0
0.48560279304753884|0.0
0.48746371255210186|0.0
0.48898364781835757|0.0
0.48794772686772225|0.0
0.4867428232279404|0.0
0.4907386595233723|0.0
0.4886777040696368|0.0
0.48826576576395825|0.0
0.488000882992326|0.0
0.48764181276609525|0.0
0.4868572490961978|0.0
0.4878347930154679|0.0
