PredictedProbability|PredictedLabel
0.48610241933705883|0.0
0.4884725184091577|0.0
0.49054803809958547|0.0
0.4872854419350962|0.0
0.4898253469939775|0.0
0.4873221811078761|0.0
0.48862933157205696|0.0
0.48606460703337057|0.0
0.486262459494573|0.0
0.4870834162008081|0.0
0.4851283452903993|0.0
0.48597108481384005|0.0
0.4865460854688762|0.0
0.48703890523554383|0.0
0.4872192666797788|0.0
0.4884725184091577|0.0
0.4864582909596647|0.0
0.4875261665768998|0.0
0.4879852118708341|0.0
0.4883032884904123|0.0
0.4861987264835881|0.0
