PredictedProbability|PredictedLabel
0.4858607672599587|0.0
0.4859972425363686|0.0
0.48684649290742626|0.0
0.48536669438323987|0.0
0.48621588518884934|0.0
0.48621588518884934|0.0
0.48684649290742626|0.0
0.4858009375221706|0.0
0.4871972242085738|0.0
0.48621588518884934|0.0
0.48621588518884934|0.0
0.4853143983041442|0.0
0.4871972242085738|0.0
0.48621588518884934|0.0
0.48621588518884934|0.0
0.4871972242085738|0.0
0.48621588518884934|0.0
0.48621588518884934|0.0
0.4889529874703484|0.0
0.4889529874703484|0.0
0.48782789622700024|0.0
0.48684649290742626|0.0
0.48684649290742626|0.0
0.48621588518884934|0.0
0.48621588518884934|0.0
0.4871972242085738|0.0
0.48684649290742626|0.0
0.48684649290742626|0.0
0.48608997912478313|0.0
0.4867668834876913|0.0
0.48612809385061095|0.0
0.48639292578315413|0.0
0.48591764048722025|0.0
0.4865565764981541|0.0
0.48639292578315413|0.0
0.48846565932215347|0.0
0.48536669438323987|0.0
0.48639292578315413|0.0
0.4873712627781789|0.0
0.4865565764981541|0.0
0.48612809385061095|0.0
0.48595640205621876|0.0
