PredictedProbability|PredictedLabel
0.008563860073494222|0.0
0.010278000178018061|0.0
0.013776706011813888|0.0
0.013496979703041678|0.0
0.010375364674804106|0.0
0.011665226308418526|0.0
0.010375364674804106|0.0
0.011177264766835894|0.0
0.010444443128286638|0.0
0.0123999817239377|0.0
0.010278000178018061|0.0
0.012976707460050214|0.0
0.011901531542334538|0.0
0.0165196969089387|0.0
0.013005088862893893|0.0
0.010643259027161135|0.0
0.010537168424557776|0.0
0.009144307214431832|0.0
0.010375364674804106|0.0
0.009288298833686962|0.0
0.009288298833686962|0.0
0.009433311395716786|0.0
0.009433311395716786|0.0
0.009155319865363257|0.0
0.009144307214431832|0.0
0.010529965422296854|0.0
0.00967837575754803|0.0
0.009433311395716786|0.0
0.008813810445093285|0.0
0.008677110145156139|0.0
0.009287092796483409|0.0
0.009393230874723012|0.0
0.009042927951250264|0.0
0.011183090113018108|0.0
0.015496510770236033|0.0
0.01075622117630318|0.0
0.009013370993925634|0.0
0.011588689403505088|0.0
