PredictedProbability|PredictedLabel
0.008183368861650112|0.0
0.010278000178018061|0.0
0.025330169996106752|0.0
0.023349410419796848|0.0
0.023750007434531394|0.0
0.009395538755719121|0.0
0.008453445662798246|0.0
0.03686087626325878|0.0
0.008585537123403836|0.0
0.019388468745581856|0.0
0.019886962134907676|0.0
0.019672906495560014|0.0
0.03875553026135138|0.0
0.042184163968714765|0.0
0.03817713737654145|0.0
0.07689275185989859|0.0
0.03285896116720715|0.0
0.010589716371269386|0.0
0.01045176693648032|0.0
0.010589716371269386|0.0
0.010278000178018061|0.0
0.010589716371269386|0.0
0.010278000178018061|0.0
0.010278000178018061|0.0
0.010278000178018061|0.0
0.008453445662798246|0.0
0.010278000178018061|0.0
0.006281042263848217|0.0
0.010278000178018061|0.0
0.0074116327624566885|0.0
0.007617356893889019|0.0
0.00692397071747349|0.0
0.010278000178018061|0.0
0.010278000178018061|0.0
0.006716864980213255|0.0
0.006817267246905626|0.0
0.006817267246905626|0.0
0.0065462927948223|0.0
0.010278000178018061|0.0
0.006445371842721685|0.0
0.010278000178018061|0.0
0.010278000178018061|0.0
0.010278000178018061|0.0
