PredictedProbability|PredictedLabel
0.04062231529572035|0.0
0.010278000178018061|0.0
0.2287445035822121|0.0
0.027773102914098242|0.0
0.017041961904119426|0.0
0.06920992309628794|0.0
0.07535782584342997|0.0
0.0602925156358948|0.0
0.06285646959920921|0.0
0.03408606835682903|0.0
0.07663498740930405|0.0
0.06649059787304142|0.0
0.028491365296037782|0.0
0.02392701865798887|0.0
0.05476639484598729|0.0
0.06941786051929803|0.0
0.04129453407823651|0.0
0.03738739551422716|0.0
0.07141539203026387|0.0
0.06246142216329361|0.0
0.0983554301097694|0.0
0.09999504422663633|0.0
0.07512232126695896|0.0
0.09132069517555266|0.0
0.09275696357854132|0.0
0.010278000178018061|0.0
0.06322636624955402|0.0
0.04030956775990187|0.0
0.030435438119538052|0.0
0.029606175870437124|0.0
0.044615940152000606|0.0
0.04054036275260842|0.0
0.010278000178018061|0.0
0.04497308132562501|0.0
0.03082142746615926|0.0
0.02927943893115306|0.0
0.0330498525040552|0.0
0.030435438119538052|0.0
0.03046256518876851|0.0
0.038497442287355674|0.0
0.03804687901502125|0.0
0.04102556867161383|0.0
0.04479267412098542|0.0
0.04261454165779918|0.0
0.030996981792823862|0.0
0.03365795845145285|0.0
0.061345207696499995|0.0
0.04278284560420817|0.0
0.030996981792823862|0.0
