PredictedProbability|PredictedLabel
0.012418211321289611|0.0
0.011311155999713007|0.0
0.011391644223455497|0.0
0.010504566925039172|0.0
0.01124155915340694|0.0
0.014641154088205837|0.0
0.01556980266864015|0.0
0.01556980266864015|0.0
0.01556980266864015|0.0
0.01602900352068885|0.0
0.01556980266864015|0.0
0.01556980266864015|0.0
0.01124155915340694|0.0
0.01124155915340694|0.0
0.010910867074814864|0.0
0.01124155915340694|0.0
0.012418211321289611|0.0
0.01124155915340694|0.0
0.012418211321289611|0.0
0.03558437028911897|0.0
0.01556980266864015|0.0
0.0132218140164684|0.0
0.01556980266864015|0.0
0.01737991163256008|0.0
0.015577176586752428|0.0
0.015390788934820133|0.0
0.013784939805565168|0.0
0.013784939805565168|0.0
0.011311155999713007|0.0
0.015390788934820133|0.0
0.013784939805565168|0.0
0.016797129211888837|0.0
