PredictedProbability|PredictedLabel
0.007297469286392039|0.0
0.010278000178018061|0.0
0.008119023014473285|0.0
0.01570510362479188|0.0
0.008119023014473285|0.0
0.008586652845051243|0.0
0.008119023014473285|0.0
0.007008454420490009|0.0
0.00689955989300888|0.0
0.007008454420490009|0.0
0.007008454420490009|0.0
0.007008454420490009|0.0
0.007008454420490009|0.0
0.00689955989300888|0.0
0.009549903737436709|0.0
0.0077807449679568|0.0
0.006547145259348532|0.0
0.00844309875403393|0.0
0.007412597071587882|0.0
0.00689955989300888|0.0
0.00689955989300888|0.0
0.00689955989300888|0.0
0.007008454420490009|0.0
0.007008454420490009|0.0
0.010932611323134573|0.0
0.010278000178018061|0.0
0.008229052707064938|0.0
0.011216184392295062|0.0
0.013959774879077666|0.0
0.007412597071587882|0.0
0.010257979442363934|0.0
0.007008454420490009|0.0
0.007569635251895428|0.0
0.012620490518451198|0.0
0.013139549403481826|0.0
0.013139549403481826|0.0
0.009603564939965361|0.0
0.008229052707064938|0.0
