PredictedProbability|PredictedLabel
0.008543621943111396|0.0
0.010278000178018061|0.0
0.009144307214431832|0.0
0.010214694598732118|0.0
0.010214694598732118|0.0
0.013418874438064521|0.0
0.011118061150902457|0.0
0.016446674428215347|0.0
0.012603447670722516|0.0
0.010214694598732118|0.0
0.010214694598732118|0.0
0.012995957369993535|0.0
0.010214694598732118|0.0
0.015578791865436556|0.0
0.011314752264663363|0.0
0.010214694598732118|0.0
0.008874756083955326|0.0
0.015357149026158158|0.0
0.010278000178018061|0.0
0.010278000178018061|0.0
0.013471357677630231|0.0
0.008874756083955326|0.0
0.0121955700666517|0.0
0.01279688593041557|0.0
0.012008609752995163|0.0
0.008543621943111396|0.0
0.0121955700666517|0.0
0.009144307214431832|0.0
0.009993638772645218|0.0
0.009587944713261746|0.0
0.014006619676777831|0.0
0.009144307214431832|0.0
0.0121955700666517|0.0
0.012511487712023777|0.0
0.009144307214431832|0.0
0.009287092796483409|0.0
0.009287092796483409|0.0
0.0121955700666517|0.0
0.009165955093340592|0.0
0.0121955700666517|0.0
0.012614314708102096|0.0
0.011968794941326905|0.0
0.013595706468008516|0.0
0.012940937531107557|0.0
0.00810134774532953|0.0
0.008291629328313893|0.0
0.010589716371269386|0.0
0.00969929656249834|0.0
0.011837149898041657|0.0
0.009144307214431832|0.0
0.008874756083955326|0.0
0.0121955700666517|0.0
0.011837149898041657|0.0
0.00906248774014925|0.0
0.011218572463896037|0.0
0.009247627733348699|0.0
0.010278000178018061|0.0
0.008543621943111396|0.0
0.009013370993925634|0.0
0.008874756083955326|0.0
