PredictedProbability|PredictedLabel
0.006728126332145221|0.0
0.010278000178018061|0.0
0.007297469286392039|0.0
0.010278000178018061|0.0
0.010278000178018061|0.0
0.0095906712858328|0.0
0.011664104973611467|0.0
0.008312099895799716|0.0
0.006817267246905626|0.0
0.006817267246905626|0.0
0.009543199286872658|0.0
0.007660939833988865|0.0
0.008281973323878917|0.0
0.006817267246905626|0.0
0.007297469286392039|0.0
0.010099108611495763|0.0
0.007315729109392178|0.0
0.00692397071747349|0.0
0.009144307214431832|0.0
0.010214694598732118|0.0
0.00991390683942533|0.0
0.007412597071587882|0.0
0.009025014992039396|0.0
0.008874756083955326|0.0
0.016099072458714055|0.0
0.007297469286392039|0.0
0.00683433377437029|0.0
0.009014541808598347|0.0
0.010278000178018061|0.0
0.012137502069026534|0.0
0.010144069755312377|0.0
0.008874756083955326|0.0
0.007297469286392039|0.0
0.011788398147874114|0.0
0.007297469286392039|0.0
0.007297469286392039|0.0
0.010278000178018061|0.0
0.007897781036439407|0.0
0.010278000178018061|0.0
