PredictedProbability|PredictedLabel
0.007635417785276502|0.0
0.010278000178018061|0.0
0.00864503117820507|0.0
0.009033554978028798|0.0
0.010278000178018061|0.0
0.009033554978028798|0.0
0.007858484827972875|0.0
0.010249093737080692|0.0
0.011247901984975528|0.0
0.009252779793846798|0.0
0.009407763039839302|0.0
0.008524033844805698|0.0
0.009268331391265486|0.0
0.010278000178018061|0.0
0.009826459519690557|0.0
0.010516381894456323|0.0
0.01981426636411878|0.0
0.01035355091072025|0.0
0.015409233755620491|0.0
0.01606442232390898|0.0
0.014349800457007234|0.0
0.009268331391265486|0.0
0.007617356893889019|0.0
0.008153453849769059|0.0
0.013259263687430564|0.0
0.01499751626918492|0.0
0.007737492017876161|0.0
0.01412846203068874|0.0
0.015528859795833575|0.0
0.010278000178018061|0.0
0.014766336827189978|0.0
0.00692397071747349|0.0
0.01524416693465482|0.0
0.0074116327624566885|0.0
0.007736485772400015|0.0
0.01081337230902043|0.0
0.008874756083955326|0.0
0.009784673934452108|0.0
0.009419911693505655|0.0
0.010214694598732118|0.0
0.010214694598732118|0.0
0.015616982619013989|0.0
0.010068587374574382|0.0
0.015331287442486996|0.0
0.012959023738516717|0.0
0.01412846203068874|0.0
0.014421343491783287|0.0
0.013945064016185936|0.0
0.01412846203068874|0.0
0.0074116327624566885|0.0
0.009807027066170149|0.0
0.008153453849769059|0.0
0.010745195635220767|0.0
0.011602489164417855|0.0
0.008453445662798246|0.0
0.011834805158918705|0.0
0.009173943637233235|0.0
0.010278000178018061|0.0
0.008065398548447771|0.0
0.009872702263399147|0.0
0.008586652845051243|0.0
0.012469809579719304|0.0
0.011272282996531253|0.0
0.010886975329742808|0.0
0.013595706468008516|0.0
0.011602489164417855|0.0
0.019719399039658077|0.0
0.010278000178018061|0.0
0.012143897065149296|0.0
0.011602489164417855|0.0
0.012620490518451198|0.0
0.009130899591726796|0.0
0.011266768747695223|0.0
0.010161317374396796|0.0
0.009494465330259336|0.0
0.027296647528391272|0.0
0.010754826606143273|0.0
0.010329983220941252|0.0
0.010528141386186482|0.0
0.009033554978028798|0.0
0.010226983030992898|0.0
0.008496279874395211|0.0
0.01817988246722118|0.0
0.009739111985677487|0.0
0.009739111985677487|0.0
0.008496279874395211|0.0
0.008868648297550602|0.0
0.008153453849769059|0.0
0.01107387123087848|0.0
0.00950979597605626|0.0
