PredictedProbability|PredictedLabel
0.007617356893889019|0.0
0.010278000178018061|0.0
0.010046446641505679|0.0
0.00991390683942533|0.0
0.006817267246905626|0.0
0.008280896860621832|0.0
0.007709232620763242|0.0
0.00720213152323648|0.0
0.007297469286392039|0.0
0.008153453849769059|0.0
0.00689955989300888|0.0
0.008153453849769059|0.0
0.007297469286392039|0.0
0.008153453849769059|0.0
0.00689955989300888|0.0
0.007709232620763242|0.0
0.010278000178018061|0.0
0.00910933374468826|0.0
0.010278000178018061|0.0
0.010278000178018061|0.0
0.007617356893889019|0.0
0.010278000178018061|0.0
