PredictedProbability|PredictedLabel
0.008291629328313893|0.0
0.010278000178018061|0.0
0.00689955989300888|0.0
0.009081559058285208|0.0
0.007412597071587882|0.0
0.010375364674804106|0.0
0.007399040502700944|0.0
0.006728126332145221|0.0
0.00991390683942533|0.0
0.007297469286392039|0.0
0.007297469286392039|0.0
0.008291629328313893|0.0
0.009144307214431832|0.0
0.008874756083955326|0.0
0.008758949211115606|0.0
0.009287092796483409|0.0
0.009528395140498145|0.0
0.011183090113018108|0.0
0.010643259027161135|0.0
