PredictedProbability|PredictedLabel
0.007107994233311254|0.0
0.010278000178018061|0.0
0.0073023483946833365|0.0
0.00689955989300888|0.0
0.006445371842721685|0.0
0.008468986007896194|0.0
0.00689955989300888|0.0
0.008613485977238319|0.0
0.008173185695204456|0.0
0.007709232620763242|0.0
0.007709232620763242|0.0
0.00720213152323648|0.0
0.00689955989300888|0.0
0.007659943467119353|0.0
0.009797967047031446|0.0
0.007980371121701227|0.0
0.00689955989300888|0.0
0.008153453849769059|0.0
0.00720213152323648|0.0
0.007467384649172638|0.0
