PredictedProbability|PredictedLabel
0.02700242065551037|0.0
0.010278000178018061|0.0
0.04415862519556907|0.0
0.032111051823147586|0.0
0.009431253100519402|0.0
0.01635188324935428|0.0
0.010278000178018061|0.0
0.010035710471115246|0.0
0.014356802145377478|0.0
0.014356802145377478|0.0
0.013994950280605638|0.0
0.013994950280605638|0.0
0.014356802145377478|0.0
0.013584374701131982|0.0
0.013991209432579638|0.0
0.022622907227198393|0.0
0.031053423658694873|0.0
0.021773328923593183|0.0
0.0241791710893688|0.0
0.009013370993925634|0.0
0.008874756083955326|0.0
0.008874756083955326|0.0
0.010278000178018061|0.0
0.008874756083955326|0.0
0.009287092796483409|0.0
0.010214694598732118|0.0
0.011989994626137621|0.0
0.009144307214431832|0.0
0.010374018965784977|0.0
0.009287092796483409|0.0
0.01140944673271496|0.0
0.010589716371269386|0.0
0.010278000178018061|0.0
0.01140944673271496|0.0
0.013389584065411339|0.0
0.010214694598732118|0.0
0.01701116288060329|0.0
0.009144307214431832|0.0
0.010589716371269386|0.0
0.01140944673271496|0.0
0.01140944673271496|0.0
0.01140944673271496|0.0
0.013705471536721615|0.0
0.01107387123087848|0.0
