PredictedProbability|PredictedLabel
0.007617356893889019|0.0
0.010278000178018061|0.0
0.007617356893889019|0.0
0.006817267246905626|0.0
0.006817267246905626|0.0
0.010361288542048564|0.0
0.007412597071587882|0.0
0.007528547976912193|0.0
0.00692397071747349|0.0
0.007412597071587882|0.0
0.007412597071587882|0.0
0.007412597071587882|0.0
0.012485297597056695|0.0
0.007297469286392039|0.0
0.007617356893889019|0.0
0.011806992921124476|0.0
0.008154769167149035|0.0
0.01149615823265075|0.0
0.010218646167150737|0.0
0.012620490518451198|0.0
0.009124237675572359|0.0
0.010278000178018061|0.0
0.013259263687430564|0.0
0.014055993721432404|0.0
0.009142311396316497|0.0
0.012141875513782381|0.0
0.010886975329742808|0.0
0.012002438363115061|0.0
0.01107387123087848|0.0
0.009407763039839302|0.0
0.010091564775082698|0.0
0.01232280530678388|0.0
0.009226590061030972|0.0
0.01379091490364189|0.0
0.011345061530292919|0.0
0.010144069755312377|0.0
0.007297469286392039|0.0
0.01302788296098734|0.0
0.008291629328313893|0.0
0.008874756083955326|0.0
0.00910933374468826|0.0
0.012284508753682625|0.0
0.009251578325537526|0.0
0.008874756083955326|0.0
0.010278000178018061|0.0
