PredictedProbability|PredictedLabel
0.007952105976056962|0.0
0.010278000178018061|0.0
0.008422308309951717|0.0
0.02090865073248211|0.0
0.008421213761309434|0.0
0.008311275542547179|0.0
0.01400298567599752|0.0
0.01455888444065406|0.0
0.008183368861650112|0.0
0.008183368861650112|0.0
0.011738547883904304|0.0
0.008312355921737388|0.0
0.008312355921737388|0.0
0.00959730913533322|0.0
0.009142311396316497|0.0
0.018928385258231626|0.0
0.009568201234792373|0.0
0.010589716371269386|0.0
0.01145705877607084|0.0
0.04103583896096703|0.0
0.011138185821289687|0.0
0.0199247252089888|0.0
0.015801297584571116|0.0
0.010278000178018061|0.0
0.016521495997668504|0.0
0.014374953178094904|0.0
0.010069893866419112|0.0
0.010069893866419112|0.0
0.00991390683942533|0.0
0.010046446641505679|0.0
0.014153232354697641|0.0
0.019422322307162322|0.0
0.010261294345900855|0.0
0.014611318647314573|0.0
0.013838183725413903|0.0
0.008153453849769059|0.0
0.008153453849769059|0.0
0.010005226655713725|0.0
0.008153453849769059|0.0
0.008153453849769059|0.0
0.0072020948999105125|0.0
0.010278000178018061|0.0
0.006817267246905626|0.0
0.007297469286392039|0.0
0.008343090199803812|0.0
0.006817267246905626|0.0
0.007297469286392039|0.0
0.007297469286392039|0.0
0.006817267246905626|0.0
0.010759141093431355|0.0
0.011218572463896037|0.0
0.007297469286392039|0.0
0.006817267246905626|0.0
0.008956590577163472|0.0
0.008468986007896194|0.0
0.00689955989300888|0.0
0.013212554245572272|0.0
0.00689955989300888|0.0
