PredictedProbability|PredictedLabel
0.03631028273397045|0.0
0.08967571189599347|0.0
0.07056414702548966|0.0
0.006957912487566687|0.0
0.00960819354813929|0.0
0.007216637045092216|0.0
0.006957912487566687|0.0
0.007312202588865748|0.0
0.008035209774402287|0.0
0.007312202588865748|0.0
0.007312202588865748|0.0
0.006957912487566687|0.0
0.006957912487566687|0.0
0.007258945099307537|0.0
0.009263424704084646|0.0
0.007447947155844797|0.0
0.008035209774402287|0.0
0.008458708850795854|0.0
0.011592317505539263|0.0
0.012362439029050784|0.0
0.00960819354813929|0.0
0.008194297232238974|0.0
0.007312202588865748|0.0
0.009175559917549612|0.0
0.008921985974185295|0.0
0.00821907710636329|0.0
0.00894311228872622|0.0
0.008321434635947438|0.0
0.024398239984902356|0.0
0.011742922689211016|0.0
0.011176372766545558|0.0
0.011030866316585524|0.0
0.01095004773417971|0.0
0.011649932622039297|0.0
0.00824447515514961|0.0
0.013596894286307573|0.0
0.00784537166639296|0.0
0.010148956199853487|0.0
0.009889039145509614|0.0
0.008432865884070112|0.0
0.007985606818525861|0.0
0.008004533794542582|0.0
0.008321434635947438|0.0
0.008431405632808347|0.0
0.008321434635947438|0.0
0.008035209774402287|0.0
0.008110447740102616|0.0
0.007930270502373207|0.0
0.008744542571305462|0.0
0.007985606818525861|0.0
