PredictedProbability|PredictedLabel
0.4808880737252231|0.0
0.4883645488657931|0.0
0.43299893822123975|0.0
0.44632205428709554|0.0
0.4441596146013838|0.0
0.4644333747970779|0.0
0.5253662372902622|1.0
0.48872590646915187|0.0
0.4750004817264201|0.0
0.4799326108452994|0.0
0.480418271184076|0.0
0.46198528117494686|0.0
0.4333509886564289|0.0
0.4911031927029359|0.0
0.503740673439177|1.0
0.497687013236863|0.0
0.47130459763823246|0.0
0.4676945386140967|0.0
0.4843371495023823|0.0
0.44436349722949275|0.0
0.4689440532251253|0.0
0.45082380790750665|0.0
0.4861963624616736|0.0
0.3922991107005578|0.0
0.4642370619989469|0.0
0.47669510891499745|0.0
0.5089534941992846|1.0
0.5276798607699648|1.0
0.5245695068721161|1.0
0.51601817110916|1.0
0.506942456861605|1.0
0.5082893161770787|1.0
0.5083128628838045|1.0
0.5052765950992801|1.0
0.531740320994397|1.0
0.5007058190345227|1.0
0.4844841747905577|0.0
0.45281560873207577|0.0
