PredictedProbability|PredictedLabel
0.43892945057786736|0.0
0.49118632244365174|0.0
0.35938625083807696|0.0
0.3802683147572588|0.0
0.40086679236944567|0.0
0.45067141468752414|0.0
0.46250882591212145|0.0
0.44880601710200335|0.0
0.40980260900775567|0.0
0.43108669271980116|0.0
0.4200160941853506|0.0
0.41310031967552696|0.0
0.4140920003263095|0.0
0.41600169641873336|0.0
0.44371991430912544|0.0
0.38903050122566984|0.0
0.44089125771469573|0.0
0.4886294702690734|0.0
0.4659845652178977|0.0
0.48219127022127545|0.0
0.4593683790031428|0.0
0.4912300335795496|0.0
0.5061101299518798|1.0
