PredictedProbability|PredictedLabel
0.4840730662532487|0.0
0.49617995416797983|0.0
0.5121610271039908|1.0
0.5052751721913068|1.0
0.5164278763910272|1.0
0.4873153589383351|0.0
0.482583609542584|0.0
0.4983194552159874|0.0
0.4886770372120256|0.0
0.48080365912595907|0.0
0.45871370113294824|0.0
0.4840565566028942|0.0
0.4953786425087736|0.0
0.4577921915133803|0.0
0.44940152324436256|0.0
0.4741314163019885|0.0
0.4710854062652472|0.0
0.4792355578301135|0.0
0.4732569775098204|0.0
0.47113838040440015|0.0
0.4901097147491363|0.0
0.4976022607612371|0.0
0.4820529076432432|0.0
0.4851143560129282|0.0
0.4813455564859401|0.0
