PredictedProbability|PredictedLabel
0.40630247973340783|0.0
0.4732908719333747|0.0
0.5980221898064546|1.0
0.5731334281682247|1.0
0.3971428231995329|0.0
0.37255253579058256|0.0
0.3395132137085002|0.0
0.3152200783304894|0.0
0.3302330917796651|0.0
0.4025965647386916|0.0
0.3951546976598764|0.0
0.38888682751745046|0.0
0.41573559088740925|0.0
0.41550466669420394|0.0
0.37364022778343337|0.0
0.41309304312412937|0.0
0.3707668974856424|0.0
0.48169409655154644|0.0
0.42846339196236244|0.0
0.41443424046754845|0.0
0.3729565464071055|0.0
0.3501606045566623|0.0
0.3705966755252234|0.0
0.3785138475300948|0.0
