PredictedProbability|PredictedLabel
0.4309371154191282|0.0
0.4789013795408873|0.0
0.6210385438003971|1.0
0.5676631291678118|1.0
0.46999195762758256|0.0
0.40863030661706257|0.0
0.39457621673547894|0.0
0.3935737885026173|0.0
0.42705251556820184|0.0
0.41971950909047157|0.0
0.4277664390005415|0.0
0.3887807135024993|0.0
0.4114826011475261|0.0
0.42917769453596566|0.0
0.41310040804843934|0.0
0.410413776787063|0.0
0.3986424696127548|0.0
0.41726884354627897|0.0
0.415642549040715|0.0
0.37424954598444643|0.0
0.4102579327320905|0.0
0.4789013795408873|0.0
0.43608301131433524|0.0
0.4114610497960472|0.0
0.4160943557642614|0.0
0.4084283653467468|0.0
0.4402193332917637|0.0
0.4228886823050384|0.0
0.41521648955058843|0.0
0.41904618705413244|0.0
0.4130884150068177|0.0
0.42805653533859656|0.0
