PredictedProbability|PredictedLabel
0.4499165045669974|0.0
0.49162049581155415|0.0
0.6411058368695258|1.0
0.5721585366734495|1.0
0.6085052361180594|1.0
0.5738437855479195|1.0
0.5579959469731475|1.0
0.4991513111477136|0.0
0.48862587457415896|0.0
0.49490344248714124|0.0
0.44078080601104225|0.0
0.43316802685125677|0.0
0.45294766712342693|0.0
0.45714594293403504|0.0
0.4615109776890034|0.0
0.4177897588344987|0.0
0.4601803060300543|0.0
0.4368956815362631|0.0
0.45679787235633185|0.0
0.3752440457399059|0.0
0.4623267783907644|0.0
0.4434965884406968|0.0
0.40005992584759453|0.0
0.427637549491941|0.0
0.4341256605727772|0.0
0.43481916680328964|0.0
0.4531308882980498|0.0
0.4389670892165168|0.0
0.45124002155711185|0.0
0.41551858909221195|0.0
0.3980961733879173|0.0
0.37076727611240073|0.0
0.39962108001031327|0.0
0.40512811221395834|0.0
0.42002108729202886|0.0
0.4374540480790622|0.0
0.42702605741520594|0.0
0.40487073361011655|0.0
0.4314282664114195|0.0
0.420240015908736|0.0
0.43305835282347255|0.0
0.42106305526529597|0.0
0.4114435090411441|0.0
0.4443874629561992|0.0
0.4384965245683245|0.0
0.45204682924399925|0.0
0.44122243185736654|0.0
0.42949621452818104|0.0
0.42752246110404646|0.0
0.41333762733150337|0.0
0.4556375030437498|0.0
0.42704156577377994|0.0
0.4152876619617908|0.0
