PredictedProbability|PredictedLabel
0.49573941626188134|0.0
0.4858659015118535|0.0
0.49072271164384523|0.0
0.5639371792294621|1.0
0.5076044623168063|1.0
0.49594290382656114|0.0
0.4799139296022063|0.0
0.48422675293530154|0.0
0.5413896255711685|1.0
0.4407583444458795|0.0
0.47213119627510874|0.0
0.4519225732045644|0.0
0.45586689861550894|0.0
0.48406811189089943|0.0
0.5065000086176121|1.0
0.49863388011970733|0.0
0.495526569428087|0.0
0.4954704262679713|0.0
0.4936892156509899|0.0
0.499123227917853|0.0
0.49397247031580244|0.0
0.49228203332886156|0.0
0.5026518272032416|1.0
0.5585480967030629|1.0
0.5536486292037164|1.0
0.4858659015118535|0.0
0.5278959190109169|1.0
0.5217574888252408|1.0
0.4967959324846703|0.0
0.5000169683858794|1.0
0.5089853865895639|1.0
0.4652780120577873|0.0
0.4858659015118535|0.0
0.44067395896062456|0.0
0.46846142927367307|0.0
0.47492169738130896|0.0
0.4853033782368959|0.0
0.47413838240091327|0.0
0.4549046161147174|0.0
0.4689864451239173|0.0
0.4800219128562329|0.0
0.501544843175806|1.0
0.4982429082631995|0.0
0.515465402813568|1.0
0.5067227971798562|1.0
0.5062145174682801|1.0
0.5628736119513483|1.0
0.5213114470162842|1.0
0.4987278700986208|0.0
