PredictedProbability|PredictedLabel
0.5082171867462224|1.0
0.47933492377878195|0.0
0.499772985988928|0.0
0.4440636499966001|0.0
0.47243610577055173|0.0
0.46829413049700125|0.0
0.503382746118796|1.0
0.49759583352036724|0.0
0.5113846013378518|1.0
0.5250413082704366|1.0
0.518513696778741|1.0
0.5403301271877444|1.0
0.5108358129878965|1.0
0.5140818235704557|1.0
0.48802151147239337|0.0
0.5030582303871066|1.0
0.4468004059016908|0.0
0.5048186013851012|1.0
0.46518180441937973|0.0
0.47650325249725817|0.0
0.49388542073285463|0.0
0.523051760236449|1.0
0.4921537087441724|0.0
0.5067591143389405|1.0
0.5633967571022443|1.0
0.5189652201483116|1.0
0.5288706786151169|1.0
0.49582372784820883|0.0
0.5015655180637354|1.0
0.5256654353654824|1.0
0.5209939616863973|1.0
0.48639035369953854|0.0
0.4787302408599064|0.0
0.48227510424822867|0.0
0.4846495751977842|0.0
0.47231004825690487|0.0
0.4610631621806567|0.0
0.49152368479563735|0.0
0.4822237344907014|0.0
0.46258813013740974|0.0
0.5040091841667699|1.0
0.5161095120910193|1.0
0.5436886400084018|1.0
0.518506851771847|1.0
0.5079156827655963|1.0
0.6677288997102332|1.0
0.5648402917158671|1.0
0.5454780949747584|1.0
0.5510932466541947|1.0
0.5542366821390375|1.0
0.5505705760128699|1.0
0.5171660599585276|1.0
0.4880434921385357|0.0
0.5078064104973665|1.0
0.5563023864465666|1.0
