PredictedProbability|PredictedLabel
0.4839401787073297|0.0
0.47651747173788644|0.0
0.34160850602404275|0.0
0.41565899287598795|0.0
0.4178560511432485|0.0
0.40396785202590463|0.0
0.3987755568466129|0.0
0.3949645563717239|0.0
0.40510864147967807|0.0
0.41079976624989833|0.0
0.41675960368447357|0.0
0.40978830346333683|0.0
0.4242441960890971|0.0
0.4656737475671285|0.0
0.5025982040388142|1.0
0.47420286738009637|0.0
0.45999106824474706|0.0
0.5175899561927588|1.0
0.5413121950823949|1.0
0.5135587731054433|1.0
0.49675017265659877|0.0
0.474393523786112|0.0
0.5156631656971687|1.0
0.4800284778373453|0.0
0.4849731163741574|0.0
0.53936677822364|1.0
0.5472661304759469|1.0
0.531873064557912|1.0
0.5397122490424545|1.0
0.537616415631159|1.0
0.5676055169037926|1.0
0.5501489029860541|1.0
0.6264967293998149|1.0
0.5884275371338193|1.0
0.5822215698903082|1.0
0.5480310155419185|1.0
0.48420751697694847|0.0
0.45552089636219417|0.0
0.46331354244584566|0.0
0.4858654328105377|0.0
0.49663311708096053|0.0
0.4898149723530445|0.0
0.48382610638441653|0.0
0.46190839917143334|0.0
0.4676792909491116|0.0
0.47651747173788644|0.0
0.4969042793158143|0.0
0.49423324421546|0.0
0.4816023891902866|0.0
