PredictedProbability|PredictedLabel
0.571890357310084|1.0
0.4821536909997845|0.0
0.6552942191990074|1.0
0.6784113316726914|1.0
0.6489891506216507|1.0
0.618987617133743|1.0
0.5708908549680908|1.0
0.5723935316413363|1.0
0.5849731543023148|1.0
0.5681610082799736|1.0
0.5799954930928611|1.0
0.564116988958988|1.0
0.5241549539139673|1.0
0.5277099659428883|1.0
0.49731778477539945|0.0
0.4245844483423106|0.0
0.5752830549351731|1.0
0.5731904682739036|1.0
0.5719753594897171|1.0
0.5477505332121682|1.0
0.549703491438721|1.0
0.5306647627388142|1.0
0.5523704336710811|1.0
0.5047891689529286|1.0
0.5317111979913679|1.0
0.5335356883656024|1.0
0.5673065717376213|1.0
0.620307574943702|1.0
0.5979473701170864|1.0
0.5722676579669617|1.0
0.5753800868081439|1.0
0.5712276071052657|1.0
0.5838575239333602|1.0
0.5871072904199427|1.0
0.6273277766825226|1.0
0.6143529626168697|1.0
0.6226238503913708|1.0
0.5426024957171874|1.0
0.5957203966927012|1.0
0.6313450689206923|1.0
