PredictedProbability|PredictedLabel
0.49005822735282606|0.0
0.4871838761538433|0.0
0.4012591170230962|0.0
0.37081356969045304|0.0
0.4135282539817116|0.0
0.42847856017047137|0.0
0.40092316458593014|0.0
0.4252612908691735|0.0
0.4173457531286019|0.0
0.4491005347854376|0.0
0.4545715863662538|0.0
0.05256945540193475|0.0
0.44165735721893|0.0
0.47720526423016146|0.0
0.45265160927377596|0.0
0.42134167673106676|0.0
0.4871838761538433|0.0
0.4871838761538433|0.0
0.4871838761538433|0.0
0.4871838761538433|0.0
0.4871838761538433|0.0
0.4871838761538433|0.0
0.5498796323871756|1.0
0.846343427553266|1.0
0.6001755776947078|1.0
0.8004729222435446|1.0
0.7085393686285607|1.0
0.44192460469038697|0.0
0.49545557542506063|0.0
0.4489026644511815|0.0
0.509162654869597|1.0
0.5195891898911338|1.0
0.5325006286466031|1.0
0.510738462956895|1.0
0.4938192375269744|0.0
0.47408949585609184|0.0
0.3590670027291128|0.0
0.5100675721379268|1.0
0.48819142474697047|0.0
0.4947060533925603|0.0
0.5380160618490167|1.0
0.5313285081916118|1.0
0.581257551477934|1.0
0.5470344024406179|1.0
0.5538990410369378|1.0
0.5912036673183165|1.0
0.5443440865036951|1.0
