PredictedProbability|PredictedLabel
0.40324285761787254|0.0
0.4727462033412829|0.0
0.41231316951170077|0.0
0.39453305412521|0.0
0.37909821406676897|0.0
0.3863041296679561|0.0
0.38702400410274945|0.0
0.4273201032082755|0.0
0.46893371267291695|0.0
0.42217285898602014|0.0
0.24940564136455123|0.0
0.384317475819536|0.0
0.3502223744775971|0.0
0.3552162199176285|0.0
0.37244237852604883|0.0
0.3808902638800785|0.0
0.36946309112636816|0.0
0.3780627029019037|0.0
0.41352856352796435|0.0
0.38309359788100283|0.0
0.39040062777408363|0.0
0.42455822044268027|0.0
0.40328630272812416|0.0
0.38670972321678676|0.0
0.4727462033412829|0.0
0.43527363387598034|0.0
0.40450017449116066|0.0
0.40144370899994875|0.0
0.4727462033412829|0.0
0.4061864551283459|0.0
0.3868848045023487|0.0
0.36307503223030263|0.0
0.379533695629499|0.0
0.37556536421275866|0.0
0.2908121440835356|0.0
0.4727462033412829|0.0
0.4727462033412829|0.0
0.3697069903596923|0.0
0.3647878370030938|0.0
0.36267476134941934|0.0
0.44140171320686195|0.0
0.3964131721426917|0.0
0.45311511224332196|0.0
0.4100026928822952|0.0
0.45790199719726143|0.0
0.48110602992578816|0.0
0.4660338063033663|0.0
0.47227208622484407|0.0
