PredictedProbability|PredictedLabel
0.41844584039496424|0.0
0.47911814772801115|0.0
0.4591559994975393|0.0
0.41803931911114256|0.0
0.4227607547257754|0.0
0.4295876641984702|0.0
0.4261358781010851|0.0
0.4411761308239433|0.0
0.44528979752854964|0.0
0.43493434700969325|0.0
0.4510133936347523|0.0
0.43702955524816267|0.0
0.4444794017747637|0.0
0.4142365643244581|0.0
0.3663563145536398|0.0
0.3937724319271373|0.0
0.3999957799661711|0.0
0.3518986443557766|0.0
0.36667831504130766|0.0
0.4342622984504218|0.0
0.3936910304168522|0.0
0.39678638373543057|0.0
0.40139998018173645|0.0
0.3776476351867052|0.0
0.39479566209168526|0.0
0.4260168208094125|0.0
0.43020087738634905|0.0
0.4185333448443751|0.0
0.3929674681109003|0.0
0.44862503869039944|0.0
0.4665096020420845|0.0
