PredictedProbability|PredictedLabel
0.4482379339229078|0.0
0.48309057406774003|0.0
0.48309057406774003|0.0
0.48309057406774003|0.0
0.48309057406774003|0.0
0.48309057406774003|0.0
0.34173661393132054|0.0
0.48309057406774003|0.0
0.48309057406774003|0.0
0.48309057406774003|0.0
0.30482537472063975|0.0
0.48309057406774003|0.0
0.48309057406774003|0.0
0.48309057406774003|0.0
0.3370004518354856|0.0
0.48309057406774003|0.0
0.3314141629643905|0.0
0.48309057406774003|0.0
0.3922737863846222|0.0
0.48309057406774003|0.0
0.48309057406774003|0.0
0.48309057406774003|0.0
0.38394359416289064|0.0
0.48309057406774003|0.0
0.48309057406774003|0.0
