PredictedProbability|PredictedLabel
0.3636143368073609|0.0
0.4850005328057029|0.0
0.3371924801962371|0.0
0.19890646449265015|0.0
0.33558645580018015|0.0
0.3464891984432403|0.0
0.3796337052342687|0.0
0.17891651838739323|0.0
0.36733899625753325|0.0
0.38555433323336946|0.0
0.42231457085380214|0.0
0.4850005328057029|0.0
0.24661445875134225|0.0
0.40617601345856713|0.0
0.40412813943149556|0.0
0.33306035224137354|0.0
0.40930430817879254|0.0
0.4850005328057029|0.0
0.39517442704400757|0.0
0.3055896986020122|0.0
0.3384335435687808|0.0
0.4850005328057029|0.0
0.42749035248950257|0.0
0.4850005328057029|0.0
0.23178193378884487|0.0
0.435457778872627|0.0
0.415524586936339|0.0
0.4259672852806895|0.0
0.3897342441165733|0.0
0.4151967700171702|0.0
0.17061814263448022|0.0
0.37585178152169674|0.0
0.3981698558067614|0.0
0.4460137497906683|0.0
0.3580522048078488|0.0
0.1976287264206668|0.0
0.3496969083971532|0.0
0.39103819158500497|0.0
0.3938427855395265|0.0
0.36278418479510166|0.0
