PredictedProbability|PredictedLabel
0.39842738839055547|0.0
0.4858659015118535|0.0
0.25620019550689777|0.0
0.2894874889849547|0.0
0.30327444869954695|0.0
0.2885580534393768|0.0
0.346741824289492|0.0
0.3084098196863926|0.0
0.3501733764055205|0.0
0.3021013188424878|0.0
0.31649656859325764|0.0
0.3738696572393072|0.0
0.3158169518131303|0.0
0.3509073466635838|0.0
0.3094345830547414|0.0
0.32021451747589724|0.0
0.37669183801646483|0.0
0.4858659015118535|0.0
0.4948289486273498|0.0
0.40630169396836513|0.0
0.4582645033654014|0.0
0.39130202385295226|0.0
0.3643762582470105|0.0
0.45688449486243243|0.0
0.5190373175248834|1.0
0.5171475625605297|1.0
0.46582822017410674|0.0
0.4389171876360974|0.0
0.4618792905074993|0.0
0.41417857082473863|0.0
0.4112142572288581|0.0
0.41545764191618195|0.0
0.4151112681795571|0.0
0.438592537319861|0.0
0.4115707640171207|0.0
0.42515156989826525|0.0
0.41534001137950827|0.0
0.41010494337405334|0.0
0.4409788779046955|0.0
0.4781477856808423|0.0
0.4923406702597479|0.0
0.48381498884567464|0.0
0.4479721656101275|0.0
0.42749842172899577|0.0
0.41628805544981606|0.0
0.3760370021073991|0.0
0.398502148512548|0.0
0.39889064432989313|0.0
0.385842268433138|0.0
0.36207976408708714|0.0
