PredictedProbability|PredictedLabel
0.5137176228231046|1.0
0.4858659015118535|0.0
0.5481671890634227|1.0
0.5599358403059126|1.0
0.4858659015118535|0.0
0.4858659015118535|0.0
0.55893658541575|1.0
0.5646502643128498|1.0
0.5185186362540207|1.0
0.5664663478530976|1.0
0.5316669919685193|1.0
0.5133340893890633|1.0
0.5449357619097512|1.0
0.553494402451898|1.0
0.4858659015118535|0.0
0.5423531043476718|1.0
0.55003702745441|1.0
0.5485840503820459|1.0
0.5116481442530917|1.0
0.5243726654162992|1.0
0.4858659015118535|0.0
0.5212564937160108|1.0
0.49248371704396426|0.0
0.5005394743026239|1.0
0.4858659015118535|0.0
0.5182885143122491|1.0
0.5285687847541647|1.0
0.5231749402921093|1.0
0.4986883369739305|0.0
0.5003007232787762|1.0
0.4858659015118535|0.0
0.5266885783844533|1.0
0.4858659015118535|0.0
0.5209015691914641|1.0
0.4419099668684681|0.0
0.485200309171954|0.0
0.4858659015118535|0.0
0.5212008984357251|1.0
0.4858659015118535|0.0
0.5384632379735792|1.0
0.4858659015118535|0.0
0.5189231310167123|1.0
0.4858659015118535|0.0
0.5284380499708131|1.0
0.4858659015118535|0.0
0.49684537022557684|0.0
