PredictedProbability|PredictedLabel
0.42653559160550714|0.0
0.4942257785577725|0.0
0.3815118284074744|0.0
0.42038502100436387|0.0
0.4071027607898326|0.0
0.432161423752929|0.0
0.4427399716322477|0.0
0.4373113977919229|0.0
0.47219549460158966|0.0
0.4942257785577725|0.0
0.4942257785577725|0.0
0.44032528172961377|0.0
0.4013313767766499|0.0
0.3700949948968731|0.0
0.3928578927546435|0.0
0.3960499215507324|0.0
0.4017561653206544|0.0
0.39553939432934193|0.0
0.3666580429330124|0.0
0.3823827373137818|0.0
0.36685197275329084|0.0
0.36202751287302726|0.0
0.36491719869801403|0.0
0.3878616809301316|0.0
0.39829561235821176|0.0
0.42688579648212416|0.0
0.43549100001995306|0.0
0.440017137137026|0.0
0.4549184135336998|0.0
0.43674520675353684|0.0
0.4717541144832917|0.0
0.4584929564317825|0.0
0.40025930305009794|0.0
0.4747488388166932|0.0
0.5177550241853722|1.0
0.4759390162191889|0.0
0.4618331199664592|0.0
0.44276106899273404|0.0
