PredictedProbability|PredictedLabel
0.5529889921876314|1.0
0.4858659015118535|0.0
0.5244548640092055|1.0
0.5182323794135907|1.0
0.6005711411650111|1.0
0.5856460068972712|1.0
0.5813769169580936|1.0
0.5983683835698941|1.0
0.5700292850275092|1.0
0.5458884780685852|1.0
0.5879525461596796|1.0
0.5814775962585892|1.0
0.5687688632597557|1.0
0.5633694693030902|1.0
0.5846887526633657|1.0
0.5681419098955623|1.0
0.551072045404657|1.0
0.5585341510586435|1.0
0.5465863383460959|1.0
0.5749672977033823|1.0
0.5611151670189194|1.0
0.5645566771782453|1.0
0.5461116594628052|1.0
0.5380625304204127|1.0
0.5662846468105354|1.0
0.5427139688292739|1.0
0.5709088047503101|1.0
0.5652423589815648|1.0
0.5309268707977784|1.0
0.5483251082425062|1.0
0.5361195332791231|1.0
0.5285081527130171|1.0
0.522991792165443|1.0
0.48304686425084886|0.0
0.537015430595452|1.0
0.5393930706009854|1.0
0.5343952671978199|1.0
0.5218689574204666|1.0
0.546110745188121|1.0
0.5738442398158734|1.0
0.5736210508730799|1.0
0.5398120869330356|1.0
