PredictedProbability|PredictedLabel
0.5716072990129408|1.0
0.4754562341719629|0.0
0.46098173126499453|0.0
0.4518113295915212|0.0
0.5622023343804902|1.0
0.5240042856411216|1.0
0.6022582698212746|1.0
0.658771525018649|1.0
0.6496190356031691|1.0
0.6228355002869759|1.0
0.6331465163475327|1.0
0.6515295555063232|1.0
0.5865284948841837|1.0
0.5865284948841837|1.0
0.5844440528419966|1.0
0.5900816773573617|1.0
0.5592714504219976|1.0
0.5517446079673946|1.0
0.5566268900506813|1.0
0.6374394850897933|1.0
0.5414110523442369|1.0
0.5923337258680893|1.0
0.4754562341719629|0.0
