PredictedProbability|PredictedLabel
0.48016987365435904|0.0
0.48391759051473215|0.0
0.4840881953784718|0.0
0.4855152357862643|0.0
0.4884056837792363|0.0
0.4846714149421077|0.0
0.4842295114621274|0.0
0.4842295114621274|0.0
0.48624590397256195|0.0
0.4850626942800066|0.0
0.48624590397256195|0.0
0.4842295114621274|0.0
0.4855152357862643|0.0
0.4855152357862643|0.0
0.4855152357862643|0.0
0.4855152357862643|0.0
0.48612040951246055|0.0
0.48612040951246055|0.0
0.485248415616233|0.0
0.485248415616233|0.0
0.48396273321048333|0.0
0.4830026208698496|0.0
0.48373306303977665|0.0
0.48373306303977665|0.0
0.4850187087707975|0.0
0.4842881463497586|0.0
0.4830026208698496|0.0
0.4838356729795359|0.0
0.4830026208698496|0.0
0.48373306303977665|0.0
0.48373306303977665|0.0
0.4842881463497586|0.0
0.48373306303977665|0.0
0.48347709841250947|0.0
0.48219171286622836|0.0
0.48347709841250947|0.0
0.48219171286622836|0.0
0.48347709841250947|0.0
0.48347709841250947|0.0
0.48347709841250947|0.0
0.48420758609196607|0.0
0.48347709841250947|0.0
0.48373306303977665|0.0
