PredictedProbability|PredictedLabel
0.4887953408402975|0.0
0.4908126533636451|0.0
0.49162429448439404|0.0
0.4922887835686839|0.0
0.49281936604712595|0.0
0.493065805180515|0.0
0.492334709732431|0.0
0.493065805180515|0.0
0.49342056300093884|0.0
0.49415170137083003|0.0
0.4945914117528118|0.0
0.493860257964712|0.0
0.49304850554952856|0.0
0.4937796299895133|0.0
0.4918534171946295|0.0
0.49051511995848956|0.0
0.48849785712472343|0.0
0.48849785712472343|0.0
0.48849785712472343|0.0
0.48849785712472343|0.0
0.48849785712472343|0.0
0.48849785712472343|0.0
0.4893314164195205|0.0
0.48922874565836805|0.0
0.48922874565836805|0.0
0.48922874565836805|0.0
0.4899325295763378|0.0
0.4899325295763378|0.0
0.48849785712472343|0.0
0.48849785712472343|0.0
0.48951577340580515|0.0
0.48951577340580515|0.0
0.4905996414239417|0.0
0.4905996414239417|0.0
0.48976599370096824|0.0
0.4879326024814352|0.0
0.4879326024814352|0.0
0.49090276696161056|0.0
0.4896163530167321|0.0
0.4896163530167321|0.0
0.48899935582868603|0.0
0.48899935582868603|0.0
0.48899935582868603|0.0
0.4897302763002417|0.0
0.4897302763002417|0.0
0.4897302763002417|0.0
0.4897302763002417|0.0
0.48899935582868603|0.0
0.48899935582868603|0.0
0.48899935582868603|0.0
