PredictedProbability|PredictedLabel
0.48739162012606735|0.0
0.4837380716656901|0.0
0.4847239174041082|0.0
0.4811786044731883|0.0
0.48470110761213286|0.0
0.4836636624068583|0.0
0.4879426320070308|0.0
0.4879426320070308|0.0
0.48895596764479266|0.0
0.49045062824116575|0.0
0.48799081051595333|0.0
0.48649648906752285|0.0
0.48799081051595333|0.0
0.48631441875344955|0.0
0.48530564212139005|0.0
0.48603629286626515|0.0
0.48603629286626515|0.0
0.48603629286626515|0.0
0.48454229249086417|0.0
0.48603629286626515|0.0
0.4855541998014318|0.0
0.4855541998014318|0.0
0.48415956848846814|0.0
0.48482359014605636|0.0
0.4860179346689933|0.0
0.4869573453426569|0.0
0.4870238905143327|0.0
0.4870238905143327|0.0
0.4870238905143327|0.0
