PredictedProbability|PredictedLabel
0.48872732687167547|0.0
0.48872732687167547|0.0
0.48872732687167547|0.0
0.4887938834755726|0.0
0.489929269407858|0.0
0.48870686834499527|0.0
0.48964177902529904|0.0
0.48870686834499527|0.0
0.48870686834499527|0.0
0.48870686834499527|0.0
0.48870686834499527|0.0
0.4880271744662843|0.0
0.4880271744662843|0.0
0.4872157805264698|0.0
0.4864850349838898|0.0
0.48841043122373773|0.0
0.4896328008747885|0.0
0.4896328008747885|0.0
0.4896328008747885|0.0
0.4896328008747885|0.0
0.4916037651816306|0.0
0.48877849030694925|0.0
0.49074932242541136|0.0
0.4904443701769331|0.0
0.48877849030694925|0.0
0.4924154493937944|0.0
0.4904443701769331|0.0
0.4904443701769331|0.0
0.4924154493937944|0.0
0.4924154493937944|0.0
0.4924154493937944|0.0
0.4966973639483834|0.0
0.49414539569022176|0.0
0.48913313980787737|0.0
0.4910071315368777|0.0
0.4927475119107948|0.0
0.4922479704624527|0.0
0.4919697011191554|0.0
0.4919697011191554|0.0
0.4936359551290509|0.0
0.4936359551290509|0.0
0.4919697011191554|0.0
0.4936359551290509|0.0
0.4936359551290509|0.0
0.492550088733296|0.0
0.492550088733296|0.0
0.492550088733296|0.0
0.49181901608558104|0.0
0.4908839467759298|0.0
0.4908839467759298|0.0
0.492550088733296|0.0
0.49181901608558104|0.0
0.492550088733296|0.0
0.4908839467759298|0.0
0.49181901608558104|0.0
0.492550088733296|0.0
0.4919697011191554|0.0
0.4919697011191554|0.0
0.4936359551290509|0.0
0.4919697011191554|0.0
0.4919697011191554|0.0
0.4919697011191554|0.0
0.4936359551290509|0.0
0.4936359551290509|0.0
0.492550088733296|0.0
0.4908839467759298|0.0
