PredictedProbability|PredictedLabel
0.48398339415186076|0.0
0.4842357669776628|0.0
0.48398552157650054|0.0
0.4842357669776628|0.0
0.4842357669776628|0.0
0.4841588036704615|0.0
0.48256011716187014|0.0
0.48256011716187014|0.0
0.48256011716187014|0.0
0.48256011716187014|0.0
0.48256011716187014|0.0
0.48256011716187014|0.0
0.48256011716187014|0.0
0.48256011716187014|0.0
0.483644950404878|0.0
0.484308928919693|0.0
0.484308928919693|0.0
0.48322400011647026|0.0
0.48322400011647026|0.0
0.484308928919693|0.0
0.484308928919693|0.0
0.48514211985227124|0.0
0.484308928919693|0.0
0.484308928919693|0.0
0.484308928919693|0.0
0.484308928919693|0.0
0.48382787400764377|0.0
0.48274301405595393|0.0
0.48355839373542203|0.0
0.48355839373542203|0.0
0.48355839373542203|0.0
0.4851869191093509|0.0
0.48477036314666067|0.0
0.485434434182173|0.0
0.485434434182173|0.0
0.485434434182173|0.0
0.4844169512736168|0.0
0.4844169512736168|0.0
0.4835838359914358|0.0
0.48400480615802727|0.0
0.48483796578801674|0.0
