PredictedProbability|PredictedLabel
0.4804513726084631|0.0
0.3851930670747966|0.0
0.3886277128091939|0.0
0.38905068170362084|0.0
0.3901877857719438|0.0
0.38813268851552957|0.0
0.38801858392777827|0.0
0.38801858392777827|0.0
0.38801858392777827|0.0
0.38801858392777827|0.0
0.38801858392777827|0.0
0.389382802717202|0.0
0.389382802717202|0.0
0.389382802717202|0.0
0.389382802717202|0.0
0.39035180127826297|0.0
0.3958357718019325|0.0
0.3958357718019325|0.0
0.3958357718019325|0.0
0.3958357718019325|0.0
0.3950382751310363|0.0
0.3958357718019325|0.0
0.39366701643118646|0.0
0.39366701643118646|0.0
0.39366701643118646|0.0
0.39366701643118646|0.0
0.3934909323498988|0.0
0.3926950892351327|0.0
0.3926950892351327|0.0
0.3926950892351327|0.0
0.48115400954263665|0.0
0.4803212780565701|0.0
0.4803212780565701|0.0
0.4803212780565701|0.0
0.4813381895788004|0.0
0.4821710483101|0.0
0.4821710483101|0.0
0.4807376827585775|0.0
0.4807376827585775|0.0
0.4807376827585775|0.0
0.4807376827585775|0.0
0.47972086648810397|0.0
0.47972086648810397|0.0
0.4788883260190509|0.0
0.47972086648810397|0.0
0.4788883260190509|0.0
0.4788883260190509|0.0
0.47972086648810397|0.0
0.47972086648810397|0.0
0.47972086648810397|0.0
0.47972086648810397|0.0
0.4788883260190509|0.0
0.4788883260190509|0.0
0.4788883260190509|0.0
0.4788883260190509|0.0
0.4788883260190509|0.0
0.4788883260190509|0.0
