PredictedProbability|PredictedLabel
0.4945768413013583|0.0
0.488865045166478|0.0
0.488865045166478|0.0
0.489529395993812|0.0
0.48878859940683056|0.0
0.48777956394600036|0.0
0.48777956394600036|0.0
0.48777956394600036|0.0
0.48777956394600036|0.0
0.48777956394600036|0.0
0.48777956394600036|0.0
0.48777956394600036|0.0
0.48851040417214237|0.0
0.48777956394600036|0.0
0.48777956394600036|0.0
0.4899407151650362|0.0
0.488865045166478|0.0
0.49314608151409445|0.0
0.49314608151409445|0.0
0.49314608151409445|0.0
0.49314608151409445|0.0
0.4955512723215897|0.0
0.4898741785882697|0.0
0.49053858467577033|0.0
0.49163161197268274|0.0
0.4909671521427676|0.0
0.48887234279332314|0.0
0.4899579297072686|0.0
0.4911528640394931|0.0
0.49043403059429613|0.0
0.48976962998042256|0.0
0.4905005966411935|0.0
0.48976962998042256|0.0
0.49043403059429613|0.0
0.48976962998042256|0.0
0.4905005966411935|0.0
0.4905005966411935|0.0
0.49043403059429613|0.0
0.48976962998042256|0.0
0.4905005966411935|0.0
0.48976962998042256|0.0
0.4906032779415283|0.0
0.4906032779415283|0.0
0.48976962998042256|0.0
0.48976962998042256|0.0
0.48976962998042256|0.0
0.48976962998042256|0.0
0.49019244845749227|0.0
0.49019244845749227|0.0
0.48952806071325344|0.0
0.48952806071325344|0.0
0.48952806071325344|0.0
0.49293008299145696|0.0
