PredictedProbability|PredictedLabel
0.4852114861350194|0.0
0.4868767870685127|0.0
0.4868767870685127|0.0
0.48646762945563427|0.0
0.48448090651634484|0.0
0.48448090651634484|0.0
0.48556600574995534|0.0
0.48556600574995534|0.0
0.48556600574995534|0.0
0.48285358569515213|0.0
0.48285358569515213|0.0
0.48285358569515213|0.0
0.48285358569515213|0.0
0.48285358569515213|0.0
0.48285358569515213|0.0
0.4836866212430345|0.0
0.48285358569515213|0.0
0.48285358569515213|0.0
0.48176887134811947|0.0
0.4826017818901006|0.0
0.48176887134811947|0.0
0.4826017818901006|0.0
0.48176887134811947|0.0
0.4826017818901006|0.0
0.48176887134811947|0.0
0.4824991890174829|0.0
0.4826017818901006|0.0
0.4826017818901006|0.0
0.48176887134811947|0.0
0.4826017818901006|0.0
0.4826017818901006|0.0
0.4826017818901006|0.0
0.4819379565639812|0.0
0.4811051263861384|0.0
0.4811051263861384|0.0
0.4839362020758961|0.0
0.4839362020758961|0.0
0.48310313887965706|0.0
0.4839362020758961|0.0
0.4839362020758961|0.0
0.4839362020758961|0.0
0.4839362020758961|0.0
0.4839362020758961|0.0
0.48310313887965706|0.0
