PredictedProbability|PredictedLabel
0.48051764805819214|0.0
0.4813779262881556|0.0
0.4813779262881556|0.0
0.48120359837900345|0.0
0.48218874015013613|0.0
0.48354183125159467|0.0
0.48218874015013613|0.0
0.48218874015013613|0.0
0.48218874015013613|0.0
0.4806955053069309|0.0
0.48291910118914155|0.0
0.4806955053069309|0.0
0.4806955053069309|0.0
0.48291910118914155|0.0
0.4814257074158455|0.0
0.4814257074158455|0.0
0.4806955053069309|0.0
0.4806955053069309|0.0
0.48218874015013613|0.0
0.4806955053069309|0.0
0.4837958098484988|0.0
0.48400398658040117|0.0
0.48327351826600573|0.0
0.4825103685060274|0.0
0.4842863280166532|0.0
0.4842863280166532|0.0
0.48302398071097735|0.0
0.48535091214932463|0.0
0.48452103164762467|0.0
0.4838570351821713|0.0
0.48452103164762467|0.0
0.4827721709995193|0.0
0.4827721709995193|0.0
0.4827721709995193|0.0
0.4840967023416941|0.0
0.48343607312552284|0.0
0.481939240303942|0.0
