PredictedProbability|PredictedLabel
0.487059059753354|0.0
0.4853140383625897|0.0
0.4876195316217313|0.0
0.48595609138877516|0.0
0.4852919797552871|0.0
0.48627788285136486|0.0
0.48627788285136486|0.0
0.48629994393204323|0.0
0.48629994393204323|0.0
0.48510556047435877|0.0
0.48659965808149097|0.0
0.48720061702149275|0.0
0.48720061702149275|0.0
0.48640956731324236|0.0
0.48640956731324236|0.0
0.48736300026008855|0.0
0.486766392868977|0.0
0.4844989598484193|0.0
0.48533217002709944|0.0
0.48533217002709944|0.0
0.4864173768900458|0.0
0.4883240207281039|0.0
0.48456656023731265|0.0
0.48539977720437194|0.0
0.48539977720437194|0.0
0.48539977720437194|0.0
0.48456656023731265|0.0
0.48456656023731265|0.0
0.48539977720437194|0.0
0.4859079533705373|0.0
0.48249603689515375|0.0
0.48249603689515375|0.0
0.4847585502674253|0.0
0.483690030979235|0.0
0.485183877018995|0.0
0.4860171545658752|0.0
0.4860171545658752|0.0
0.4860171545658752|0.0
0.4871024434623296|0.0
0.4871024434623296|0.0
0.48754781139999953|0.0
0.48774851780525574|0.0
0.48646247135961657|0.0
0.4856291516946943|0.0
0.48646247135961657|0.0
0.48646247135961657|0.0
0.4856291516946943|0.0
0.4856291516946943|0.0
0.48646247135961657|0.0
0.48774851780525574|0.0
0.48646247135961657|0.0
0.48646247135961657|0.0
0.4856291516946943|0.0
0.48646247135961657|0.0
0.48424139699180146|0.0
0.48424139699180146|0.0
0.48528391671440635|0.0
0.48445071139944706|0.0
