PredictedProbability|PredictedLabel
0.489961480082386|0.0
0.4942249976620906|0.0
0.4946778754770329|0.0
0.4924188727383369|0.0
0.49313871471903475|0.0
0.4865861104369207|0.0
0.48436099329168203|0.0
0.4903882457606226|0.0
0.4848586299630496|0.0
0.48530164660638264|0.0
0.4875610610826452|0.0
0.4863374115008931|0.0
0.4874227373523741|0.0
0.4866370124111677|0.0
0.4866370124111677|0.0
0.48867075052041276|0.0
0.4878372415417873|0.0
0.48867075052041276|0.0
0.4878372415417873|0.0
0.48513957667760926|0.0
0.4859251723961881|0.0
0.4867585193292591|0.0
0.48804460462720994|0.0
0.4859251723961881|0.0
0.4867585193292591|0.0
0.4867585193292591|0.0
0.4867585193292591|0.0
0.4867585193292591|0.0
0.4867585193292591|0.0
0.48831010893567517|0.0
0.4918347997046804|0.0
0.49119387239402823|0.0
0.49547553353632945|0.0
0.49119387239402823|0.0
