PredictedProbability|PredictedLabel
0.4886572471802161|0.0
0.48980019790975887|0.0
0.4906117779519561|0.0
0.49294040886761015|0.0
0.49140544112104745|0.0
0.4865146006344598|0.0
0.48805808725723393|0.0
0.4866280287439731|0.0
0.4874393743045121|0.0
0.48984027714570416|0.0
0.4888956710765365|0.0
0.4888956710765365|0.0
0.4888956710765365|0.0
0.4926589789406125|0.0
0.4903303918873863|0.0
0.4903303918873863|0.0
0.4888150708447166|0.0
0.4898330151282033|0.0
0.48910208829572194|0.0
0.4898330151282033|0.0
0.4866511413372797|0.0
0.4866511413372797|0.0
0.4866511413372797|0.0
0.48800499868869845|0.0
0.4887358544010673|0.0
0.4901882117521099|0.0
0.4901882117521099|0.0
0.4901882117521099|0.0
0.4901882117521099|0.0
0.49193838593768896|0.0
0.49292486048337125|0.0
0.49292486048337125|0.0
0.4925154327230157|0.0
0.4925154327230157|0.0
0.4943898424004259|0.0
0.4943898424004259|0.0
0.49330393323262267|0.0
0.49330393323262267|0.0
0.49330393323262267|0.0
0.49330393323262267|0.0
