PredictedProbability|PredictedLabel
0.48089800439863645|0.0
0.48089800439863645|0.0
0.4850729870090201|0.0
0.4842398031371868|0.0
0.4855255290637542|0.0
0.4889968933030136|0.0
0.4894827202307135|0.0
0.49076912068226886|0.0
0.4892512275124185|0.0
0.4861916167277228|0.0
0.4870249877044932|0.0
0.4862136775988354|0.0
0.4862136775988354|0.0
0.4862136775988354|0.0
0.4866662780595729|0.0
0.48538038130173544|0.0
0.48538038130173544|0.0
0.48538038130173544|0.0
0.48538038130173544|0.0
0.48538038130173544|0.0
0.48538038130173544|0.0
0.4864188718992959|0.0
0.4855855562995901|0.0
0.4863968105318623|0.0
0.4874821431395189|0.0
0.48867682454174366|0.0
0.39800136114590384|0.0
0.3988008963238316|0.0
0.3988008963238316|0.0
0.3969609465816101|0.0
0.3977597726679653|0.0
