PredictedProbability|PredictedLabel
0.49387947351375105|0.0
0.49266176056887506|0.0
0.49293081204583233|0.0
0.48891155862438174|0.0
0.491997510612033|0.0
0.4908454006908135|0.0
0.4919311521562216|0.0
0.488845215864621|0.0
0.48985434758223256|0.0
0.48985434758223256|0.0
0.48985434758223256|0.0
0.488845215864621|0.0
0.4896788004480814|0.0
0.48866539921140467|0.0
0.48783189065222166|0.0
0.4897083999974284|0.0
0.4908698303186268|0.0
0.4908698303186268|0.0
0.4908698303186268|0.0
0.4916432152610401|0.0
0.4916432152610401|0.0
0.4916432152610401|0.0
0.4928608563654918|0.0
0.4903748895012042|0.0
0.4913807608348572|0.0
0.4906964497470712|0.0
0.489478994851784|0.0
0.4893097627986952|0.0
0.4883701338826905|0.0
0.48853935184001435|0.0
0.4904900553599647|0.0
0.489203683676447|0.0
0.49121872506278363|0.0
0.4887191664418235|0.0
0.48961500414097703|0.0
0.48961500414097703|0.0
0.4916661858653719|0.0
0.4913884290279049|0.0
0.4913884290279049|0.0
0.4913884290279049|0.0
0.4913884290279049|0.0
0.4913884290279049|0.0
0.490554731718054|0.0
0.4913884290279049|0.0
0.490554731718054|0.0
0.4926750045185902|0.0
0.4913884290279049|0.0
0.4913884290279049|0.0
0.4913884290279049|0.0
0.490554731718054|0.0
0.4913884290279049|0.0
0.490554731718054|0.0
0.4926750045185902|0.0
0.490554731718054|0.0
0.4913884290279049|0.0
0.490554731718054|0.0
0.490554731718054|0.0
0.4913884290279049|0.0
0.49305462500425784|0.0
0.490554731718054|0.0
0.4913884290279049|0.0
0.4913884290279049|0.0
0.49214381086363934|0.0
0.4929775954708594|0.0
0.49047771487152386|0.0
0.48904733929735705|0.0
0.48904733929735705|0.0
0.48904733929735705|0.0
0.48904733929735705|0.0
0.48904733929735705|0.0
0.48904733929735705|0.0
0.48904733929735705|0.0
0.48904733929735705|0.0
0.48879535841762284|0.0
0.48879535841762284|0.0
0.48879535841762284|0.0
0.48879535841762284|0.0
0.4900635273637783|0.0
0.4900635273637783|0.0
0.4911492176681614|0.0
0.49257981429844944|0.0
0.49257981429844944|0.0
0.4917460499616843|0.0
0.4944542302671406|0.0
0.496120681544354|0.0
0.4944542302671406|0.0
0.4944542302671406|0.0
0.4921896923043558|0.0
0.4921896923043558|0.0
0.4921896923043558|0.0
0.4921896923043558|0.0
0.4948216724939939|0.0
0.49066929898226846|0.0
0.491784171350492|0.0
0.49188686193944947|0.0
0.49286998923192815|0.0
