PredictedProbability|PredictedLabel
0.4831532714545535|0.0
0.4831532714545535|0.0
0.48396428514973533|0.0
0.48592162255169713|0.0
0.4801815324814643|0.0
0.4788967851800381|0.0
0.4795602991896057|0.0
0.4795602991896057|0.0
0.4795602991896057|0.0
0.48064465287798813|0.0
0.482762682252425|0.0
0.482762682252425|0.0
0.482762682252425|0.0
0.4820988418267549|0.0
0.48081370960545716|0.0
0.48081370960545716|0.0
0.48081370960545716|0.0
0.4797293268169295|0.0
0.4797293268169295|0.0
0.47951716324352917|0.0
0.47951716324352917|0.0
0.47974837641180196|0.0
0.47974837641180196|0.0
0.47974837641180196|0.0
0.4812328359600044|0.0
0.4812328359600044|0.0
