PredictedProbability|PredictedLabel
0.48269519188473764|0.0
0.4819648538433292|0.0
0.4733299679309656|0.0
0.4733299679309656|0.0
0.47213816177019136|0.0
0.47413209454977095|0.0
0.47413209454977095|0.0
0.47479502191219003|0.0
0.4734028560689035|0.0
0.47413209454977095|0.0
0.47479502191219003|0.0
0.4740656829910472|0.0
0.4734028560689035|0.0
0.47413209454977095|0.0
0.476098869282017|0.0
0.47413209454977095|0.0
0.47413209454977095|0.0
0.4734028560689035|0.0
0.47413209454977095|0.0
0.47429563888839815|0.0
0.47429563888839815|0.0
0.484624303313652|0.0
0.484624303313652|0.0
0.48508798749956744|0.0
0.48235378408093654|0.0
0.4821224788850083|0.0
0.4828528331482126|0.0
0.4828528331482126|0.0
0.4821224788850083|0.0
0.4821224788850083|0.0
0.4821224788850083|0.0
0.4828528331482126|0.0
0.4828528331482126|0.0
0.4828528331482126|0.0
0.4835561283534856|0.0
0.4842866234851328|0.0
0.4842866234851328|0.0
0.4835561283534856|0.0
0.48313965853140295|0.0
0.4830793776782295|0.0
0.48234900035739986|0.0
0.48153816761798834|0.0
0.4805212250274046|0.0
