PredictedProbability|PredictedLabel
0.007360672307426271|0.0
0.004342764146079216|0.0
0.004198541496738569|0.0
0.003706451675354169|0.0
0.003706451675354169|0.0
0.003706451675354169|0.0
0.003706451675354169|0.0
0.003706451675354169|0.0
0.003706451675354169|0.0
0.003706451675354169|0.0
0.002973084618325281|0.0
0.003327716345527171|0.0
0.003327716345527171|0.0
0.003327716345527171|0.0
0.003327716345527171|0.0
0.003327716345527171|0.0
0.003476692887921837|0.0
0.003476692887921837|0.0
0.005478258305351633|0.0
0.0037610962709969183|0.0
0.003564356744772903|0.0
0.003564356744772903|0.0
0.003564356744772903|0.0
0.003564356744772903|0.0
0.003564356744772903|0.0
0.003564356744772903|0.0
0.003327716345527171|0.0
0.003564356744772903|0.0
0.003564356744772903|0.0
0.003564356744772903|0.0
0.003564356744772903|0.0
0.003564356744772903|0.0
0.003327716345527171|0.0
0.003564356744772903|0.0
0.003327716345527171|0.0
0.003327716345527171|0.0
0.003564356744772903|0.0
0.003564356744772903|0.0
0.003327716345527171|0.0
0.003327716345527171|0.0
0.003327716345527171|0.0
0.003476692887921837|0.0
0.003723887717007694|0.0
0.003723887717007694|0.0
0.003327716345527171|0.0
0.003723887717007694|0.0
