PredictedProbability|PredictedLabel
0.00825015183104471|0.0
0.007303221468255985|0.0
0.006526301875985229|0.0
0.005570879607027448|0.0
0.00506398737822374|0.0
0.004533761226285529|0.0
0.004834312662087433|0.0
0.004834312662087433|0.0
0.004834312662087433|0.0
0.006745650044906621|0.0
0.007927758622437317|0.0
0.008441125355918374|0.0
0.008878051516265115|0.0
0.008878051516265115|0.0
0.008878051516265115|0.0
0.009222835724594553|0.0
0.008878051516265115|0.0
0.008878051516265115|0.0
0.008878051516265115|0.0
0.008878051516265115|0.0
0.01023634472725159|0.0
0.00938746921111838|0.0
0.008878051516265115|0.0
0.008878051516265115|0.0
0.01454009317014009|0.0
0.01454009317014009|0.0
0.01454009317014009|0.0
0.01454009317014009|0.0
0.015231601608960425|0.0
0.01454009317014009|0.0
0.01454009317014009|0.0
0.008878051516265115|0.0
0.008878051516265115|0.0
0.008878051516265115|0.0
0.008878051516265115|0.0
0.008878051516265115|0.0
0.008878051516265115|0.0
0.008886022285070926|0.0
0.00839493857002781|0.0
0.00839493857002781|0.0
0.009680040044697677|0.0
