PredictedProbability|PredictedLabel
0.006295419966549723|0.0
0.01202661355926655|0.0
0.014200844127240618|0.0
0.017793876173487756|0.0
0.015331905711085756|0.0
0.015331905711085756|0.0
0.016815688836803767|0.0
0.008924619298832934|0.0
0.007894708921846003|0.0
0.007055313865222615|0.0
0.007055313865222615|0.0
0.007676665746180996|0.0
0.00687476864944253|0.0
0.00687476864944253|0.0
0.00687476864944253|0.0
0.00687476864944253|0.0
0.00687476864944253|0.0
0.00687476864944253|0.0
0.00687476864944253|0.0
0.00687476864944253|0.0
0.00687476864944253|0.0
0.00687476864944253|0.0
0.007676665746180996|0.0
0.00687476864944253|0.0
0.00687476864944253|0.0
0.00687476864944253|0.0
0.006581145923573795|0.0
0.008658542525430551|0.0
0.008265743076411756|0.0
0.008265743076411756|0.0
0.006622425501554661|0.0
0.00569939406452857|0.0
0.005455696044712975|0.0
0.005455696044712975|0.0
0.005455696044712975|0.0
0.005455696044712975|0.0
0.00569939406452857|0.0
0.005455696044712975|0.0
0.005455696044712975|0.0
0.007159913082478362|0.0
0.006854195833774013|0.0
0.007159913082478362|0.0
0.006854195833774013|0.0
0.006854195833774013|0.0
0.006854195833774013|0.0
0.007159913082478362|0.0
0.006854195833774013|0.0
0.007159913082478362|0.0
0.007159913082478362|0.0
0.007159913082478362|0.0
0.007159913082478362|0.0
0.00569939406452857|0.0
0.005455696044712975|0.0
0.005455696044712975|0.0
0.00569939406452857|0.0
0.006739500431257418|0.0
0.006034903359496754|0.0
0.006034903359496754|0.0
