PredictedProbability|PredictedLabel
0.009922166777242041|0.0
0.012731374548949799|0.0
0.014236387996686134|0.0
0.011376600994509732|0.0
0.013255525471025147|0.0
0.01463461371247424|0.0
0.016653299324779124|0.0
0.014050346979802767|0.0
0.012564750350919942|0.0
0.010170793385928726|0.0
0.007890739372680101|0.0
0.006904083432005102|0.0
0.007232646857273864|0.0
0.006904083432005102|0.0
0.006904083432005102|0.0
0.00783866235223994|0.0
0.00783866235223994|0.0
0.00783866235223994|0.0
0.00783866235223994|0.0
0.010271177451870972|0.0
0.010568229032546964|0.0
0.009652588553016926|0.0
0.009524682285238553|0.0
0.009524682285238553|0.0
0.009524682285238553|0.0
0.011024751328881447|0.0
