PredictedProbability|PredictedLabel
0.006554298192707671|0.0
0.007253222008921373|0.0
0.006765894916522619|0.0
0.006113640975169024|0.0
0.006113640975169024|0.0
0.006113640975169024|0.0
0.006113640975169024|0.0
0.006113640975169024|0.0
0.006113640975169024|0.0
0.006128614844646318|0.0
0.006128614844646318|0.0
0.006128614844646318|0.0
0.006128614844646318|0.0
0.006128614844646318|0.0
0.006128614844646318|0.0
0.006128614844646318|0.0
0.006128614844646318|0.0
0.006128614844646318|0.0
0.0038563944034787963|0.0
0.0036716987502549156|0.0
0.0036716987502549156|0.0
0.0036716987502549156|0.0
0.0036716987502549156|0.0
0.0036716987502549156|0.0
