PredictedProbability|PredictedLabel
0.02705656882868577|0.0
0.02134134614679849|0.0
0.020378197753185875|0.0
0.020378197753185875|0.0
0.020378197753185875|0.0
0.020378197753185875|0.0
0.02182443453976112|0.0
0.02182443453976112|0.0
0.005247746163739605|0.0
0.005270297409986396|0.0
0.00585027426983065|0.0
0.00585027426983065|0.0
0.005270297409986396|0.0
0.005270297409986396|0.0
0.005270297409986396|0.0
0.0055215417016520035|0.0
0.0055215417016520035|0.0
0.0077326757304081485|0.0
0.00602024711676626|0.0
0.00585027426983065|0.0
0.0056505139443304205|0.0
0.0056505139443304205|0.0
0.0056505139443304205|0.0
