PredictedProbability|PredictedLabel
0.011848427940884991|0.0
0.010062207322538128|0.0
0.01068022035430531|0.0
0.00878200718968142|0.0
0.00878200718968142|0.0
0.007865897851845254|0.0
0.007865897851845254|0.0
0.008728989573349442|0.0
0.009134487700540782|0.0
0.008839096885311582|0.0
0.008839096885311582|0.0
0.008446599964323431|0.0
0.013531214519714141|0.0
0.01636326898923774|0.0
0.01636326898923774|0.0
0.01713996162997816|0.0
0.010116989601635986|0.0
0.013531214519714141|0.0
0.009117919697199321|0.0
0.007530246080078699|0.0
0.007865897851845254|0.0
0.007865897851845254|0.0
0.007865897851845254|0.0
0.007865897851845254|0.0
0.007865897851845254|0.0
0.005074378352264873|0.0
0.004978954914160473|0.0
0.004978954914160473|0.0
0.004978954914160473|0.0
0.004978954914160473|0.0
0.004978954914160473|0.0
0.004978954914160473|0.0
0.004978954914160473|0.0
