PredictedProbability|PredictedLabel
0.01014253347512958|0.0
0.011604977173568782|0.0
0.011851162389038498|0.0
0.010982234102347199|0.0
0.012186707461061012|0.0
0.012883506179115578|0.0
0.010634577041546816|0.0
0.013373822087500006|0.0
0.015179890965735634|0.0
0.01604505093159811|0.0
0.007925967280066767|0.0
0.007539024052324204|0.0
0.00707015754155526|0.0
0.006805295766259875|0.0
0.0058476877223062355|0.0
0.007243083095809385|0.0
0.008619158040103166|0.0
0.00777690840997181|0.0
0.007243083095809385|0.0
0.006075507425826279|0.0
0.0058476877223062355|0.0
0.006364891870968005|0.0
0.006075507425826279|0.0
0.0058476877223062355|0.0
0.006370745337542912|0.0
0.0060680861250609385|0.0
0.0066774801430368414|0.0
0.007413369737054768|0.0
0.007946959360014915|0.0
0.0070615298965037675|0.0
0.0066774801430368414|0.0
0.007413369737054768|0.0
0.008802687720860417|0.0
0.0070615298965037675|0.0
0.007411158553149137|0.0
0.0066774801430368414|0.0
0.007413369737054768|0.0
0.0070615298965037675|0.0
0.0066774801430368414|0.0
0.0066774801430368414|0.0
0.0066774801430368414|0.0
0.0066774801430368414|0.0
0.006427233601778744|0.0
0.0066774801430368414|0.0
0.007413369737054768|0.0
0.008805667646956998|0.0
0.00853221548318999|0.0
