PredictedProbability|PredictedLabel
0.004882435756992387|0.0
0.005100658399752749|0.0
0.005100658399752749|0.0
0.0057546770382247096|0.0
0.0057546770382247096|0.0
0.005905936713888123|0.0
0.005905936713888123|0.0
0.005905936713888123|0.0
0.005905936713888123|0.0
0.005905936713888123|0.0
0.005508628292789491|0.0
0.005508628292789491|0.0
0.005508628292789491|0.0
0.005508628292789491|0.0
0.0057546770382247096|0.0
0.0057546770382247096|0.0
0.0057546770382247096|0.0
0.0057546770382247096|0.0
0.0057546770382247096|0.0
0.0057546770382247096|0.0
0.0057546770382247096|0.0
0.0057546770382247096|0.0
0.0057546770382247096|0.0
