PredictedProbability|PredictedLabel
0.008541638160526457|0.0
0.005455467447643056|0.0
0.005301352774760783|0.0
0.005301352774760783|0.0
0.005301352774760783|0.0
0.005301352774760783|0.0
0.005301352774760783|0.0
0.005301352774760783|0.0
0.005301352774760783|0.0
0.005301352774760783|0.0
0.005301352774760783|0.0
0.005301352774760783|0.0
0.005301352774760783|0.0
0.005301352774760783|0.0
0.005301352774760783|0.0
0.010072836408080202|0.0
0.007758611679238793|0.0
0.007758611679238793|0.0
0.007758611679238793|0.0
0.007758611679238793|0.0
0.009202881727198376|0.0
0.008718653503879814|0.0
0.00910679106078645|0.0
0.010165941367866884|0.0
0.009715103893989243|0.0
0.009047988173247408|0.0
0.010039473167285453|0.0
0.008104359455036422|0.0
0.010107414880669989|0.0
0.010107414880669989|0.0
0.008661066593331004|0.0
