PredictedProbability|PredictedLabel
0.00851590400463221|0.0
0.007121414236773459|0.0
0.006286862217881756|0.0
0.0070433622385923786|0.0
0.006723339368346836|0.0
0.006723339368346836|0.0
0.007207623555336346|0.0
0.007207623555336346|0.0
0.006803142152649941|0.0
0.0064582339310974585|0.0
0.0070433622385923786|0.0
0.0070433622385923786|0.0
0.008845220937426505|0.0
0.007970715465955028|0.0
0.007970715465955028|0.0
0.007970715465955028|0.0
0.007608880163753822|0.0
0.007970715465955028|0.0
0.006057337084181528|0.0
0.0070433622385923786|0.0
0.0070433622385923786|0.0
0.006057337084181528|0.0
0.006057337084181528|0.0
0.006345861577717091|0.0
0.006345861577717091|0.0
0.006057337084181528|0.0
0.006057337084181528|0.0
0.007121000262152563|0.0
0.006892837156560895|0.0
0.006892837156560895|0.0
0.006892837156560895|0.0
0.006892837156560895|0.0
0.006892837156560895|0.0
0.006892837156560895|0.0
0.007220869266213064|0.0
0.006892837156560895|0.0
0.006892837156560895|0.0
0.007389239495264115|0.0
0.007389239495264115|0.0
0.007389239495264115|0.0
0.007389239495264115|0.0
0.006892837156560895|0.0
0.006892837156560895|0.0
0.007220869266213064|0.0
0.006892837156560895|0.0
0.006892837156560895|0.0
0.007220869266213064|0.0
0.006892837156560895|0.0
0.006892837156560895|0.0
0.007389239495264115|0.0
0.006892837156560895|0.0
0.0062402378082443795|0.0
