PredictedProbability|PredictedLabel
0.030292049746019827|0.0
0.028479685793857904|0.0
0.016618370422137874|0.0
0.020409723222741545|0.0
0.016820293042805242|0.0
0.01812234186789367|0.0
0.013641844004211562|0.0
0.013118136049801141|0.0
0.013118136049801141|0.0
0.014752214418799873|0.0
0.015340144725300308|0.0
0.015198826077021343|0.0
0.015198826077021343|0.0
0.006900936372446603|0.0
0.011426354650149692|0.0
0.013700196335643691|0.0
0.012264142490071395|0.0
0.012754197556093099|0.0
0.012754197556093099|0.0
0.012754197556093099|0.0
0.012754197556093099|0.0
0.01782911634991915|0.0
0.017788255876925004|0.0
0.01791031273776508|0.0
0.01791031273776508|0.0
0.02983575834573854|0.0
0.0334192911863489|0.0
0.039302910800112556|0.0
0.04406026080291316|0.0
0.04203460047124422|0.0
0.023591433297048922|0.0
0.024720577674033874|0.0
0.021170870022998306|0.0
0.021170870022998306|0.0
0.018950948215504575|0.0
0.018950948215504575|0.0
0.018950948215504575|0.0
0.015464322302908742|0.0
0.014871704615835821|0.0
0.014871704615835821|0.0
0.026203693566464136|0.0
