PredictedProbability|PredictedLabel
0.006845393565390532|0.0
0.006845393565390532|0.0
0.006867317459658393|0.0
0.006972748230510387|0.0
0.006972748230510387|0.0
0.006972748230510387|0.0
0.006972748230510387|0.0
0.006972748230510387|0.0
0.006972748230510387|0.0
0.006972748230510387|0.0
0.006972748230510387|0.0
0.00919498150282274|0.0
0.007606717622049949|0.0
0.007606717622049949|0.0
0.006112445554283749|0.0
0.006112445554283749|0.0
0.006385291274224587|0.0
0.006385291274224587|0.0
0.006682654556477855|0.0
0.006682654556477855|0.0
0.007130503945038566|0.0
0.006055612820187721|0.0
0.006385291274224587|0.0
0.006385291274224587|0.0
0.006385291274224587|0.0
0.006385291274224587|0.0
0.006325937802520623|0.0
0.006385291274224587|0.0
0.00708709491008281|0.0
0.006385291274224587|0.0
0.007130503945038566|0.0
0.007130503945038566|0.0
0.009891767809916753|0.0
0.01017795936690548|0.0
0.010083709522018968|0.0
0.007269258955507274|0.0
0.007130503945038566|0.0
0.007130503945038566|0.0
0.007130503945038566|0.0
0.009326301505814713|0.0
0.007269258955507274|0.0
0.00991853153158092|0.0
0.010083709522018968|0.0
0.010083709522018968|0.0
0.00733739783664111|0.0
0.007064272714786122|0.0
0.007064272714786122|0.0
