PredictedProbability|PredictedLabel
0.005779811542303744|0.0
0.007452483684219184|0.0
0.016719921620387785|0.0
0.01699454148448656|0.0
0.017511221665188734|0.0
0.012157887943501733|0.0
0.01083393809589809|0.0
0.007576001913320206|0.0
0.007392235296745419|0.0
0.013058169069513365|0.0
0.01232611565694804|0.0
0.011780609159425926|0.0
0.011417059902721667|0.0
0.011417059902721667|0.0
0.015797125850346684|0.0
0.014518087576943488|0.0
0.012741987957276222|0.0
0.014550139228510683|0.0
0.014955203398259342|0.0
0.018875692128064534|0.0
0.021157324527923266|0.0
0.020780547988507612|0.0
0.020780547988507612|0.0
0.026680085967817554|0.0
0.02636842572452896|0.0
0.016430823376625985|0.0
0.015971646115942137|0.0
0.01612003282200127|0.0
0.017175407588812076|0.0
0.02587460941267873|0.0
0.02129670528078606|0.0
0.019671905083409536|0.0
0.020168308400072287|0.0
0.017552108359680726|0.0
0.011329207087852811|0.0
0.01101100398658378|0.0
0.008933239838561842|0.0
0.008525199003750351|0.0
0.008525199003750351|0.0
0.009087934631039612|0.0
0.009087934631039612|0.0
0.009087934631039612|0.0
0.009087934631039612|0.0
0.009087934631039612|0.0
0.009087934631039612|0.0
0.009087934631039612|0.0
0.009087934631039612|0.0
0.009087934631039612|0.0
0.013941387791127946|0.0
0.01021776072117932|0.0
0.008914579217681115|0.0
0.00875111779549486|0.0
0.009774741734433611|0.0
0.009774741734433611|0.0
0.009328625674241454|0.0
0.011570825616818955|0.0
0.00928852260614418|0.0
