PredictedProbability|PredictedLabel
0.007378737936622635|0.0
0.009378330320769759|0.0
0.007493416303210283|0.0
0.009378330320769759|0.0
0.007493416303210283|0.0
0.009524263134924438|0.0
0.00901789485432869|0.0
0.010453905909496993|0.0
0.01082733635991243|0.0
0.011364596937730616|0.0
0.01058801633707754|0.0
0.011186997967429363|0.0
0.011827312164497861|0.0
0.012185836089809401|0.0
0.01152835215566825|0.0
0.009977253537210962|0.0
0.009430113104430928|0.0
0.010179595616718466|0.0
0.00896990719669996|0.0
0.00896990719669996|0.0
