PredictedProbability|PredictedLabel
0.42086207661478187|0.0
0.45074082337248467|0.0
0.47079879131852564|0.0
0.4867942226825378|0.0
0.4867942226825378|0.0
0.4867942226825378|0.0
0.4867942226825378|0.0
0.4867942226825378|0.0
0.4867942226825378|0.0
0.4867942226825378|0.0
0.4867942226825378|0.0
0.4867942226825378|0.0
0.4867942226825378|0.0
0.44826082415311364|0.0
0.47225334770629435|0.0
0.4375726531959622|0.0
0.41162846204539916|0.0
0.40094029108824786|0.0
0.40094029108824786|0.0
0.40094029108824786|0.0
0.40094029108824786|0.0
0.40094029108824786|0.0
0.40094029108824786|0.0
0.40094029108824786|0.0
0.40094029108824786|0.0
0.40094029108824786|0.0
0.40094029108824786|0.0
0.40094029108824786|0.0
0.40094029108824786|0.0
