PredictedProbability|PredictedLabel
0.36026038954275613|0.0
0.36929142835820017|0.0
0.4125226835824824|0.0
0.4231217383126631|0.0
0.4666005786788257|0.0
0.5294594969220803|1.0
0.6173988318363758|1.0
0.4203860696737148|0.0
0.40349164476703836|0.0
0.44290970515384087|0.0
0.48576934080666573|0.0
0.49273083720032346|0.0
0.4038067134061417|0.0
0.42353183580441467|0.0
0.4038067134061417|0.0
0.41598351835228564|0.0
0.4294171084891588|0.0
0.414090699497219|0.0
0.4203860696737148|0.0
0.42353183580441467|0.0
0.4203860696737148|0.0
0.40349164476703836|0.0
0.39751134322964593|0.0
0.40349164476703836|0.0
