PredictedProbability|PredictedLabel
0.42086207661478187|0.0
0.47756060811315504|0.0
0.47610605172538645|0.0
0.5992367159819587|1.0
0.4919336480891506|0.0
0.47756060811315504|0.0
0.47610605172538645|0.0
0.5992367159819587|1.0
0.4919336480891506|0.0
0.47756060811315504|0.0
0.47610605172538645|0.0
0.42086207661478187|0.0
0.5521361818074842|1.0
0.5102390031250682|1.0
0.45997443794186743|0.0
0.45997443794186743|0.0
0.4867942226825378|0.0
0.45997443794186743|0.0
0.4867942226825378|0.0
0.4867942226825378|0.0
0.45997443794186743|0.0
0.42086207661478187|0.0
0.47756060811315504|0.0
0.5885485450248074|1.0
0.4919336480891506|0.0
0.47756060811315504|0.0
0.4492862669847161|0.0
0.5992367159819587|1.0
0.5310460094162359|1.0
0.4867942226825378|0.0
0.4867942226825378|0.0
0.45997443794186743|0.0
0.45997443794186743|0.0
0.45997443794186743|0.0
0.45997443794186743|0.0
0.5724169312412883|1.0
0.5578657941569063|1.0
0.4867942226825378|0.0
0.42086207661478187|0.0
0.5900031014125761|1.0
0.6370309536518516|1.0
0.6477191246090029|1.0
0.5578657941569063|1.0
0.5724169312412883|1.0
