PredictedProbability|PredictedLabel
0.5228335613445145|1.0
0.48198247898223556|0.0
0.4020051173124603|0.0
0.38862770987693146|0.0
0.38862770987693146|0.0
0.38862770987693146|0.0
0.38862770987693146|0.0
0.38862770987693146|0.0
0.38862770987693146|0.0
0.38862770987693146|0.0
0.38862770987693146|0.0
0.5312198117680984|1.0
0.4289099137806588|0.0
0.6295072570349693|1.0
0.36266705529672333|0.0
0.52904370383388|1.0
0.38862770987693146|0.0
0.4012784194649651|0.0
0.4030958088458839|0.0
0.4146558269004939|0.0
0.4030958088458839|0.0
0.4146558269004939|0.0
0.4030958088458839|0.0
0.4146558269004939|0.0
0.4030958088458839|0.0
0.4146558269004939|0.0
0.4030958088458839|0.0
0.4146558269004939|0.0
0.4030958088458839|0.0
0.4020051173124603|0.0
0.38862770987693146|0.0
0.38862770987693146|0.0
0.4745757411973718|0.0
0.49803289519120053|0.0
0.47910552601216433|0.0
0.4012784194649651|0.0
0.4890438401663242|0.0
0.4937018961558297|0.0
