PredictedProbability|PredictedLabel
0.40349164476703836|0.0
0.414090699497219|0.0
0.40349164476703836|0.0
0.4199991703672765|0.0
0.4305982250974572|0.0
0.43689359527395294|0.0
0.40349164476703836|0.0
0.40349164476703836|0.0
0.414090699497219|0.0
0.4199991703672765|0.0
0.43689359527395294|0.0
0.44290970515384087|0.0
0.42690473595897027|0.0
0.42777615039050704|0.0
0.4203860696737148|0.0
0.43689359527395294|0.0
0.41185330177837864|0.0
0.43680718920595113|0.0
0.44340610249400764|0.0
0.46251382890225|0.0
0.45252354737745354|0.0
0.4619038306844825|0.0
0.45252354737745354|0.0
0.44500940577780607|0.0
0.4199991703672765|0.0
0.40349164476703836|0.0
0.4540404445932501|0.0
0.4290302091827206|0.0
0.4199991703672765|0.0
0.4199991703672765|0.0
0.40349164476703836|0.0
0.40349164476703836|0.0
0.4199991703672765|0.0
0.40349164476703836|0.0
0.4199991703672765|0.0
0.4199991703672765|0.0
0.4203860696737148|0.0
0.4536190510137022|0.0
0.44500940577780607|0.0
0.4388784084759374|0.0
0.4469515620213385|0.0
