PredictedProbability|PredictedLabel
0.43949773231790806|0.0
0.43949773231790806|0.0
0.40094029108824786|0.0
0.40094029108824786|0.0
0.46192285948606093|0.0
0.47537489660413595|0.0
0.5000241290893339|1.0
0.45279181222867654|0.0
0.438771083125047|0.0
0.6557382036755072|1.0
0.4400526524153333|0.0
0.4555699137280457|0.0
0.4243204039888792|0.0
0.40094029108824786|0.0
0.45272101387839625|0.0
0.46195462844777896|0.0
0.47264279940493037|0.0
0.41162846204539916|0.0
0.4634327653159647|0.0
0.46195462844777896|0.0
0.47264279940493037|0.0
0.4335540185582619|0.0
0.41162846204539916|0.0
0.4199399066242191|0.0
0.45277215906962864|0.0
0.47359200605540897|0.0
