PredictedProbability|PredictedLabel
0.5221393946558996|1.0
0.44306066248527964|0.0
0.5092481075557427|1.0
0.5881592144820125|1.0
0.5484108972918914|1.0
0.6207130612897145|1.0
0.5074698746632885|1.0
0.40094029108824786|0.0
0.40094029108824786|0.0
0.40094029108824786|0.0
0.40094029108824786|0.0
0.40094029108824786|0.0
0.40094029108824786|0.0
0.40094029108824786|0.0
0.40094029108824786|0.0
0.40094029108824786|0.0
0.40094029108824786|0.0
0.40094029108824786|0.0
0.40094029108824786|0.0
0.40094029108824786|0.0
