PredictedProbability|PredictedLabel
0.40349164476703836|0.0
0.4125226835824824|0.0
0.4452189022222475|0.0
0.48673666323301523|0.0
0.4314019216911433|0.0
0.4388784084759374|0.0
0.4199991703672765|0.0
0.4274833230208781|0.0
0.41097579742063994|0.0
0.44350017443081696|0.0
0.528291771167783|1.0
0.4856279336593522|0.0
0.451025515657694|0.0
0.46602380991094305|0.0
0.40983311024209607|0.0
0.4108817254838306|0.0
0.40349164476703836|0.0
0.40349164476703836|0.0
0.40349164476703836|0.0
0.41097579742063994|0.0
0.41097579742063994|0.0
0.4199991703672765|0.0
0.41623561547084353|0.0
0.40349164476703836|0.0
0.4298550355293008|0.0
0.40349164476703836|0.0
0.40349164476703836|0.0
