PredictedProbability|PredictedLabel
0.4335402451212997|0.0
0.43535763450221865|0.0
0.4020051173124603|0.0
0.4475203739567536|0.0
0.4012784194649651|0.0
0.4157465184339175|0.0
0.41647321628141276|0.0
0.4020051173124603|0.0
0.45623066862077816|0.0
0.4963665873991352|0.0
0.6440101287224362|1.0
0.66623215795167|1.0
0.5729472660398197|1.0
0.5742519091806157|1.0
0.4835388208737183|0.0
0.4983058153721219|0.0
0.5156646800242267|1.0
0.46832085712666477|0.0
0.49258270608964344|0.0
0.4797153318477082|0.0
0.4030958088458839|0.0
0.4152470252182748|0.0
0.4145203273707795|0.0
0.4289884263397319|0.0
