PredictedProbability|PredictedLabel
0.4145203273707795|0.0
0.4030958088458839|0.0
0.5821880994396034|1.0
0.4147336782060583|0.0
0.4769312121349696|0.0
0.4018696177827459|0.0
0.4018696177827459|0.0
0.4018696177827459|0.0
0.4018696177827459|0.0
0.4018696177827459|0.0
0.4018696177827459|0.0
0.4018696177827459|0.0
0.4018696177827459|0.0
0.4018696177827459|0.0
0.4018696177827459|0.0
0.4018696177827459|0.0
0.4018696177827459|0.0
0.4018696177827459|0.0
0.4018696177827459|0.0
0.4018696177827459|0.0
0.4018696177827459|0.0
0.38862770987693146|0.0
0.4018696177827459|0.0
0.4018696177827459|0.0
0.38862770987693146|0.0
0.4018696177827459|0.0
0.4018696177827459|0.0
0.4018696177827459|0.0
0.4018696177827459|0.0
0.4018696177827459|0.0
0.4018696177827459|0.0
0.4018696177827459|0.0
0.4018696177827459|0.0
0.4018696177827459|0.0
0.4018696177827459|0.0
0.4018696177827459|0.0
0.4018696177827459|0.0
0.4018696177827459|0.0
0.4018696177827459|0.0
0.4018696177827459|0.0
0.4018696177827459|0.0
0.4018696177827459|0.0
0.4018696177827459|0.0
0.4018696177827459|0.0
0.4018696177827459|0.0
0.4536225266099373|0.0
0.43653666938129476|0.0
