PredictedProbability|PredictedLabel
0.40349164476703836|0.0
0.4125226835824824|0.0
0.4125226835824824|0.0
0.40349164476703836|0.0
0.40349164476703836|0.0
0.414090699497219|0.0
0.40349164476703836|0.0
0.4125226835824824|0.0
0.4294171084891588|0.0
0.4125226835824824|0.0
0.4125226835824824|0.0
0.40349164476703836|0.0
0.40349164476703836|0.0
0.40349164476703836|0.0
0.40349164476703836|0.0
0.414090699497219|0.0
0.4125226835824824|0.0
0.40349164476703836|0.0
0.4125226835824824|0.0
0.4125226835824824|0.0
0.4125226835824824|0.0
0.4125226835824824|0.0
0.4125226835824824|0.0
0.4125226835824824|0.0
0.4231217383126631|0.0
0.4125226835824824|0.0
0.40349164476703836|0.0
0.414090699497219|0.0
0.4125226835824824|0.0
0.4125226835824824|0.0
0.40349164476703836|0.0
0.40349164476703836|0.0
0.4125226835824824|0.0
0.40349164476703836|0.0
0.40349164476703836|0.0
0.4231217383126631|0.0
0.40349164476703836|0.0
0.40349164476703836|0.0
0.4125226835824824|0.0
0.4125226835824824|0.0
0.4231217383126631|0.0
0.4294171084891588|0.0
0.40398991568714626|0.0
0.38691228849946524|0.0
0.4125226835824824|0.0
0.4294171084891588|0.0
0.414090699497219|0.0
0.40349164476703836|0.0
0.4125226835824824|0.0
0.4125226835824824|0.0
0.4619414854993359|0.0
0.43753291899301194|0.0
0.40349164476703836|0.0
0.4294171084891588|0.0
0.4125226835824824|0.0
0.4125226835824824|0.0
0.4290302091827206|0.0
0.40349164476703836|0.0
