PredictedProbability|PredictedLabel
0.42086207661478187|0.0
0.4697404389084558|0.0
0.4706330097649266|0.0
0.4322656020903805|0.0
0.45997443794186743|0.0
0.4789740534778386|0.0
0.42086207661478187|0.0
0.4775822467753149|0.0
0.4492862669847161|0.0
0.47264279940493037|0.0
0.4867942226825378|0.0
0.47266637988534743|0.0
0.4853347413484103|0.0
0.47264279940493037|0.0
0.45997443794186743|0.0
0.45997443794186743|0.0
0.45997443794186743|0.0
0.45997443794186743|0.0
0.45997443794186743|0.0
0.45074082337248467|0.0
0.4634327653159647|0.0
0.45625282875237144|0.0
0.41751468524992125|0.0
0.4470427946634058|0.0
0.40094029108824786|0.0
0.45074082337248467|0.0
0.4492862669847161|0.0
0.4335540185582619|0.0
0.4470192141829886|0.0
0.40094029108824786|0.0
0.4243204039888792|0.0
0.4363310432258373|0.0
0.40094029108824786|0.0
0.4634327653159647|0.0
0.41017390565763057|0.0
