PredictedProbability|PredictedLabel
0.3592298583916729|0.0
0.36826089720711697|0.0
0.40349164476703836|0.0
0.4125226835824824|0.0
0.40349164476703836|0.0
0.4850664537145068|0.0
0.5451667857314664|1.0
0.49114355105608576|0.0
0.5316319672334825|1.0
0.5312042508288851|1.0
0.4125226835824824|0.0
0.4125226835824824|0.0
0.4231217383126631|0.0
0.4125226835824824|0.0
0.40349164476703836|0.0
0.40349164476703836|0.0
0.40349164476703836|0.0
0.40349164476703836|0.0
0.40349164476703836|0.0
0.40349164476703836|0.0
0.41097579742063994|0.0
0.40349164476703836|0.0
0.41097579742063994|0.0
0.4215748521508206|0.0
0.41097579742063994|0.0
0.41097579742063994|0.0
0.40349164476703836|0.0
0.41097579742063994|0.0
0.4215748521508206|0.0
0.4235504221834737|0.0
0.40349164476703836|0.0
0.43867420916193495|0.0
0.40349164476703836|0.0
0.4323290697873753|0.0
0.40349164476703836|0.0
0.4235504221834737|0.0
0.41097579742063994|0.0
0.41097579742063994|0.0
0.40349164476703836|0.0
0.41097579742063994|0.0
0.4197195386780697|0.0
0.40349164476703836|0.0
0.40349164476703836|0.0
0.40349164476703836|0.0
0.40349164476703836|0.0
0.40349164476703836|0.0
0.40349164476703836|0.0
0.40349164476703836|0.0
0.40349164476703836|0.0
0.41097579742063994|0.0
0.40349164476703836|0.0
0.42601528024716445|0.0
0.4249666650054299|0.0
0.5027450724683399|1.0
0.3858636732577307|0.0
0.3943964411530668|0.0
0.38691228849946524|0.0
