PredictedProbability|PredictedLabel
0.4012784194649651|0.0
0.4030958088458839|0.0
0.4020051173124603|0.0
0.38862770987693146|0.0
0.4012784194649651|0.0
0.4157465184339175|0.0
0.4291239258694463|0.0
0.4512720579786363|0.0
0.45192017646191485|0.0
0.41604611889247545|0.0
0.38862770987693146|0.0
0.38862770987693146|0.0
0.38862770987693146|0.0
0.38862770987693146|0.0
0.38862770987693146|0.0
0.38862770987693146|0.0
0.38862770987693146|0.0
0.38862770987693146|0.0
0.38862770987693146|0.0
0.38862770987693146|0.0
0.38862770987693146|0.0
0.4091495425426179|0.0
0.38862770987693146|0.0
0.38862770987693146|0.0
0.38862770987693146|0.0
0.38862770987693146|0.0
0.38862770987693146|0.0
0.38862770987693146|0.0
0.38862770987693146|0.0
0.4012784194649651|0.0
0.4030958088458839|0.0
0.4146558269004939|0.0
0.4030958088458839|0.0
