PredictedProbability|PredictedLabel
0.40349164476703836|0.0
0.40349164476703836|0.0
0.40349164476703836|0.0
0.4305982250974572|0.0
0.40349164476703836|0.0
0.40349164476703836|0.0
0.36302106933118944|0.0
0.44290970515384087|0.0
0.507928470228149|1.0
0.4865648216034272|0.0
0.42850188017756785|0.0
0.41097579742063994|0.0
0.42850188017756785|0.0
0.4125226835824824|0.0
0.4125226835824824|0.0
0.4290302091827206|0.0
0.4125226835824824|0.0
0.4125226835824824|0.0
0.40349164476703836|0.0
0.40349164476703836|0.0
0.4199991703672765|0.0
0.4199991703672765|0.0
0.40349164476703836|0.0
0.42060916858504405|0.0
0.4292577252110161|0.0
0.414090699497219|0.0
0.4125226835824824|0.0
0.4125226835824824|0.0
0.4125226835824824|0.0
0.4199991703672765|0.0
0.4125226835824824|0.0
0.40349164476703836|0.0
0.41097579742063994|0.0
0.4125226835824824|0.0
0.4125226835824824|0.0
0.40349164476703836|0.0
0.40349164476703836|0.0
0.42060916858504405|0.0
0.4292577252110161|0.0
0.40349164476703836|0.0
0.40349164476703836|0.0
