PredictedProbability|PredictedLabel
0.48804916037082574|0.0
0.4891358904621637|0.0
0.4922120031850287|0.0
0.4923601170090037|0.0
0.49389619775184945|0.0
0.49095376144420466|0.0
0.4902070979308177|0.0
0.49030004745629957|0.0
0.4971703602663735|0.0
0.49149619300651265|0.0
0.491348498337442|0.0
0.48655628040386967|0.0
0.49106193921037444|0.0
0.4922617223597806|0.0
0.4950459556224929|0.0
0.4889162661815166|0.0
0.4890681406637445|0.0
0.4880455024894381|0.0
0.48793957978555236|0.0
0.48665340293130044|0.0
0.48889427752456877|0.0
0.4890744013375777|0.0
0.4895847627595916|0.0
0.48780186015331073|0.0
0.4898262243849738|0.0
0.4887646977638469|0.0
0.48893959394196|0.0
0.4875616497798509|0.0
0.48836153440895796|0.0
0.48779535765584814|0.0
0.48969490747718625|0.0
0.4886082816974829|0.0
0.48982897765165706|0.0
0.4881235296275905|0.0
0.4881933860182549|0.0
0.4871594471945407|0.0
