PredictedProbability|PredictedLabel
0.4863447864872148|0.0
0.4880224861409492|0.0
0.4876599329487127|0.0
0.4891215312077089|0.0
0.4877179155243068|0.0
0.48934970453967436|0.0
0.4885885659630654|0.0
0.48896330697421075|0.0
0.48729598735875923|0.0
0.4868209565721946|0.0
0.4870657318925582|0.0
0.48658743292733064|0.0
0.48883282756680957|0.0
0.4886687514104224|0.0
0.4889425704901668|0.0
0.48729598735875923|0.0
0.48723156136153056|0.0
0.48682307085702703|0.0
0.4874751429524949|0.0
0.4884703290414055|0.0
