PredictedProbability|PredictedLabel
0.49013694953454623|0.0
0.49167364731893193|0.0
0.4019811480703908|0.0
0.3983880243518029|0.0
0.3977576638880193|0.0
0.39896259651679133|0.0
0.40353630547443875|0.0
0.4033141259707674|0.0
0.49210999305115916|0.0
0.4976310278480111|0.0
0.4881414059860164|0.0
0.4944167160381618|0.0
0.49286976894030965|0.0
0.4928298249996295|0.0
0.4943652154527938|0.0
0.4924245319842798|0.0
0.49255762890862564|0.0
0.40083325103509576|0.0
0.4047578037543376|0.0
0.4016812237136979|0.0
0.49391704164488676|0.0
0.4908854695922316|0.0
0.48945897512846387|0.0
0.4921447610561985|0.0
0.4943226768122111|0.0
0.49644600968591557|0.0
0.4936810596235068|0.0
0.4917588691123959|0.0
0.4943587658677267|0.0
0.497221517446291|0.0
0.4980313997969849|0.0
0.5042889491390373|1.0
0.49362470343056203|0.0
0.4100341353609297|0.0
0.3998391146941998|0.0
0.40210390427895415|0.0
0.4903265568078026|0.0
0.49360137678139554|0.0
0.49211720041520085|0.0
0.49462023703567864|0.0
0.4948862380216548|0.0
0.49683238366164906|0.0
0.4939817105219026|0.0
0.4909959265454261|0.0
0.4854074974241911|0.0
0.49001860783277346|0.0
0.4909785014159572|0.0
0.4878334249578807|0.0
0.4866346238236949|0.0
0.4881858305104674|0.0
