PredictedProbability|PredictedLabel
0.4846740425793606|0.0
0.49190541849324043|0.0
0.49150818586545286|0.0
0.49070136656443364|0.0
0.4905895936144114|0.0
0.4896924017778029|0.0
0.49015777935461324|0.0
0.493372432016207|0.0
0.49427148793321646|0.0
0.4924685884439305|0.0
0.4909723928704028|0.0
0.49107853605458435|0.0
0.49218166385476725|0.0
0.48981487878411667|0.0
0.4939181129623729|0.0
0.49212417675444886|0.0
0.4918031394741754|0.0
0.49273487308508623|0.0
0.4926771729449617|0.0
0.4935393751516025|0.0
0.49233212964781364|0.0
0.4919297695658363|0.0
0.49141270798450315|0.0
0.49582783358058785|0.0
0.48968342315945573|0.0
0.49074239798977465|0.0
0.4919071426308263|0.0
0.48989653803924615|0.0
0.48881228536540505|0.0
0.48969597676592785|0.0
0.4908813430182456|0.0
0.4919657682671075|0.0
0.49245771150126494|0.0
0.4919657682671075|0.0
0.4913231318170319|0.0
0.4913231318170319|0.0
0.4919657682671075|0.0
0.4977361909318983|0.0
0.49708190488138243|0.0
0.4965438536413887|0.0
0.4920396824530075|0.0
0.4885352906061517|0.0
0.49305559504258845|0.0
0.4930543191558308|0.0
0.48781041436069267|0.0
0.4870675858964014|0.0
0.4849378877516624|0.0
0.4850789194627688|0.0
0.4857309620035661|0.0
0.48637503073082416|0.0
0.487839443573002|0.0
0.48637503073082416|0.0
0.4870669510060163|0.0
0.4869776887713356|0.0
0.48745727927204496|0.0
0.48659549382569517|0.0
0.4882725968157851|0.0
0.4915916457819966|0.0
0.48797427066082666|0.0
0.48594338736285553|0.0
0.48948732439706577|0.0
0.49057655433655695|0.0
0.4915650203131009|0.0
0.48846907714529053|0.0
0.48659549382569517|0.0
0.48673088459369035|0.0
0.4873034888501804|0.0
0.4862669662692083|0.0
0.487839443573002|0.0
0.48844993652857444|0.0
0.4873132651839173|0.0
0.4875534696147181|0.0
0.4860469180773986|0.0
0.4869110728057185|0.0
0.48637503073082416|0.0
0.4869110728057185|0.0
0.4854782009991381|0.0
0.48625894398154756|0.0
0.48634132194102403|0.0
0.4864907006899102|0.0
0.4866611086146488|0.0
0.48634132194102403|0.0
0.48689135436901926|0.0
0.48731602902904664|0.0
0.4846560841371878|0.0
0.4871617046959252|0.0
