PredictedProbability|PredictedLabel
0.48597576068142634|0.0
0.48624550133299294|0.0
0.4880374787341809|0.0
0.4871485139792953|0.0
0.4875511091872803|0.0
0.4842537155985687|0.0
0.4840411014188148|0.0
0.4864651253125418|0.0
0.48867994624094113|0.0
0.48868797047639473|0.0
0.4893322293287675|0.0
0.488435132174271|0.0
0.4880836177798319|0.0
0.4882660029686033|0.0
0.49181718335726066|0.0
0.48989064014712796|0.0
0.49095029509993504|0.0
0.48809164157045837|0.0
0.48873586571090233|0.0
0.48760845585408985|0.0
0.48851904070047364|0.0
0.4884585700152975|0.0
0.4882131070133876|0.0
0.4881975979729633|0.0
0.48809339486462544|0.0
0.4872803005219712|0.0
0.48813038759405025|0.0
0.48598122985582387|0.0
0.48711303710734477|0.0
0.4866361688040145|0.0
0.4881864745280733|0.0
0.4863833822577233|0.0
0.4866281461949891|0.0
0.4863539008476213|0.0
0.48578143429952153|0.0
0.4852588741051433|0.0
0.4854429453514753|0.0
0.4865621246434427|0.0
0.4869980133767759|0.0
0.4858176597873851|0.0
0.4856501763914374|0.0
0.487046006483697|0.0
0.48728336595927363|0.0
0.4877652238472031|0.0
0.4878765828927083|0.0
0.4872803005219712|0.0
0.48836153440895796|0.0
0.48813038759405025|0.0
