PredictedProbability|PredictedLabel
0.48592012537864193|0.0
0.48643356626042017|0.0
0.4870708516799373|0.0
0.4870776842469123|0.0
0.4877460621604331|0.0
0.48767395450605294|0.0
0.48710444433638067|0.0
0.48377038625306124|0.0
0.48767323446502153|0.0
0.4873364592081259|0.0
0.4870619882812309|0.0
0.48946211431302306|0.0
0.49120970662774593|0.0
0.4889994398821225|0.0
0.48836283007521614|0.0
0.48886833794800155|0.0
0.48706055517327407|0.0
0.48834974766163025|0.0
0.4865768393782179|0.0
0.4882581653836624|0.0
0.4863360074322815|0.0
0.48683076670370073|0.0
0.4885771775502364|0.0
0.4885076024813572|0.0
0.4873295297645588|0.0
0.48785527989405425|0.0
0.48766271699725566|0.0
0.4870574196274218|0.0
0.4861381480997202|0.0
0.4877109263128512|0.0
0.48767323446502153|0.0
0.4881447430210755|0.0
0.48655991250525343|0.0
0.485879760033064|0.0
0.48878963984822793|0.0
0.4876438440778757|0.0
0.48744500148306874|0.0
0.4871650010675022|0.0
0.48699451405818295|0.0
0.48671910478280467|0.0
0.4860569375943667|0.0
0.4871650010675022|0.0
0.48779485157729047|0.0
0.4868053392214724|0.0
0.48834735555063763|0.0
0.4866750879104375|0.0
0.4862476651192384|0.0
0.4853508483156283|0.0
0.4870034930221349|0.0
0.48643356626042017|0.0
0.4881921069409148|0.0
0.4883567605688963|0.0
0.4867160794373115|0.0
