PredictedProbability|PredictedLabel
0.4861131803803533|0.0
0.4866835972136527|0.0
0.4876513996226491|0.0
0.488557725629589|0.0
0.488219189253996|0.0
0.4883031370304022|0.0
0.4861953802103997|0.0
0.48559746582464103|0.0
0.48643363908929943|0.0
0.487519762063824|0.0
0.4875786279038844|0.0
0.48841678314302234|0.0
0.4868475045720592|0.0
0.48865001321669355|0.0
0.4862659377999098|0.0
0.48840352152525646|0.0
0.48957048448244656|0.0
0.4897433879550277|0.0
0.4877854375877627|0.0
0.4862476651192384|0.0
0.48568996173434326|0.0
0.4864860265073351|0.0
0.4879400951997707|0.0
0.48870349468190855|0.0
0.48778027076372216|0.0
0.4871742323201946|0.0
0.4859059724616507|0.0
0.48913194791613124|0.0
0.48870349468190855|0.0
0.48933367943788275|0.0
0.4872167263651207|0.0
0.4881902085027149|0.0
0.4872994209151135|0.0
0.4890579768580042|0.0
0.4892600171153465|0.0
0.4884615180786058|0.0
0.48792152369471437|0.0
0.4896772347718975|0.0
0.4867333041007541|0.0
0.48902772981859993|0.0
0.4889205965250997|0.0
0.4889878019140105|0.0
0.48850000711658353|0.0
0.4860840901773019|0.0
0.48632124712099856|0.0
0.4871481138653637|0.0
0.4865740319670052|0.0
0.48891706115313127|0.0
0.4875855130645596|0.0
0.4876000738835766|0.0
0.48715718127032787|0.0
0.48910200213850064|0.0
0.4882610829936232|0.0
0.4897009505327961|0.0
0.4886933140451131|0.0
0.4893056960483653|0.0
0.4908943466297427|0.0
0.490739468730438|0.0
0.4913794833677667|0.0
0.49057627105304774|0.0
0.4903265731740401|0.0
0.4894547397705285|0.0
0.4894469781619505|0.0
0.4898579696588927|0.0
0.49260025228990834|0.0
0.4929351704572568|0.0
0.49192017465612564|0.0
0.4913137526165264|0.0
0.4875325375803322|0.0
0.4876471657926296|0.0
0.48886469360520873|0.0
0.4891154368102248|0.0
0.4871498396310107|0.0
0.48732838929013045|0.0
0.48690321777249035|0.0
0.4882718172267963|0.0
0.487600379022858|0.0
0.48824022467770956|0.0
0.4897325471501881|0.0
0.4902885825918223|0.0
0.4899971081092238|0.0
0.4891637347025194|0.0
0.48773321342903747|0.0
0.48770307980403255|0.0
0.48770307980403255|0.0
0.48721815949611974|0.0
0.48721815949611974|0.0
0.4887239376215034|0.0
0.4862621562860149|0.0
0.488353897354578|0.0
0.486575784991398|0.0
0.4883505583112276|0.0
0.48632124712099856|0.0
0.48700476285445926|0.0
0.48715613691213744|0.0
0.48770307980403255|0.0
0.48878929094627344|0.0
0.486777977561646|0.0
0.48671730724774565|0.0
0.48780030290233756|0.0
0.48780030290233756|0.0
0.4875484949202156|0.0
0.4898362076381432|0.0
0.4865740319670052|0.0
0.48770307980403255|0.0
0.48721815949611974|0.0
0.48721815949611974|0.0
0.48721815949611974|0.0
0.48721815949611974|0.0
0.48721815949611974|0.0
0.4868900172367513|0.0
0.4873582801083953|0.0
0.48768970934471495|0.0
0.48942342656124205|0.0
0.4881139533447798|0.0
0.4877081108018533|0.0
0.48813065730077865|0.0
0.48567188298330033|0.0
0.4886097009860992|0.0
0.48715613691213744|0.0
0.4873882412349408|0.0
0.4865660094114527|0.0
0.48838348846080126|0.0
0.48804826150799135|0.0
0.48690333644393147|0.0
0.4883496616404852|0.0
0.48780131190207116|0.0
0.48721815949611974|0.0
0.4864183671790103|0.0
0.4878144381731483|0.0
0.48811255377582613|0.0
0.48828525088921737|0.0
0.48828525088921737|0.0
0.4884455184788399|0.0
0.4884455184788399|0.0
0.489075290402684|0.0
0.48659027667517046|0.0
0.49071582345034936|0.0
0.486575784991398|0.0
0.4883505583112276|0.0
0.4874995961243841|0.0
0.4875868937328744|0.0
0.48765518924321216|0.0
0.4882993868157526|0.0
0.4882993868157526|0.0
0.4882993868157526|0.0
0.4882993868157526|0.0
0.4882993868157526|0.0
0.4874995069891254|0.0
0.4882993868157526|0.0
0.4883153861980659|0.0
0.4882993868157526|0.0
0.48798452997793496|0.0
0.4876471657926296|0.0
0.48828625993578334|0.0
0.4907154852722951|0.0
0.4878264542378847|0.0
0.48797402864114425|0.0
0.48920673718875346|0.0
0.49048363421176067|0.0
0.4893984822632148|0.0
0.49211456088384403|0.0
0.48862451652816247|0.0
0.48926877177410805|0.0
0.48895388715028054|0.0
0.4885562147146954|0.0
0.4894648333736464|0.0
0.487402375927669|0.0
0.4867502133254002|0.0
0.4884152722477537|0.0
0.4881913011822319|0.0
0.4903571433504558|0.0
0.48759005275983575|0.0
0.4876471657926296|0.0
0.4890675399607925|0.0
0.48977442290634177|0.0
0.4895960991711724|0.0
0.4897512454129066|0.0
0.48814139425440306|0.0
0.48852221158132214|0.0
0.488354916520917|0.0
0.48938657666807356|0.0
0.4881036802041127|0.0
0.4915745083786151|0.0
0.4872738857189101|0.0
0.48991731381050374|0.0
0.4895274350428934|0.0
0.48942302543819144|0.0
0.4886293133660672|0.0
0.4895406759408377|0.0
0.4893846102038838|0.0
0.48913837480208416|0.0
0.48643186269496275|0.0
0.48790392071055316|0.0
