PredictedProbability|PredictedLabel
0.4854909302399583|0.0
0.48658315586402767|0.0
0.4882131070133876|0.0
0.4882131070133876|0.0
0.4867800387396604|0.0
0.48756089142694853|0.0
0.4875689148088656|0.0
0.4882131070133876|0.0
0.4859528336117193|0.0
0.4882131070133876|0.0
0.48716202076011916|0.0
0.4882131070133876|0.0
0.4861838242512376|0.0
0.48756089142694853|0.0
0.48708400106626654|0.0
0.4882131070133876|0.0
0.48585571857165794|0.0
0.4856087994909047|0.0
0.48570987668578275|0.0
0.4872364081742919|0.0
0.4853708948059483|0.0
0.4870691455134162|0.0
0.48708400106626654|0.0
0.487726729180835|0.0
0.4857436915903747|0.0
0.48656830109584337|0.0
0.48708400106626654|0.0
0.4882131070133876|0.0
0.48585571857165794|0.0
0.4870691455134162|0.0
