PredictedProbability|PredictedLabel
0.48338743855300736|0.0
0.4836617774626429|0.0
0.48874996443738034|0.0
0.48678271664241285|0.0
0.4890915739050893|0.0
0.48927947724245624|0.0
0.48837893408000194|0.0
0.48755056592121276|0.0
0.4881552997528307|0.0
0.4894755047079891|0.0
0.4873606874988477|0.0
0.4871311364812046|0.0
0.488509023826418|0.0
0.48779230843427573|0.0
0.4899729778305096|0.0
0.4894067198998341|0.0
0.48918867642478764|0.0
0.4874907736339494|0.0
0.4884194716291412|0.0
0.48865166628287776|0.0
0.4899664437289078|0.0
0.4901752343245408|0.0
0.48750913026596615|0.0
0.4891584290407523|0.0
0.4882131070133876|0.0
0.4872899528491175|0.0
0.48690864846740906|0.0
0.486859827843813|0.0
0.4863908517889613|0.0
0.48723679135993586|0.0
0.48618812927426847|0.0
0.4884152350638814|0.0
0.486436997471476|0.0
0.4874903699724418|0.0
0.48736483425993127|0.0
0.4879309873318909|0.0
0.48868667438945024|0.0
0.4881044812215335|0.0
0.48769299237083147|0.0
0.48711085523755965|0.0
0.4872899528491175|0.0
0.48690864846740906|0.0
0.4876985177461932|0.0
