PredictedProbability|PredictedLabel
0.487272000621898|0.0
0.48686215326912247|0.0
0.48727346781286934|0.0
0.48678856877419385|0.0
0.4872803005219712|0.0
0.4875801438554895|0.0
0.48679552960543576|0.0
0.48870556699359335|0.0
0.4841567998058703|0.0
0.4880056328235733|0.0
0.48758729523589717|0.0
0.48908510261883537|0.0
0.48771154642544834|0.0
0.48937947691712846|0.0
0.4898065181506801|0.0
0.4872382100942648|0.0
0.4865944012020441|0.0
0.48844722005510205|0.0
0.4877328686057518|0.0
0.4887093641674135|0.0
0.4869551520533225|0.0
0.4888555849552485|0.0
0.48770723718083403|0.0
0.4881789490529042|0.0
0.4875030386728486|0.0
0.4892990482571275|0.0
0.4855112883466381|0.0
0.4903607435995204|0.0
0.48704165524092546|0.0
0.4888919584108015|0.0
0.4873889278483072|0.0
0.4891640662569531|0.0
0.4883637530064314|0.0
0.4893322293287675|0.0
0.48903426802251576|0.0
0.48864009779139195|0.0
0.48678271664241285|0.0
0.488537338338862|0.0
0.48861535069087936|0.0
0.48911766351305924|0.0
0.48721673756296935|0.0
0.4903790248641744|0.0
0.48853141260423344|0.0
0.4895788507865223|0.0
0.48792122791050774|0.0
0.48802159143700413|0.0
0.4883148542402949|0.0
0.49031748732759034|0.0
0.48981561978873145|0.0
0.49225953472390155|0.0
0.4888871552348242|0.0
0.48787920928298645|0.0
0.48711190968380097|0.0
0.4880668949018071|0.0
0.486847977316566|0.0
0.48860176311366543|0.0
0.4883332203572913|0.0
0.48767699394530417|0.0
0.48734883635884463|0.0
0.49068543615250126|0.0
0.48923173882315535|0.0
0.487855262804842|0.0
0.4881008424067042|0.0
0.4883290732055376|0.0
