PredictedProbability|PredictedLabel
0.4867058854226524|0.0
0.49073951931937604|0.0
0.4928955822601329|0.0
0.490717525264424|0.0
0.490272079008478|0.0
0.4878359032593996|0.0
0.4882882448408464|0.0
0.4890876103915715|0.0
0.49048563934797107|0.0
0.4905646119926531|0.0
0.4916292817402516|0.0
0.48919081078894283|0.0
0.4908606754033383|0.0
0.49015739999361146|0.0
0.4906584082766968|0.0
0.4906584082766968|0.0
0.4915689897149605|0.0
0.4897798250029498|0.0
0.4921825727176899|0.0
0.4896076932634992|0.0
0.4909564911218368|0.0
