PredictedProbability|PredictedLabel
0.4864378495600883|0.0
0.48606976847876066|0.0
0.4871216426208626|0.0
0.4863178012979614|0.0
0.4859846418542697|0.0
0.4855063996571049|0.0
0.48677453156911327|0.0
0.48533623284728744|0.0
0.48676084023674776|0.0
0.4860326840025077|0.0
0.48613593007911254|0.0
0.48582612049715646|0.0
0.48607626827092204|0.0
0.486130434522792|0.0
0.4867138612773965|0.0
0.4867090321310895|0.0
0.48656256349686705|0.0
0.48559262250537544|0.0
0.48667405549182063|0.0
0.4853253448701734|0.0
0.4859846418542697|0.0
0.48550100113081557|0.0
0.48615045210353613|0.0
0.4861341872486286|0.0
0.48640450754894843|0.0
0.4859926638975012|0.0
0.48614505318265105|0.0
0.48663675127007494|0.0
0.4856587805329777|0.0
0.48770803676711033|0.0
0.48865193067073737|0.0
0.4863178012979614|0.0
0.48549154667686456|0.0
0.4856387640636968|0.0
0.4862221590708297|0.0
0.4863178012979614|0.0
0.4870400411400967|0.0
0.4865705860494469|0.0
0.48769222307898163|0.0
0.48582612049715646|0.0
0.47842808418004656|0.0
0.47969519812459055|0.0
0.4812514946399485|0.0
