PredictedProbability|PredictedLabel
0.48643186020921975|0.0
0.4847269008915286|0.0
0.48520366656567654|0.0
0.48407493748635133|0.0
0.48594429327462674|0.0
0.4876855756484546|0.0
0.4882508972030282|0.0
0.4856792665569864|0.0
0.4858041215455637|0.0
0.4866361688040145|0.0
0.4872803005219712|0.0
0.48715751263312396|0.0
0.4900243520623579|0.0
0.48619380099141984|0.0
0.4855232129877177|0.0
0.4875935080074924|0.0
0.48868212833312685|0.0
0.48723811279718826|0.0
0.48573438888241993|0.0
0.4881741351896283|0.0
0.4883126249215979|0.0
0.487821964728172|0.0
0.48917723372087335|0.0
0.4884389331551727|0.0
0.4863686824850775|0.0
0.4884264516071976|0.0
0.48791048083274835|0.0
0.4887106794291738|0.0
0.487084532995637|0.0
0.48683670949672253|0.0
0.4868649032863628|0.0
0.4862809139227148|0.0
0.4896168287286787|0.0
0.4886709464255616|0.0
0.48934667485715544|0.0
0.48818210945379303|0.0
0.48976825853984385|0.0
0.48997362090906016|0.0
0.48767894876790163|0.0
0.4869384971586359|0.0
0.48791081415775756|0.0
0.4888776265792964|0.0
0.48772816238513317|0.0
0.4873062337873984|0.0
