PredictedProbability|PredictedLabel
0.4917412564257369|0.0
0.49207590436325566|0.0
0.48837718801915764|0.0
0.4876858425305628|0.0
0.48769663743989283|0.0
0.48682341358514486|0.0
0.4877099329477904|0.0
0.4863317453699824|0.0
0.4866674066704695|0.0
0.48891786299818796|0.0
0.48915385317662435|0.0
0.48988772234796013|0.0
0.48589169786982467|0.0
0.48887859387412486|0.0
0.48948211018877835|0.0
0.48923743978966183|0.0
0.4855110051569346|0.0
0.48538861511252485|0.0
0.4878415422883261|0.0
0.4876013418885475|0.0
0.4881597216550837|0.0
0.4887730222325564|0.0
0.48671185074513285|0.0
0.4887144280930198|0.0
0.48503826500220876|0.0
0.4853541957419881|0.0
0.4881996734421759|0.0
0.48697802919896166|0.0
0.4879332573520518|0.0
0.4874610119208319|0.0
0.48779288239770346|0.0
0.4861641803948381|0.0
0.48617220259860183|0.0
0.49039337731800237|0.0
0.48928744384406453|0.0
0.49178710723404234|0.0
0.4862659606865987|0.0
0.487080723503041|0.0
0.4852771462775359|0.0
0.4839513319438326|0.0
0.48460385067526685|0.0
0.49041618367099565|0.0
0.49128068108487044|0.0
0.48765220541216636|0.0
0.4914851219821486|0.0
0.49156865482202916|0.0
0.4912052141562997|0.0
0.48626633778595363|0.0
0.4855098917605275|0.0
0.48518181142694655|0.0
0.48645191163158075|0.0
0.48702481301148653|0.0
