PredictedProbability|PredictedLabel
0.49021684940434473|0.0
0.48828696055819804|0.0
0.48851822332501704|0.0
0.49043524112847514|0.0
0.4892607177990679|0.0
0.4898110013222864|0.0
0.49112865697571195|0.0
0.49053098297495623|0.0
0.4905760179312255|0.0
0.4908695160417988|0.0
0.49053729544906327|0.0
0.48853718945714636|0.0
0.48640459060334224|0.0
0.48912228445917433|0.0
0.49015439013737455|0.0
0.4904942902681222|0.0
0.491247090105129|0.0
0.4912616407547051|0.0
0.491247090105129|0.0
0.4906807763205688|0.0
0.4903578440968803|0.0
0.4912616407547051|0.0
0.4920164345131563|0.0
0.4962476263212202|0.0
0.4970151859356554|0.0
0.49202056513735587|0.0
0.4912017603347426|0.0
0.49063145654810075|0.0
0.49124906212627006|0.0
0.4889756689962836|0.0
0.49018167631441034|0.0
0.49082091005162126|0.0
0.4918561609770094|0.0
0.4907204036490266|0.0
0.48651095528546323|0.0
0.4893528862452846|0.0
0.491945820042351|0.0
0.49283869092890265|0.0
0.4914833407610687|0.0
0.49199830767472424|0.0
0.4883680201402859|0.0
0.4899389456835709|0.0
0.4894189638535547|0.0
0.4900204439666764|0.0
