PredictedProbability|PredictedLabel
0.4854909302399583|0.0
0.4851228888370553|0.0
0.48952739118786964|0.0
0.4909422080343016|0.0
0.49060344693595753|0.0
0.48595174975867655|0.0
0.487080723503041|0.0
0.48530444402216993|0.0
0.48641835457140725|0.0
0.48661183088511495|0.0
0.4874258838222834|0.0
0.4870165313174768|0.0
0.48603410107084344|0.0
0.4872693347439827|0.0
0.48635809021734855|0.0
0.48643167310773505|0.0
0.4796870318813665|0.0
0.48191892095466893|0.0
0.4837582301098453|0.0
0.4868349789678292|0.0
0.4867938904871867|0.0
0.49003630638379564|0.0
0.4885620745919205|0.0
0.48822140749144427|0.0
0.48742076018058883|0.0
0.4887304275624382|0.0
0.48733400488784323|0.0
