PredictedProbability|PredictedLabel
0.48628400168905683|0.0
0.4859343465181148|0.0
0.48744960237570956|0.0
0.48493189199228853|0.0
0.48756618702992743|0.0
0.4884092596444434|0.0
0.4926060532953661|0.0
0.4919610707286571|0.0
0.48754414845347693|0.0
0.4875464672725107|0.0
0.4884472001144571|0.0
0.4875139992646827|0.0
0.48744654548248917|0.0
0.4868227242003158|0.0
0.4869032342508719|0.0
0.4888595898949841|0.0
0.48800772782357554|0.0
0.48544908861547087|0.0
0.4877637085626608|0.0
0.48776265404729996|0.0
0.4863910685184314|0.0
0.4862167405066913|0.0
0.4881442637034198|0.0
0.48651658723403535|0.0
0.4859632452323991|0.0
0.48556111180550615|0.0
0.48556111180550615|0.0
0.48545139251262387|0.0
0.48757643215599056|0.0
0.4860000784613877|0.0
0.48756705433502995|0.0
0.4884216020588737|0.0
0.48803786353333173|0.0
0.4872881896766607|0.0
0.4868253273335885|0.0
0.4881419954724418|0.0
0.4862684741106051|0.0
0.4856367114913842|0.0
0.4873224476887756|0.0
0.4843448156953205|0.0
0.4871908585290526|0.0
