PredictedProbability|PredictedLabel
0.48597576068142634|0.0
0.4870680444794278|0.0
0.48814850267289855|0.0
0.4885953633555287|0.0
0.48865304590337877|0.0
0.487726729180835|0.0
0.48777288123877693|0.0
0.4877122047613619|0.0
0.48813436694753004|0.0
0.4881035678936299|0.0
0.4876802897758585|0.0
0.48756089142694853|0.0
0.48708400106626654|0.0
0.4882131070133876|0.0
0.4882131070133876|0.0
0.4882131070133876|0.0
0.4882131070133876|0.0
0.4882131070133876|0.0
0.4882131070133876|0.0
0.4882131070133876|0.0
0.4882131070133876|0.0
