PredictedProbability|PredictedLabel
0.4892610098451863|0.0
0.4893850646115954|0.0
0.4892876446223803|0.0
0.4916023201864283|0.0
0.49033796821915193|0.0
0.49079518142140904|0.0
0.49184954907994394|0.0
0.49046848456738457|0.0
0.49089093675692136|0.0
0.48966549738464327|0.0
0.48887527582134577|0.0
0.49002605741714067|0.0
0.4908932562457253|0.0
0.49196734265309794|0.0
0.49446030433741245|0.0
0.4921716865562108|0.0
0.4927212649621363|0.0
0.49309062495040634|0.0
0.48905580018732225|0.0
0.4890207909278676|0.0
