PredictedProbability|PredictedLabel
0.4892247162647748|0.0
0.4903832065317428|0.0
0.4880460850386902|0.0
0.4872462250418324|0.0
0.4880460850386902|0.0
0.48917439756733994|0.0
0.4888487874031124|0.0
0.48779475161766916|0.0
0.4909166760944565|0.0
0.4879917208543385|0.0
0.48905884976584646|0.0
0.48963447360434303|0.0
0.4890490718175238|0.0
0.4889827206985963|0.0
0.4880460850386902|0.0
0.4867271928587101|0.0
0.48728621104219527|0.0
0.4880443317524448|0.0
0.48762414320795205|0.0
0.4886885530604975|0.0
0.48826658553003327|0.0
0.48609934923938525|0.0
0.4877915087687528|0.0
0.48761436656921425|0.0
0.4880443317524448|0.0
0.4880460850386902|0.0
0.4880460850386902|0.0
0.4872462250418324|0.0
0.48762414320795205|0.0
0.48812235888188404|0.0
0.4880460850386902|0.0
0.48788864356827205|0.0
0.4880460850386902|0.0
0.48747992555380715|0.0
0.4894793272835667|0.0
0.4896872173827636|0.0
0.49074725940978436|0.0
0.48801237047365087|0.0
0.490318379749297|0.0
0.4867271928587101|0.0
0.485447278983592|0.0
0.48762238999374835|0.0
0.4886885530604975|0.0
0.4872462250418324|0.0
0.48609934923938525|0.0
0.4879342346741425|0.0
0.48996117790065946|0.0
