PredictedProbability|PredictedLabel
0.2712963449018021|0.0
0.7156834398978458|1.0
0.6950709058346354|1.0
0.2647421897171062|0.0
0.26944667738850564|0.0
0.26944667738850564|0.0
0.3076447158194293|0.0
0.2972758707070309|0.0
0.27933655953139036|0.0
0.26632610036458687|0.0
0.25004918010439575|0.0
0.25004918010439575|0.0
0.23834579202784814|0.0
0.23834579202784814|0.0
0.23862659569278494|0.0
0.23862659569278494|0.0
0.22355927630035857|0.0
0.22355927630035857|0.0
0.22355927630035857|0.0
0.22355927630035857|0.0
0.21214255945148752|0.0
0.21214255945148752|0.0
0.21214255945148752|0.0
0.2889416592357164|0.0
0.2889416592357164|0.0
0.23155581571554612|0.0
0.23155581571554612|0.0
0.20977684981295075|0.0
0.227617878576163|0.0
0.2637284252113915|0.0
0.2637284252113915|0.0
0.2537577487324837|0.0
0.2537577487324837|0.0
