PredictedProbability|PredictedLabel
0.6256135221918666|1.0
0.7033114134924446|1.0
0.6529090323619787|1.0
0.6579168240479364|1.0
0.6490365221875851|1.0
0.6467961175958375|1.0
0.6775421884743633|1.0
0.6710463070178818|1.0
0.6959163052802886|1.0
0.6865540202601327|1.0
0.678227653442015|1.0
0.6934817333567435|1.0
0.5704464633986499|1.0
0.5734570049165635|1.0
0.7575320960378578|1.0
0.7591780341888704|1.0
0.7507118107036421|1.0
0.7565361259945237|1.0
0.753113245433679|1.0
0.7268475179818894|1.0
0.7116407375520087|1.0
0.717095881221153|1.0
0.7056941635071303|1.0
0.7255727246394489|1.0
0.726203871944181|1.0
0.7102330228733281|1.0
0.7009833896081141|1.0
0.6920709691975987|1.0
0.7348573995251894|1.0
0.7259815945844806|1.0
0.7167894765545821|1.0
0.5129297741460311|1.0
0.510481936518983|1.0
0.5202665973508385|1.0
0.522170278561442|1.0
0.5175899715104115|1.0
0.5146147449797637|1.0
0.5220678382622358|1.0
0.5185707823658003|1.0
0.521525074824875|1.0
0.4964010960521691|0.0
0.4856718311566686|0.0
0.4881633298112293|0.0
0.4818103913986443|0.0
0.47801103713906656|0.0
0.4983602970580244|0.0
0.5014286229400915|1.0
0.4973044066526472|0.0
0.5110432973554645|1.0
0.49113373821426654|0.0
0.49549165301734543|0.0
