PredictedProbability|PredictedLabel
0.607853850652572|1.0
0.4730197763465833|0.0
0.4730197763465833|0.0
0.46346944253286804|0.0
0.46346944253286804|0.0
0.5165243952417878|1.0
0.5165243952417878|1.0
0.5159107496458298|1.0
0.5159107496458298|1.0
0.5376346439819094|1.0
0.6180340439303155|1.0
0.5916104229084106|1.0
0.6248365571836995|1.0
0.6928628517443184|1.0
0.6807072985315816|1.0
0.6786676478558755|1.0
0.7039129220751902|1.0
0.7028592429499045|1.0
0.7059161284048485|1.0
0.7194590969518359|1.0
0.7194590969518359|1.0
0.7129952610691264|1.0
0.5957897439299744|1.0
0.5916401244979305|1.0
0.597574209489725|1.0
0.5880372258798768|1.0
0.5813646367981202|1.0
0.5998137035496854|1.0
0.579729347704282|1.0
0.5827391453980492|1.0
0.567213509723238|1.0
0.567213509723238|1.0
0.5745567976699153|1.0
0.6827989404031538|1.0
0.6821724760456113|1.0
0.6632826373136864|1.0
0.6382635239878615|1.0
0.6470751732245015|1.0
0.6381925168704604|1.0
0.6581209415012372|1.0
0.6589575974622418|1.0
0.6751070954759082|1.0
0.6374160639687284|1.0
0.6348199646128305|1.0
0.5739940440743768|1.0
0.5537926617007743|1.0
0.5597969216094276|1.0
0.5519059770780245|1.0
0.5610559249814042|1.0
