PredictedProbability|PredictedLabel
0.46147685763113444|0.0
0.4884237140858116|0.0
0.5574298258802173|1.0
0.548151354691538|1.0
0.5176984721068293|1.0
0.5029327864373145|1.0
0.4977541271554192|0.0
0.47744624758309534|0.0
0.4489767075899897|0.0
0.42414994630570463|0.0
0.4033770851843326|0.0
0.37258606826799506|0.0
0.3835675676062519|0.0
0.35431963086520146|0.0
0.35328374358556996|0.0
0.35057167787254656|0.0
0.35155642178267327|0.0
0.35238632160190203|0.0
0.32882065070368244|0.0
0.36873624654995674|0.0
0.383146510436934|0.0
0.386478195376733|0.0
0.4133343228659752|0.0
0.4334738060582244|0.0
0.43332082527425164|0.0
0.42930144601218817|0.0
0.4178126696388301|0.0
0.42638836546415737|0.0
0.43555185806852775|0.0
0.4064605609735351|0.0
0.4189881843848662|0.0
0.4352980562844762|0.0
0.45350839125263337|0.0
0.4458272055572855|0.0
0.47366036256853183|0.0
0.49065401895639493|0.0
0.46775828954894466|0.0
0.4762746695004963|0.0
0.5082666177418966|1.0
0.5171789493913953|1.0
0.510642112653431|1.0
0.5491309648582198|1.0
0.5485793477144009|1.0
0.5547516471135853|1.0
0.5476513377817109|1.0
0.5302100417167498|1.0
0.5652339626685557|1.0
0.6243860691926715|1.0
0.5840251738304498|1.0
0.5852813326632937|1.0
0.5794696898534824|1.0
