PredictedProbability|PredictedLabel
0.5443577825455282|1.0
0.5663973762992244|1.0
0.5506923239871496|1.0
0.49504031299120393|0.0
0.4777672498793954|0.0
0.48130052656882855|0.0
0.46807809127429617|0.0
0.4848212418355154|0.0
0.4715396855285403|0.0
0.48231925789737445|0.0
0.4776368724934769|0.0
0.4987315460025847|0.0
0.4705788201630536|0.0
0.48136445046366744|0.0
0.4599927055124566|0.0
0.4461808405429131|0.0
0.4461808405429131|0.0
0.4461808405429131|0.0
0.4461808405429131|0.0
0.4461808405429131|0.0
0.4461808405429131|0.0
0.4461808405429131|0.0
0.39417242718541606|0.0
0.6900013515090747|1.0
0.5929591099911213|1.0
0.7090455487358109|1.0
0.6928695121676124|1.0
0.6739344216466943|1.0
0.7062590446548584|1.0
0.6853607237738263|1.0
0.7116814383931669|1.0
0.6699980377606418|1.0
0.6766797545344846|1.0
0.6722386417171535|1.0
0.6604028019256541|1.0
0.6471514514011657|1.0
0.49363944502677803|0.0
0.5068032482246733|1.0
0.4930217245790504|0.0
0.5015015470384859|1.0
0.5246830091510952|1.0
0.5339849626951715|1.0
0.555681700879355|1.0
0.5420168759246041|1.0
0.5268733831349485|1.0
0.5592400005551772|1.0
0.5260450589118624|1.0
