PredictedProbability|PredictedLabel
0.43692351050023637|0.0
0.492199845799753|0.0
0.3779615567432902|0.0
0.3483922759647399|0.0
0.35208279461694497|0.0
0.33934257044850913|0.0
0.3458967137050385|0.0
0.3682016967438799|0.0
0.37601554033843043|0.0
0.41549507531222496|0.0
0.39829219177050934|0.0
0.37833052342621143|0.0
0.3883339696202766|0.0
0.38211120731935855|0.0
0.40871393103398906|0.0
0.44605955829508454|0.0
0.43513009938089925|0.0
0.41722493875096234|0.0
0.43812655934890327|0.0
0.43809524597851085|0.0
0.44519549260149777|0.0
0.4433391396541934|0.0
0.45795951968779974|0.0
0.44798729377016305|0.0
0.4274285450692185|0.0
0.45197765612931184|0.0
0.4482516972024565|0.0
0.4602297293946727|0.0
0.4676126459198797|0.0
0.45675833643805397|0.0
0.47061698615957925|0.0
0.4726273290475515|0.0
0.475873567440593|0.0
0.4747559541587949|0.0
0.48032288288286484|0.0
0.5056714718320888|1.0
0.4858312925852078|0.0
0.5252277443502481|1.0
0.606168144131988|1.0
0.4770010568406125|0.0
0.44968370566919375|0.0
0.4648647145701002|0.0
