PredictedProbability|PredictedLabel
0.6013913193926809|1.0
0.40623771624102734|0.0
0.6628590873580456|1.0
0.6628590873580456|1.0
0.6367815005053008|1.0
0.5825751640249892|1.0
0.5304528244128036|1.0
0.49916180494812146|0.0
0.5172987161853693|1.0
0.5494938184833558|1.0
0.6448445682755106|1.0
0.6315677921144618|1.0
0.6428273258375504|1.0
0.6409753202252275|1.0
0.6227429079280631|1.0
0.6159758250020876|1.0
0.6329584212638392|1.0
0.6329584212638392|1.0
0.6347406208413043|1.0
0.6269456255457942|1.0
0.5974382122733685|1.0
0.5961640376464493|1.0
0.6137885731365779|1.0
0.627088766572041|1.0
