PredictedProbability|PredictedLabel
0.5566465440976845|1.0
0.45081006845993726|0.0
0.6238986255383061|1.0
0.6263479741597106|1.0
0.6184910262455988|1.0
0.5337487819104353|1.0
0.5522509848825369|1.0
0.5563857048020149|1.0
0.5555526457096629|1.0
0.5475807410426144|1.0
0.5378880031874332|1.0
0.503923795503458|1.0
0.49956416384698893|0.0
0.4764789789808591|0.0
0.49476041550227345|0.0
0.4794492198378367|0.0
0.5305415106512618|1.0
0.549474119615574|1.0
0.6963306957294652|1.0
0.6951602988568113|1.0
0.5276381193075356|1.0
0.5263927464396829|1.0
0.5284354212537891|1.0
0.5629429476299723|1.0
0.5622995161838287|1.0
0.559338885496662|1.0
0.5239166967473653|1.0
0.5294325056943973|1.0
0.5255431401484892|1.0
0.524541601621644|1.0
0.5275048023199445|1.0
0.5262356137664829|1.0
0.5263946871716216|1.0
0.5452025748470943|1.0
0.5322839370543748|1.0
0.5520098662934032|1.0
0.5316831561249298|1.0
0.5431963498339901|1.0
0.5475482243882387|1.0
0.5375016623868519|1.0
0.5454613742098487|1.0
0.6116092132845725|1.0
0.6116092132845725|1.0
0.5984512656451674|1.0
0.563066416338994|1.0
0.563066416338994|1.0
0.5624014199780328|1.0
0.554796044587139|1.0
0.554796044587139|1.0
0.5757754213187155|1.0
0.5959590962816543|1.0
0.5927088140649531|1.0
0.6015072232177291|1.0
0.5911751219187514|1.0
0.5918286770531093|1.0
0.5699321633275409|1.0
0.5693621808549448|1.0
0.5733957717361577|1.0
