PredictedProbability|PredictedLabel
0.3141724782886889|0.0
0.5509631133038463|1.0
0.5174195452654283|1.0
0.5102726856467904|1.0
0.5203050170363164|1.0
0.5474261883339684|1.0
0.5326091683668968|1.0
0.5483886744132772|1.0
0.6039394768261627|1.0
0.5625314300094579|1.0
0.547180859872079|1.0
0.5153299002158293|1.0
0.4617274726090731|0.0
0.4772818389335124|0.0
0.4993596238564809|0.0
0.46008284623306483|0.0
0.47727719960014475|0.0
0.16608030530944293|0.0
0.18943412766112538|0.0
0.18059794042379806|0.0
0.14862211721554122|0.0
0.13919309043065922|0.0
0.15345146175103366|0.0
0.16367568452368528|0.0
0.15315055361345964|0.0
0.1558383792309468|0.0
0.15627261325144823|0.0
0.14117432055217183|0.0
0.1440466600468207|0.0
0.1548440652430988|0.0
0.20694986848879476|0.0
0.18654184249318506|0.0
0.23721199403795393|0.0
0.22102875849110173|0.0
