PredictedProbability|PredictedLabel
0.3895649339762141|0.0
0.44814191655327196|0.0
0.44814191655327196|0.0
0.44814191655327196|0.0
0.44814191655327196|0.0
0.44814191655327196|0.0
0.3920442483809848|0.0
0.3921837935530124|0.0
0.3921837935530124|0.0
0.3921837935530124|0.0
0.3921837935530124|0.0
0.3954571471513327|0.0
0.3954571471513327|0.0
0.3954571471513327|0.0
0.37753007084764933|0.0
0.37753007084764933|0.0
0.37753007084764933|0.0
0.37753007084764933|0.0
0.37765904605918105|0.0
0.37765904605918105|0.0
0.37765904605918105|0.0
0.3441453987504205|0.0
0.3441453987504205|0.0
0.3441453987504205|0.0
0.34414539875042044|0.0
0.34414539875042044|0.0
