PredictedProbability|PredictedLabel
0.5704367356136663|1.0
0.5425722789681294|1.0
0.5979792884245109|1.0
0.6117987985188413|1.0
0.5973709201825675|1.0
0.6017086421155196|1.0
0.615219419610025|1.0
0.6009014093514772|1.0
0.5864275420844218|1.0
0.5752659641696697|1.0
0.5854486697930835|1.0
0.5618065592785857|1.0
0.5498886578841636|1.0
0.5975489516567571|1.0
0.5970719887121376|1.0
0.6168070180734582|1.0
0.6305516826805919|1.0
0.5776238321880365|1.0
0.6171084097021108|1.0
0.564111526608657|1.0
0.6133088275231624|1.0
0.5502333230549584|1.0
0.5325436661948683|1.0
0.536587194450617|1.0
0.5191529418101754|1.0
0.5286845234520011|1.0
0.5286845234520011|1.0
0.5220813786202975|1.0
0.5327115431216931|1.0
0.5356789354662996|1.0
0.5425718525490065|1.0
0.5530114000916436|1.0
0.5650031027599209|1.0
0.5595985756390259|1.0
0.5644177016160864|1.0
0.5772579578942799|1.0
0.5802467001422511|1.0
0.5760665422576342|1.0
0.5760665422576342|1.0
0.5754527432493401|1.0
0.560595924691373|1.0
0.544285201707411|1.0
0.5818149281596416|1.0
0.534376558604579|1.0
