PredictedProbability|PredictedLabel
0.4352001656033046|0.0
0.3428029732567247|0.0
0.49707726574356725|0.0
0.46544720879749324|0.0
0.4551093130557844|0.0
0.45669754415284786|0.0
0.4519330701060986|0.0
0.46509837551973865|0.0
0.4555034839662841|0.0
0.47079671399821565|0.0
0.42857082326891127|0.0
0.40500625003837293|0.0
0.4085578326808443|0.0
0.3663574768628264|0.0
0.42135534259238594|0.0
0.4614263498683805|0.0
0.42629960688583096|0.0
0.4289658405371019|0.0
0.44658081752460804|0.0
0.46843697736362333|0.0
0.46843697736362333|0.0
0.4519922226182741|0.0
0.46628464693895355|0.0
0.4744256096346462|0.0
0.4635747631569906|0.0
0.44955278830381945|0.0
0.44955278830381945|0.0
0.42242347586058726|0.0
0.4243613290855607|0.0
0.49226817694451486|0.0
0.44080400823998656|0.0
0.39029060885976014|0.0
0.39029060885976014|0.0
0.39029060885976014|0.0
0.3838491015537665|0.0
0.3590744034619623|0.0
0.40987545947303444|0.0
0.40987545947303444|0.0
0.40987545947303444|0.0
0.4255290751102979|0.0
0.46271392935999334|0.0
0.46271392935999334|0.0
0.4482398155108286|0.0
0.4482398155108286|0.0
0.4482398155108286|0.0
