PredictedProbability|PredictedLabel
0.41677661761090434|0.0
0.43476307810160875|0.0
0.4771090242184573|0.0
0.46676667896366375|0.0
0.19459414705967618|0.0
0.28277851765459683|0.0
0.28684148281028915|0.0
0.2381117010767117|0.0
0.4032301533102305|0.0
0.44389557764968235|0.0
0.425840492024552|0.0
0.4536697920652069|0.0
0.41602977845109357|0.0
0.4253480534429411|0.0
0.4256144919761167|0.0
0.41774330260514264|0.0
0.4601040898998148|0.0
0.4694054569498809|0.0
0.43624387121009395|0.0
0.4578201709173032|0.0
0.3023312720634773|0.0
0.22225526114779098|0.0
0.29958862603403963|0.0
0.3402241462220623|0.0
0.48304035421255465|0.0
0.458821484381581|0.0
0.47609689401884697|0.0
0.46529374697996684|0.0
