PredictedProbability|PredictedLabel
0.3746991000683798|0.0
0.4170744647163433|0.0
0.43790687324138894|0.0
0.44834695507263517|0.0
0.44834695507263517|0.0
0.21362999754844814|0.0
0.28917003246844164|0.0
0.25839578765543775|0.0
0.2820616710745985|0.0
0.29517337987708164|0.0
0.3036257706942483|0.0
0.2881326164984303|0.0
0.2781332896770117|0.0
0.3117557246835961|0.0
0.3519080291263943|0.0
0.19853230683077394|0.0
0.19744665107219705|0.0
0.2214312913753438|0.0
0.24705303330636766|0.0
0.321284462211167|0.0
0.30664985958855867|0.0
0.3188663292672673|0.0
0.3159090286641841|0.0
0.3268696606002198|0.0
0.351012350631331|0.0
0.3642642167193408|0.0
0.3785073228557717|0.0
0.3355988357993853|0.0
0.33989853463863445|0.0
0.37520835654920737|0.0
0.3364094967409066|0.0
0.32295989620761495|0.0
0.3453801610178257|0.0
0.34297987133223223|0.0
0.3376726947717284|0.0
0.3219156291486612|0.0
0.3139458736992176|0.0
0.3188018889329971|0.0
0.35978009226884955|0.0
0.3236257790695324|0.0
0.1773730258120658|0.0
0.1644804813146513|0.0
0.18628200735926026|0.0
0.2534297861508675|0.0
0.35384086054877806|0.0
0.34880902508477696|0.0
0.33322600126828344|0.0
0.37086939563389043|0.0
0.36990228170289746|0.0
