PredictedProbability|PredictedLabel
0.5178756950069887|1.0
0.696563525381832|1.0
0.8469874392825252|1.0
0.9175563106172504|1.0
0.8891358599596659|1.0
0.7881538265121782|1.0
0.6010962573699142|1.0
0.4269410407053291|0.0
0.4381960972677968|0.0
0.4179471183723377|0.0
0.4483869888061076|0.0
0.4337236807218607|0.0
0.34475519546603384|0.0
0.3480986057828953|0.0
0.39157134384503967|0.0
0.3968996544110846|0.0
0.38304679992789614|0.0
0.3998950775421704|0.0
0.3940514320690946|0.0
0.39566838495409423|0.0
0.391932580680557|0.0
