PredictedProbability|PredictedLabel
0.4465472680187387|0.0
0.4152722346801809|0.0
0.414348009793088|0.0
0.3889209788929937|0.0
0.42497350191734135|0.0
0.40351801130529136|0.0
0.36937105941334036|0.0
0.31327670422757614|0.0
0.32467959987537776|0.0
0.35964564114949166|0.0
0.3704685153925897|0.0
0.37937338172295687|0.0
0.3955143553799855|0.0
0.41202339105701064|0.0
0.4067138203223277|0.0
0.43328805061863196|0.0
0.447982561016989|0.0
0.6185007704693339|1.0
0.6751338743836142|1.0
0.6727983622490085|1.0
0.5980917110456806|1.0
0.34923349438689827|0.0
0.3426783944734608|0.0
0.35277846293983944|0.0
0.35016089920102006|0.0
0.3487597808633312|0.0
0.4594310453957364|0.0
0.3056404432315695|0.0
0.3582796290162386|0.0
0.4364721785523454|0.0
0.34436683046557953|0.0
0.33051000883333415|0.0
0.2989043434775196|0.0
0.3212296033088458|0.0
0.35542120955256773|0.0
0.3961603849610294|0.0
0.36164101572465135|0.0
0.362884557237261|0.0
0.34145081822675366|0.0
