PredictedProbability|PredictedLabel
0.495105987404772|0.0
0.4615107620807721|0.0
0.3905328775737794|0.0
0.4868853846468345|0.0
0.45561584698397267|0.0
0.4539127840472778|0.0
0.45486039814879714|0.0
0.37081612046299095|0.0
0.6781441507135275|1.0
0.7263096584622186|1.0
0.654695275695419|1.0
0.6291415388200158|1.0
0.3364644682199687|0.0
0.36563674801654666|0.0
0.4298090299406056|0.0
0.41887933921024967|0.0
0.4575214983704279|0.0
0.549198812623649|1.0
0.36085762421270606|0.0
0.3393903225361306|0.0
0.3510556998078254|0.0
0.33539214370580445|0.0
0.32657856968381155|0.0
0.4217347979201857|0.0
0.3868869785156682|0.0
0.35377168944705284|0.0
0.34516479957486246|0.0
0.41079903543383234|0.0
0.3780169785339203|0.0
0.47413161059694353|0.0
0.4544233100406717|0.0
0.4514764148297183|0.0
0.47744746219714257|0.0
0.3624927345747954|0.0
0.7237969258111047|1.0
0.7295737339791386|1.0
0.656092662176984|1.0
0.6254858366640401|1.0
0.4140674110615515|0.0
0.5016021133454718|1.0
0.5134006659173709|1.0
0.53171313915607|1.0
0.5101600714856598|1.0
0.5068803524693121|1.0
0.5297300374204439|1.0
0.489662775115095|0.0
