PredictedProbability|PredictedLabel
0.3880487255264795|0.0
0.35385995192706304|0.0
0.3419709121945817|0.0
0.34004364410162913|0.0
0.27221318750886936|0.0
0.2927777796413767|0.0
0.25444285483143464|0.0
0.22613624301446694|0.0
0.2637331347625641|0.0
0.3046846528225745|0.0
0.3251002362357701|0.0
0.23315427663612442|0.0
0.2574605614912091|0.0
0.26997579120727405|0.0
0.3083437802495495|0.0
0.32577834464623767|0.0
0.4099624576490201|0.0
0.35953762656110766|0.0
0.3110395870167713|0.0
0.20449955608848178|0.0
0.2744129391284301|0.0
0.2639810695499566|0.0
0.31967122867652026|0.0
0.38019117263245167|0.0
0.12324554072653804|0.0
0.11784664850401957|0.0
0.1704794346345026|0.0
0.19054539363215015|0.0
0.3595366605232348|0.0
0.3866344912352829|0.0
0.34975242805077844|0.0
0.3471312336410486|0.0
0.3445470843131382|0.0
0.33705380017275954|0.0
0.3316123716797188|0.0
0.34183533187028087|0.0
0.32506245489825797|0.0
0.3315371690371984|0.0
0.335937300269838|0.0
0.3937148903875613|0.0
0.444584742541192|0.0
