PredictedProbability|PredictedLabel
0.43044653926936033|0.0
0.44132625512955986|0.0
0.35318274074557976|0.0
0.4107156730086665|0.0
0.4248569281550366|0.0
0.42971809848036296|0.0
0.3621269106666691|0.0
0.4222676794332968|0.0
0.42995043999830207|0.0
0.4323958624685542|0.0
0.4552924342140412|0.0
0.42659324282301314|0.0
0.44102563027126745|0.0
0.4526836508762519|0.0
0.3423453765993759|0.0
0.41967295349496975|0.0
0.41978315095107216|0.0
0.42007299440310986|0.0
0.38626751815527416|0.0
0.4258551595198843|0.0
0.4338506748033685|0.0
0.42901654391592414|0.0
0.4552924342140412|0.0
0.4552924342140412|0.0
0.4552924342140412|0.0
0.327065519039884|0.0
0.3110148000781448|0.0
0.3629276737808887|0.0
0.39653262815990803|0.0
0.42345037770034166|0.0
0.38347702360794844|0.0
0.4186355152997025|0.0
0.4251155210626551|0.0
0.4447121223903528|0.0
0.3367131404652602|0.0
0.35976721458758876|0.0
0.3888321760080195|0.0
0.4209941697440216|0.0
0.4552924342140412|0.0
0.39826770715474236|0.0
0.43765007364229946|0.0
0.4334521072555978|0.0
0.43810649140116664|0.0
0.3829330201268304|0.0
