PredictedProbability|PredictedLabel
0.3894782859373623|0.0
0.15667025284520392|0.0
0.10502482962169214|0.0
0.07748751818393042|0.0
0.09693354623529742|0.0
0.5564306946915463|1.0
0.3660831167131143|0.0
0.383292262278669|0.0
0.3608011948250602|0.0
0.35558196492125493|0.0
0.36621055983732037|0.0
0.33881142683557935|0.0
0.3755924301335846|0.0
0.38784437907694813|0.0
0.38059846561893595|0.0
0.36786144138304394|0.0
0.3916091604954264|0.0
0.39505574150954015|0.0
0.42091366814951836|0.0
0.43291512532446835|0.0
0.4155239163790939|0.0
0.42055636676935626|0.0
0.40093188507416183|0.0
0.39153918642444163|0.0
0.4352960912732623|0.0
0.39411716631651234|0.0
0.4157564909610792|0.0
0.3956834023797542|0.0
0.4161272511317456|0.0
0.5556396805121804|1.0
0.5535920525106571|1.0
0.5092011467062014|1.0
0.5724789594616415|1.0
0.42763803901894004|0.0
0.4263858020963768|0.0
0.42082209678945715|0.0
