PredictedProbability|PredictedLabel
0.44002375928511567|0.0
0.41283943662214473|0.0
0.38270710681321496|0.0
0.4067702200740901|0.0
0.8004488602575176|1.0
0.7035778021530736|1.0
0.6678328680348055|1.0
0.8312573716779514|1.0
0.15891220561657|0.0
0.06978766164739414|0.0
0.3688953738359805|0.0
0.5105935147024783|1.0
0.765453915754867|1.0
0.8908256621585581|1.0
0.4046157387812944|0.0
0.41237973577383596|0.0
0.23397350130598668|0.0
0.2536005006644365|0.0
0.21716647399658406|0.0
0.2433822570400955|0.0
0.3966759975650314|0.0
0.42575203435467185|0.0
0.3567205865700918|0.0
0.36218331012264954|0.0
0.2237228743831297|0.0
0.12305588068329533|0.0
0.14228176426304617|0.0
0.219722258900067|0.0
0.3444621118628648|0.0
0.4498331215104843|0.0
0.5051031592431015|1.0
0.5536057891844651|1.0
0.6999384165195975|1.0
0.4056331371594945|0.0
0.4267097833252061|0.0
0.40850633543764026|0.0
0.3891117438037832|0.0
0.41781822996651363|0.0
0.266627053668615|0.0
0.27431702159543137|0.0
0.2826967261309527|0.0
0.2757707713081246|0.0
0.3807225283030006|0.0
0.4078492039322056|0.0
0.3521985197065521|0.0
0.3686217236117839|0.0
0.3932753865073573|0.0
