PredictedProbability|PredictedLabel
0.5066233667745524|1.0
0.5127318113304087|1.0
0.5082349886745808|1.0
0.6798585408676141|1.0
0.6272765726790653|1.0
0.8131069983430153|1.0
0.7622799291368871|1.0
0.6194854531144857|1.0
0.582391231471287|1.0
0.5129925256721596|1.0
0.7941495728183844|1.0
0.8064678811445941|1.0
0.7993078551940368|1.0
0.8099599572744596|1.0
0.5783379558199556|1.0
0.5409174535645915|1.0
0.5381893900031783|1.0
0.5621218227286993|1.0
0.5481123094058669|1.0
0.5345701210991035|1.0
0.5165872893903801|1.0
0.5144699351608859|1.0
0.5116573508639197|1.0
0.48157959297669634|0.0
0.47104297145737073|0.0
0.46092153323639207|0.0
0.4758478637762708|0.0
0.4793332662483665|0.0
0.4889241857313584|0.0
0.47350821390749925|0.0
0.4774566538404473|0.0
0.47137834757731023|0.0
0.45329476316279743|0.0
0.47824537308500364|0.0
0.640186104294859|1.0
0.6050345359019762|1.0
0.5561894390304802|1.0
0.5084302929306624|1.0
0.4736675645815861|0.0
0.43576883167821645|0.0
0.45140170704922594|0.0
0.4392951516071438|0.0
0.4343243819642449|0.0
0.4775394305837448|0.0
0.4722713294496155|0.0
0.5014663297668137|1.0
0.45788623392654965|0.0
