PredictedProbability|PredictedLabel
0.3183048808340524|0.0
0.007039394861792679|0.0
0.0011135062679405656|0.0
0.000753727926597881|0.0
0.0009403631098983087|0.0
0.11936272224772874|0.0
0.13711574197129028|0.0
0.15521631110923637|0.0
0.23204680899312574|0.0
0.3896011514231666|0.0
0.3919967460679686|0.0
0.35381171339184003|0.0
0.3623136134715051|0.0
0.25159315505599483|0.0
0.3391304242603606|0.0
0.37475160112233513|0.0
0.42827689382871337|0.0
0.41674226352348864|0.0
0.3990346609006323|0.0
0.3230160226425912|0.0
0.4274373250910982|0.0
0.4287172900042583|0.0
0.45378948706647837|0.0
0.38489526856745376|0.0
0.3333727921308801|0.0
0.4188801584195421|0.0
0.440841476521727|0.0
0.4512730004808791|0.0
0.3933424707671975|0.0
0.17848591741182895|0.0
0.1942315513449738|0.0
0.22074844304433888|0.0
0.27538648795991555|0.0
0.338974730094675|0.0
0.31349677374876833|0.0
0.2918522816297743|0.0
0.4229191548656977|0.0
0.39564250613277346|0.0
0.3434108530101306|0.0
0.3459813454047919|0.0
0.1712946950187939|0.0
0.193030371952602|0.0
0.20792228387321615|0.0
0.21123067100376425|0.0
0.4355615897226565|0.0
0.4854835840980916|0.0
0.4502969614438284|0.0
0.4219578120029408|0.0
0.5033290103495481|1.0
0.48516287389019913|0.0
0.539194719689269|1.0
0.4063766703725373|0.0
0.36199947758475276|0.0
0.40575669575197265|0.0
0.21823557505333935|0.0
0.21383476798084475|0.0
0.2567032477024269|0.0
0.20564045305044715|0.0
