PredictedProbability|PredictedLabel
0.40409178551905645|0.0
0.39073097727404354|0.0
0.35886406997527137|0.0
0.35567704624308627|0.0
0.36177342856664274|0.0
0.33344820976482736|0.0
0.3498781377144439|0.0
0.3555427569947974|0.0
0.3636419655276317|0.0
0.38033883199303314|0.0
0.341566502081453|0.0
0.20477742068997085|0.0
0.21546736552171925|0.0
0.24622756061973994|0.0
0.2877234623126975|0.0
0.34961642369674634|0.0
0.3280000008166698|0.0
0.3258588994051049|0.0
0.4056214512790264|0.0
0.34432263963076565|0.0
0.35661416059967327|0.0
0.3738228816836767|0.0
0.4197092524527075|0.0
0.40221963243491177|0.0
0.3402601375380012|0.0
0.3608722953885763|0.0
0.371646240750506|0.0
0.4684604412032509|0.0
0.3937828410397622|0.0
0.41284189035007157|0.0
0.4210623846265888|0.0
0.37039053540787903|0.0
0.36175650801396175|0.0
0.3724346815006474|0.0
0.2803008819479484|0.0
0.25079443500841375|0.0
0.27287027244107703|0.0
0.2801959866160085|0.0
0.34006294403007686|0.0
0.3457987089776815|0.0
0.3658517110672952|0.0
0.3367243730986891|0.0
0.37828475260016786|0.0
0.3825770923864623|0.0
0.34795432342020977|0.0
0.3504982226537571|0.0
0.3327982861191793|0.0
0.3745285874365713|0.0
0.38223981333679824|0.0
0.3724889854983493|0.0
