PredictedProbability|PredictedLabel
0.48592815315054677|0.0
0.48685566175849476|0.0
0.48050003247720624|0.0
0.4787804088588847|0.0
0.49377266157532135|0.0
0.4502554777513705|0.0
0.5272308358227346|1.0
0.5451594202542669|1.0
0.5611618759255761|1.0
0.5618574074874398|1.0
0.5746405648675253|1.0
0.5860277866570827|1.0
0.553465693645054|1.0
0.47786325340633246|0.0
0.5239893463442095|1.0
0.48528603208233134|0.0
0.4095943286383678|0.0
0.5238903581045075|1.0
0.5291752353881746|1.0
0.5235832844032404|1.0
0.5206271582950236|1.0
0.4712221680526115|0.0
0.4954418052658954|0.0
0.5215726192777094|1.0
0.5391257043183195|1.0
0.531390933596864|1.0
0.5167475624071163|1.0
0.5714086263458146|1.0
0.5704425352658495|1.0
0.5224853094899765|1.0
0.5210955815742473|1.0
0.4999847058263102|0.0
0.5265261670880117|1.0
0.5158646132730138|1.0
0.5039564613267348|1.0
0.48159516359601773|0.0
0.5040824188338265|1.0
0.45371624291784407|0.0
0.44292690287432157|0.0
0.5127455496832888|1.0
0.5240536630486311|1.0
0.50475006967098|1.0
0.5034066064759538|1.0
