PredictedProbability|PredictedLabel
0.3984721648344523|0.0
0.3803141687083959|0.0
0.3820596238800608|0.0
0.38188366857661366|0.0
0.38061267306907426|0.0
0.3755417981961729|0.0
0.36887897399918873|0.0
0.3736305076918507|0.0
0.3850768485371703|0.0
0.3793272484371753|0.0
0.3890220928405751|0.0
0.38376499482126036|0.0
0.3866070322134807|0.0
0.3757695217647583|0.0
0.25975814291960925|0.0
0.2738688148422787|0.0
0.27264427247714834|0.0
0.2842636319608049|0.0
0.4057653833464404|0.0
0.42848881851850057|0.0
0.43122952622880145|0.0
0.4120453441552926|0.0
