PredictedProbability|PredictedLabel
0.40256553614735086|0.0
0.3908651840524589|0.0
0.41082811897400756|0.0
0.4306248635125602|0.0
0.41845790425358925|0.0
0.39649921278549904|0.0
0.4129681370703608|0.0
0.4816978998048923|0.0
0.4009790628712596|0.0
0.425235794050377|0.0
0.30839399615671964|0.0
0.3066342546861217|0.0
0.297858773530474|0.0
0.29199341485761515|0.0
0.4220435650221968|0.0
0.41228585387028377|0.0
0.4527603971283682|0.0
0.32823971586979006|0.0
0.3432220986852833|0.0
0.4585077190439974|0.0
0.39235172837727905|0.0
0.4310952434001127|0.0
0.44015983747998816|0.0
0.3982649130139374|0.0
0.37931441363709545|0.0
0.277694636444366|0.0
0.24243902567995737|0.0
0.2658180905280323|0.0
0.31617172068761074|0.0
0.36840562971183616|0.0
0.39323265934045415|0.0
0.417782203779538|0.0
0.4190821021092438|0.0
0.4588118891158748|0.0
0.7404642576089505|1.0
0.4552522262590702|0.0
0.3827176482204517|0.0
0.39080634364069944|0.0
0.39262994894698966|0.0
0.3525640340337818|0.0
0.3942692030254969|0.0
0.372967395205112|0.0
