PredictedProbability|PredictedLabel
0.010136970742364493|1.0
0.007807014992617324|1.0
0.007685661844644655|1.0
0.006923021509717212|1.0
0.00367149375175214|1.0
0.00375000864727146|1.0
0.0036022757349495884|1.0
0.002336752659228541|1.0
0.0028146598653777262|1.0
0.0038013211787313087|1.0
0.005695656496685216|1.0
0.005795746618162674|1.0
0.008201533070240918|1.0
0.0068072191163549315|1.0
0.007050461227759535|1.0
0.005409458271043201|1.0
0.005295077583918591|1.0
0.0046971696595531605|1.0
0.006701037809424718|1.0
0.00490458261705911|1.0
0.004996998191028531|1.0
0.0040697492971038425|1.0
0.006421757405637353|1.0
0.006566159445159307|1.0
0.005455710345578865|1.0
0.005978701328271762|1.0
0.007318860213164903|1.0
0.005771450204796272|1.0
0.0032610656218448977|1.0
0.002823120128858352|1.0
0.001655665906464636|1.0
0.0017197569203401967|1.0
0.0019793457015170827|1.0
0.0013770352562058345|1.0
0.0015120241101229564|1.0
0.0019480899011740092|1.0
0.0017808581644480008|1.0
0.0008820092771765198|0.0
0.0013497006466828129|1.0
0.002522425558080944|1.0
0.0020876452920483186|1.0
0.0015316871986299366|1.0
0.002124692744350692|1.0
0.002658878855757629|1.0
0.0024431695827825373|1.0
