PredictedProbability|PredictedLabel
0.008058897795144597|1.0
0.007966526160811194|1.0
0.0051578801537255775|1.0
0.0034159836015857934|1.0
0.0027133129142811975|1.0
0.002653679922149542|1.0
0.002385312154409238|1.0
0.002326300713371967|1.0
0.0009402326621370702|0.0
0.0007308062861430578|0.0
0.0007140463625875434|0.0
0.0004264499273075807|0.0
0.00044363206537267847|0.0
0.0008402672120903871|0.0
0.0008864892202589101|0.0
0.0015137870904844424|1.0
0.002512369249172649|1.0
0.0019112950098274558|1.0
0.001136661063824312|0.0
0.0011261314805294752|0.0
0.001396428506752471|1.0
0.0009570088583968112|0.0
0.0006041861818314484|0.0
0.0005438065935481557|0.0
0.00046774022487778574|0.0
0.00036730267022032484|0.0
0.00014720883560785994|0.0
7.733627086182252e-05|0.0
9.699694884176649e-05|0.0
0.00012625944843645535|0.0
0.00016161974701412298|0.0
0.000703236115264233|0.0
0.0007805210586833504|0.0
0.00041436405746763104|0.0
0.0004255949094592385|0.0
0.0006248883014163823|0.0
0.0005869407369927746|0.0
0.003898047496034031|1.0
0.009403762915426819|1.0
0.009466614522703863|1.0
0.006870039232636567|1.0
0.0019950592500608193|1.0
0.0019952641576331536|1.0
0.0017435328803603425|1.0
0.003407107475752542|1.0
0.0024973355025310244|1.0
0.0066268690159848355|1.0
0.005158634479954825|1.0
0.002964777479999794|1.0
0.002578240774691532|1.0
0.0035904751253705344|1.0
0.0037059358100546154|1.0
0.0034732147853642975|1.0
0.0030445253370077713|1.0
0.002357823880852812|1.0
0.0015493799835812944|1.0
0.0012809817178080335|0.0
