PredictedProbability|PredictedLabel
0.007123665811620332|1.0
0.004795674798110468|1.0
0.004029565042488037|1.0
0.004030559887212012|1.0
0.003221316767071147|1.0
0.0029595917244728417|1.0
0.003832837300433326|1.0
0.0034770640410219733|1.0
0.0033545739801007154|1.0
0.003654421704174448|1.0
0.003322211404818242|1.0
0.0038408647107390356|1.0
0.003520670759676123|1.0
0.0011834495633017167|0.0
0.002008019410873884|1.0
0.0017390680012424828|1.0
0.0015252619127872533|1.0
0.0019217453479466668|1.0
0.00416146616603322|1.0
0.004618907753700348|1.0
0.004316471741337845|1.0
0.005119086917613441|1.0
0.005270404610580893|1.0
0.006407908405731316|1.0
0.006391921469555272|1.0
0.0063996744734764|1.0
0.0061349073760169565|1.0
0.00578279405784219|1.0
0.004318039365780623|1.0
0.005643878577437648|1.0
0.004562378643161067|1.0
0.006114911883951794|1.0
0.0060457402956495924|1.0
0.006092057188242743|1.0
0.004835165856772157|1.0
0.004508793545221086|1.0
0.004000594053066453|1.0
0.0028855682381118213|1.0
0.0036655398836643797|1.0
0.004033615393716055|1.0
0.004251174568818577|1.0
0.005850159231058392|1.0
0.005601831105214964|1.0
0.005690764786636294|1.0
0.0055092285300984215|1.0
0.005535076754919376|1.0
0.005093036416269413|1.0
0.005243531412232893|1.0
0.005425364568286413|1.0
0.005449205503747971|1.0
0.004988421990956623|1.0
