PredictedProbability|PredictedLabel
0.007464275364132665|1.0
0.004642497991501892|1.0
0.0007456327922627013|0.0
0.0006709106734535526|0.0
0.0004538958296493383|0.0
0.000266597831186551|0.0
0.00016945917844782363|0.0
0.0005816656509371374|0.0
0.000420781745859345|0.0
0.0006184281900056895|0.0
0.0009822939031682893|0.0
0.001569865768805998|1.0
0.0008063193952863562|0.0
0.00044682226427693225|0.0
0.0003903059021124368|0.0
0.00028353641389026226|0.0
0.00021039925947128016|0.0
0.0002480105428125327|0.0
0.00038322331039842357|0.0
0.0008543004728249018|0.0
0.0013634270482984277|1.0
0.0028041936800794064|1.0
0.003880487003712903|1.0
0.0037352235094379464|1.0
0.003718842524056801|1.0
0.00536910402929678|1.0
0.004897796767200677|1.0
0.006117190251557816|1.0
0.007845473383258106|1.0
0.006117114916354033|1.0
0.006466166632489511|1.0
0.00930377907996179|1.0
0.00942757714059744|1.0
0.004149829704746769|1.0
0.0016511821986527106|1.0
0.001167939836530166|0.0
0.00040838392212600284|0.0
0.00031530245167372023|0.0
0.0005100901882912742|0.0
0.0008995533895429132|0.0
0.0009700303856332463|0.0
0.0024389127033010655|1.0
0.0043383336088657284|1.0
