PredictedProbability|PredictedLabel
0.008810215088316753|1.0
0.008850213974041234|1.0
0.008688977552697385|1.0
0.0011476835236179097|0.0
0.0010486785051379102|0.0
0.0009016211649351845|0.0
0.0007876964193500223|0.0
0.0006539358313452204|0.0
0.00293950052079618|1.0
0.0028193440792634848|1.0
0.002977485478570075|1.0
0.0030469652463516665|1.0
0.003184830423968363|1.0
0.0027464598496755544|1.0
0.002187600071626093|1.0
0.0029582245006980557|1.0
0.002238063234514167|1.0
0.0017276008745776184|1.0
0.002702253317571822|1.0
0.002145672677187245|1.0
0.0021491001154015834|1.0
0.001834470596666217|1.0
0.002108976133399072|1.0
0.0009661388244323369|0.0
0.0005141250678726244|0.0
0.0004983407517627062|0.0
0.0004579723640142413|0.0
0.000533081416767175|0.0
0.0009003459182198268|0.0
0.0013451777975825557|1.0
0.0014890215660483452|1.0
0.0023400251595942657|1.0
0.003622776228817621|1.0
0.0042743827511902265|1.0
0.005586451834338469|1.0
0.008382736377357251|1.0
0.009607151487907835|1.0
0.009031263181838965|1.0
0.008592605001528522|1.0
0.001967930419560423|1.0
0.0020473588917895177|1.0
0.0021071710545100043|1.0
0.001677879200399979|1.0
0.002708407854232559|1.0
0.004986348616296807|1.0
0.004584323956844459|1.0
0.004589283913392976|1.0
0.005538405256967382|1.0
0.009536533493056755|1.0
0.00584929487730512|1.0
0.0010958448590053294|0.0
1.3067002172915953e-05|0.0
1.3004882385805314e-05|0.0
1.2619041553219664e-05|0.0
1.2668543592000197e-05|0.0
1.2677710946837343e-05|0.0
0.0008311168379535973|0.0
0.0009630282441586964|0.0
