PredictedProbability|PredictedLabel
0.004123579332551712|1.0
0.002456781039323435|1.0
0.0022685746875168757|1.0
0.0024292484447610537|1.0
0.0017676904187766693|1.0
0.0022841872370939773|1.0
0.003033620409546444|1.0
0.003283326199121411|1.0
0.002819567154585481|1.0
0.0028221162878272832|1.0
0.002617188384244314|1.0
0.002706428454624798|1.0
0.002703764124022702|1.0
0.0029593963726936103|1.0
0.003197426857872113|1.0
0.003027387602607972|1.0
0.0024610438532808743|1.0
0.0023220651484555386|1.0
0.0023767610745913806|1.0
0.002304497553437518|1.0
0.0023702735144744335|1.0
0.003059981225229422|1.0
0.004277332417559003|1.0
0.0030151788388574478|1.0
0.004255394954157585|1.0
0.00303231087187711|1.0
0.003390548432376681|1.0
0.0027764452266929454|1.0
0.0033006918010267637|1.0
0.002836266696204576|1.0
0.002819618927335475|1.0
0.0031626382177266537|1.0
0.0025869757929057836|1.0
0.002589667978187295|1.0
0.0022794298646898843|1.0
0.0023959747414447723|1.0
0.0028108967046043044|1.0
0.0027032726750195394|1.0
0.002709016556079918|1.0
0.0029859676129343053|1.0
0.002972653022094624|1.0
0.0028332505922188597|1.0
0.003164496844068476|1.0
0.0035187270946289914|1.0
0.0033224065921522265|1.0
0.003724257561325616|1.0
0.00407955483784816|1.0
0.003525244506950023|1.0
0.004262965156896585|1.0
0.0035323875052292518|1.0
0.0031053187987584614|1.0
0.002376670345417469|1.0
0.0019015193194315543|1.0
0.00131368423542651|1.0
0.001667060630809557|1.0
0.0016048848164521808|1.0
0.0015549100247732811|1.0
0.001603715338051297|1.0
0.002347495614139804|1.0
0.002075363164125299|1.0
0.0021998916775403166|1.0
0.0020515671807416445|1.0
0.003287132452028345|1.0
0.003133457196221829|1.0
0.0036849958189119217|1.0
0.0033636466748171645|1.0
0.003184856893810004|1.0
0.0036110968458168144|1.0
0.0036702440177262177|1.0
0.0014944911706887898|1.0
0.0014872972246492457|1.0
0.0011240842474412327|0.0
0.0010964634932566148|0.0
0.0009958400121592007|0.0
0.0017878706601084653|1.0
0.0023693633231743052|1.0
0.0018916844675113415|1.0
0.0027267832602700603|1.0
0.002162671157676907|1.0
0.0023729385983858437|1.0
0.0017705721330878083|1.0
0.0024400931875090803|1.0
0.001977464737271238|1.0
0.00203909200309847|1.0
0.001900781489942464|1.0
0.002557959571092434|1.0
0.0026318575601263555|1.0
0.00343296217898662|1.0
0.002564527673663896|1.0
0.002565096013398078|1.0
0.002115938638498745|1.0
0.0024935116602990935|1.0
0.002390997391234759|1.0
0.003666855712676459|1.0
0.0030419446195156324|1.0
0.003357961498297784|1.0
0.0033268592815772404|1.0
0.0035429837758089427|1.0
0.0036101313388130795|1.0
0.003704872139509182|1.0
0.003985964720101994|1.0
0.0030386241845664244|1.0
0.003375013060641736|1.0
0.0026559820384206285|1.0
0.002108935138560266|1.0
0.0020898469047438335|1.0
0.0019147832814145871|1.0
0.00199800004680308|1.0
0.002315797649438143|1.0
0.0018121604775064185|1.0
0.0017023326491736321|1.0
0.0008470498880074541|0.0
0.0006359584884770979|0.0
0.00046514322046001044|0.0
0.0006941990371839408|0.0
0.000498740930737021|0.0
0.0009078300751738578|0.0
0.0008787585572035168|0.0
0.001046121396675642|0.0
0.0009202185587486709|0.0
0.0011880941468232036|0.0
0.0012637716616548437|1.0
0.0022343316027406343|1.0
0.0026530794091282318|1.0
0.0028610933427249694|1.0
0.0037669027605810885|1.0
0.003522598449433552|1.0
0.004053741503703169|1.0
6.02245398662282e-05|0.0
7.070857498723542e-05|0.0
6.939250337141786e-05|0.0
6.681399066600978e-05|0.0
6.583400661327496e-05|0.0
0.0017279614868338932|1.0
0.0019696573798019474|1.0
0.0018799937018433984|1.0
0.003464894412976287|1.0
0.0033396041745633685|1.0
0.000624078751656817|0.0
0.0008982431228617853|0.0
0.0011103114142293786|0.0
0.0010828426331938978|0.0
0.001188797996514813|0.0
0.004144913365883359|1.0
0.004208536731576372|1.0
0.0038798166789566877|1.0
0.00442912658042493|1.0
0.003064943403969287|1.0
0.0034748466567116536|1.0
0.0032704095027070727|1.0
0.0035339625259708765|1.0
0.0036226386692686826|1.0
0.00461866258842362|1.0
0.0029890323068530456|1.0
0.0030389148443058364|1.0
0.002461892129773182|1.0
0.0026759555052204634|1.0
0.0019218586497608292|1.0
0.0034690096662580903|1.0
0.002391860228605746|1.0
0.0009672564421842705|0.0
0.0012614107198001042|1.0
0.0012116503266385544|0.0
0.001165280926156203|0.0
0.0010777990175635107|0.0
0.002323586731587009|1.0
0.0028406626871946123|1.0
0.0028790050877321753|1.0
0.0024479602146909108|1.0
0.002586523179478143|1.0
0.0026357162237314056|1.0
0.002687472528167736|1.0
0.003202720992818603|1.0
0.0031245214354697274|1.0
0.003923906484227667|1.0
0.0035149647649048575|1.0
0.003849257566337389|1.0
0.00219232338020638|1.0
0.0021799271250116867|1.0
0.002232593304215273|1.0
0.001815874807340364|1.0
0.0021959264544583103|1.0
0.0032930013895113115|1.0
0.003234764802475466|1.0
0.0026250388834755914|1.0
0.00289768652892993|1.0
0.004126895962389772|1.0
0.003334117170715749|1.0
0.002936674391552573|1.0
0.0019159774610592382|1.0
0.0012870725478599792|1.0
0.0014784917459262038|1.0
0.0013833203928220635|1.0
0.0020335844046699227|1.0
0.002410098288624915|1.0
0.0041488778822774165|1.0
0.003824425241940556|1.0
0.004006431130075483|1.0
0.003108446345274096|1.0
0.00364206365053021|1.0
0.0020037133140399237|1.0
0.0016320625272583367|1.0
0.0016471670449061467|1.0
0.0015037021668508888|1.0
0.0008369850697641663|0.0
0.001080597839169298|0.0
0.001230567818895249|0.0
0.0004883694256844722|0.0
0.0004951895147270411|0.0
0.00046422364650563835|0.0
0.0004041036263025909|0.0
0.00038249564497213007|0.0
0.0005512639800655789|0.0
0.0005753947923897912|0.0
0.0005590023916185616|0.0
0.0004831095007220311|0.0
0.00035627467511482934|0.0
0.00037419910805731486|0.0
0.00041587234274474515|0.0
0.000599007292034346|0.0
0.0005615806416212653|0.0
0.0008265070516436905|0.0
0.0007903445698890181|0.0
0.0009154481760785473|0.0
0.0009047339872327857|0.0
0.001033992208852454|0.0
0.0015919620662336615|1.0
0.0018861491724042358|1.0
0.0019233986140037966|1.0
0.001830970283394882|1.0
0.0030438812667603382|1.0
0.0034593545840440085|1.0
0.0037382352646404705|1.0
0.0027928470127926495|1.0
0.003279283822949749|1.0
0.002901615670458987|1.0
0.002074861129411631|1.0
0.0019285442992964183|1.0
0.0019639057090694114|1.0
0.0026065286227187124|1.0
0.003015197185437632|1.0
0.0013914266610404566|1.0
0.0015032273593671595|1.0
0.0014412495824075535|1.0
0.0003168525495501736|0.0
7.11305494367617e-05|0.0
7.509879932544788e-05|0.0
7.824476758737726e-05|0.0
8.039271189158482e-05|0.0
9.334148624877257e-05|0.0
0.00047876319430086966|0.0
0.0003711570836667312|0.0
0.0003202234809103597|0.0
0.0002522339205015817|0.0
0.0001489563337294316|0.0
0.00019679596856854616|0.0
0.00020741040207401603|0.0
