PredictedProbability|PredictedLabel
0.008156341166167307|1.0
0.008283370472603023|1.0
0.008341737960825884|1.0
0.0056007575510902815|1.0
0.00630423600329164|1.0
0.005643987030181811|1.0
0.005843489204361572|1.0
0.003475504147935935|1.0
0.008451273134723393|1.0
0.006659545724304333|1.0
0.007269673068251696|1.0
0.005550973226257662|1.0
0.00422048256585389|1.0
0.006175714455843354|1.0
0.006270506171384567|1.0
0.005518957459007261|1.0
0.006837179345835044|1.0
0.006196333595515207|1.0
0.005166723841431881|1.0
0.006288423363045648|1.0
0.005842133935879541|1.0
