PredictedProbability|PredictedLabel
0.00833578062743166|1.0
0.008592217398176364|1.0
0.008420970097945558|1.0
0.00932744170297251|1.0
0.008483483428871636|1.0
0.006982925209920119|1.0
0.007248171461534944|1.0
0.005072972033003191|1.0
0.004657170780703674|1.0
0.005159226241322649|1.0
0.004270478160085316|1.0
0.00501429126622539|1.0
0.0057305761474761435|1.0
0.004360928745429015|1.0
0.004355263530761779|1.0
0.004391324880272856|1.0
0.0036992438136314097|1.0
0.004976773700070253|1.0
0.004671106363889076|1.0
0.004196595891393505|1.0
0.004189527862149602|1.0
0.0030961439199144103|1.0
0.003505675959712795|1.0
