PredictedProbability|PredictedLabel
0.009038215121557896|1.0
0.007028394741248323|1.0
0.00513635862806438|1.0
0.004502374976382393|1.0
0.004120055680055942|1.0
0.00538966041108767|1.0
0.0077176315855143965|1.0
0.009210620431174323|1.0
0.007890249524888168|1.0
0.0059032555451555705|1.0
0.004147130558498072|1.0
0.004531008838170392|1.0
0.0026548858840948738|1.0
0.0018794342934622787|1.0
0.0027086485048292076|1.0
0.001496031875248447|1.0
0.0015033347694661714|1.0
0.002832405150612057|1.0
0.0035080949916379313|1.0
0.002741652211010525|1.0
0.007346885724688359|1.0
0.010613619635840524|1.0
0.01258459241722285|1.0
0.012932580627706058|1.0
0.014080886973608653|1.0
0.014080886973608653|1.0
0.013415806721311289|1.0
0.01332294605592715|1.0
0.013473198675229168|1.0
0.0022547333031317507|1.0
0.0007455205042027898|0.0
0.0002574565537991547|0.0
0.00016481833517447103|0.0
5.955684676581435e-05|0.0
5.71728900574722e-05|0.0
6.184060618174626e-05|0.0
5.3047347976087115e-05|0.0
4.597269709387065e-05|0.0
6.328400128881858e-05|0.0
0.00011550777204584849|0.0
