PredictedProbability|PredictedLabel
0.0063773759680832215|1.0
0.006366377630730569|1.0
0.00513751248722461|1.0
0.004844607195548516|1.0
0.0026764823009025767|1.0
0.0025357286222885997|1.0
0.0031063983773383552|1.0
0.0029060824252075713|1.0
0.0027386130251017414|1.0
0.005504039852403172|1.0
0.0045068095363941935|1.0
0.004381933363087499|1.0
0.00518002279819755|1.0
0.004881951877152946|1.0
0.004210725099035128|1.0
0.0035296675875237113|1.0
0.003452252064489058|1.0
0.003943188255477723|1.0
0.004921703136987238|1.0
0.004962621028420972|1.0
0.004721612514564191|1.0
0.004051365983803332|1.0
0.0039036801799098905|1.0
0.0036164647207419342|1.0
0.003148823538077208|1.0
0.0030524973365745047|1.0
0.002851917355161149|1.0
0.0025399760236995174|1.0
0.0022416536679291214|1.0
0.0023191898893353464|1.0
0.002805230670432257|1.0
0.0033883837698062353|1.0
0.004190076013216728|1.0
0.0048542776730133306|1.0
0.0056882906267421525|1.0
0.005285461116435528|1.0
0.006058352155641309|1.0
0.006898262604966806|1.0
0.005666000097428801|1.0
0.007164305663811898|1.0
0.005900746316977602|1.0
0.006365026773432103|1.0
0.006217956983624381|1.0
