PredictedProbability|PredictedLabel
0.007881099910982712|1.0
0.0075084204504376395|1.0
0.007353728804110269|1.0
0.007403891421943081|1.0
0.007042478572831156|1.0
0.007182006308912462|1.0
0.007661445834308592|1.0
0.006862975868424147|1.0
0.00852586400410547|1.0
0.007016780475913147|1.0
0.006751127478454553|1.0
0.00642205442963519|1.0
0.0059092587912004555|1.0
0.0058623996047364275|1.0
0.004521328702610156|1.0
0.005030913775723129|1.0
0.005358538123071404|1.0
0.0052318742876153335|1.0
0.004351638253057571|1.0
0.004496685275943266|1.0
0.0029893181827571704|1.0
0.0036415122861999673|1.0
0.003871094942455169|1.0
0.0039900215040817085|1.0
