PredictedProbability|PredictedLabel
0.004051728632942615|1.0
0.003115692787201785|1.0
0.002799781069078085|1.0
0.0023652920868678638|1.0
0.002274922554891141|1.0
0.00249060063496399|1.0
0.0030389465948163735|1.0
0.0032819449705855227|1.0
0.004479440085432349|1.0
0.004528906905515118|1.0
0.005233292229397652|1.0
0.004727512326551589|1.0
0.004646757585068922|1.0
0.004882912040770061|1.0
0.005649868021122073|1.0
0.006186830459388126|1.0
0.005744012387153444|1.0
0.005512497185558189|1.0
0.005610809284815798|1.0
0.004736220402653016|1.0
0.005382596964475353|1.0
0.0060565485729274235|1.0
0.00504711832230947|1.0
0.004901999997786102|1.0
0.0042119718299570225|1.0
0.0038448109494323723|1.0
0.0033304632341117726|1.0
0.003514775157564354|1.0
0.004018874940858676|1.0
0.004395972867660701|1.0
0.004362817471856687|1.0
0.004552244572808487|1.0
0.005019441401855267|1.0
0.005097832056277874|1.0
0.004757632038300496|1.0
0.003996060349239855|1.0
0.0036957269449612888|1.0
0.004269379501026062|1.0
