PredictedProbability|PredictedLabel
0.008037600829057702|1.0
0.007065764506172614|1.0
0.004838084640582087|1.0
0.0029086666204549815|1.0
0.002880672607399291|1.0
0.0018728143120318901|1.0
0.001979117509734691|1.0
0.0025365353448289466|1.0
0.0036149889405733353|1.0
0.0032585856452467016|1.0
0.002149473679046867|1.0
0.0023580312049727137|1.0
0.002679164129703007|1.0
0.0031127107777835904|1.0
0.004388079414294101|1.0
0.0025628820318120645|1.0
0.003369577260763768|1.0
0.004145463890682181|1.0
0.004874983628500579|1.0
0.003169282754193059|1.0
0.005822968799460757|1.0
0.007395097639955242|1.0
0.005335363099891284|1.0
0.0036661104654799725|1.0
0.004991358196409886|1.0
0.0037528235901319626|1.0
0.002170853971920548|1.0
0.002441610788451756|1.0
0.004127781158171208|1.0
0.003597779213667242|1.0
0.002421485277927084|1.0
0.00214101334367626|1.0
0.002738811254725151|1.0
0.0024120656742771143|1.0
0.0018994971810518027|1.0
0.002253160594678513|1.0
0.0041864952982662695|1.0
0.0024294784364031013|1.0
0.002052079764354117|1.0
0.0015902924936552318|1.0
0.0028411250483652653|1.0
0.0027247695552120132|1.0
0.00415087191521378|1.0
0.00516018214052538|1.0
0.008555375467878835|1.0
0.00848418452188442|1.0
0.006781573029639774|1.0
0.004071081478126593|1.0
0.0028410110289148393|1.0
0.002677362902127499|1.0
0.0027023675370757175|1.0
0.0029109279944661234|1.0
