PredictedProbability|PredictedLabel
0.0070431895803649905|1.0
0.005116577745712224|1.0
0.005988713196705769|1.0
0.005511436362038017|1.0
0.0055053345744785044|1.0
0.004412865404345539|1.0
0.0065589143485060095|1.0
0.006700427267320398|1.0
0.004704218703596176|1.0
0.005559761461058405|1.0
0.003935719850487525|1.0
0.0035065172152965152|1.0
0.0026202379576112313|1.0
0.004479844286032074|1.0
0.0030792644909205954|1.0
0.0033944549082187032|1.0
0.004440718516990798|1.0
0.005078936353810703|1.0
0.004199203983202104|1.0
0.0054731177310142765|1.0
0.006655968013895332|1.0
0.00541865466119644|1.0
