PredictedProbability|PredictedLabel
0.00711211846008243|1.0
0.0022852799437350557|1.0
0.00230444924006589|1.0
0.0020081545443245558|1.0
0.0011910802884657567|0.0
0.0011158249479936901|0.0
0.0026488226240499874|1.0
0.003626212461578014|1.0
0.003348157909873956|1.0
0.0028466012006493646|1.0
0.0034395851562354024|1.0
0.0022122782171171353|1.0
0.0027379008666507886|1.0
0.004493462126400514|1.0
0.002284801444485657|1.0
0.0015388987898584433|1.0
0.0004338192801739583|0.0
0.0004759162600431544|0.0
0.000347022161434452|0.0
0.00034401349665641755|0.0
0.0006515525333704802|0.0
0.003069269150183582|1.0
0.004711868918834174|1.0
0.002590597721115044|1.0
0.0031118529224950417|1.0
0.003327885910449792|1.0
0.0030416169330043886|1.0
