PredictedProbability|PredictedLabel
0.004619823825481046|1.0
0.00537635313793388|1.0
0.004811048512614799|1.0
0.004664803079401463|1.0
0.0043635610363815195|1.0
0.0038045780871502487|1.0
0.0031932874027831002|1.0
0.0033039347928091926|1.0
0.0032355932846740024|1.0
0.0030914950610455055|1.0
0.0027313803343112348|1.0
0.0030476934420376905|1.0
0.003033307373407231|1.0
0.0026549183493090422|1.0
0.002590060714054906|1.0
0.0019423333149974408|1.0
0.001413093785578654|1.0
0.0015767138408680228|1.0
0.0018850603315408532|1.0
0.002020049009456642|1.0
0.0030864901524850275|1.0
0.0037710972402855572|1.0
0.0038270805477454858|1.0
0.003333381077841229|1.0
0.0029552406867656227|1.0
0.0032507874602841938|1.0
0.003523973781516888|1.0
0.003360350365396052|1.0
0.003834193360619714|1.0
0.004295273975040828|1.0
0.004087695579529321|1.0
0.003986863385455536|1.0
0.004336145313238382|1.0
0.00469915562792422|1.0
0.004481864922804275|1.0
0.00443193092935684|1.0
0.0044957354734462465|1.0
0.003420576070276813|1.0
0.0032436716901096028|1.0
0.002990810017318599|1.0
0.002955465422218198|1.0
0.0030419262052680585|1.0
