PredictedProbability|PredictedLabel
0.009160020253009778|1.0
0.005659489248573902|1.0
0.004983708006943249|1.0
0.00334855293431588|1.0
0.0038075238228710744|1.0
0.004290734042380413|1.0
0.004200802156905752|1.0
0.005027767557954689|1.0
0.006268043653504578|1.0
0.0052754535239976225|1.0
0.006372002902191447|1.0
0.0067366675870736605|1.0
0.006363394444986877|1.0
0.007103566526304927|1.0
0.006997366278129183|1.0
0.007358288482253073|1.0
0.007957114101606915|1.0
0.007343369095521912|1.0
0.007672714863518933|1.0
0.008202213181604375|1.0
0.007981060799122886|1.0
0.008470261629157405|1.0
0.00608405183499258|1.0
0.005734379940475486|1.0
0.005344473653498675|1.0
0.006380891941048958|1.0
0.0063795409496078025|1.0
0.0064324769801792645|1.0
