PredictedProbability|PredictedLabel
0.007095623985856761|1.0
0.007054154646570627|1.0
0.0060573634446515045|1.0
0.0063329014745640705|1.0
0.0059394084101308375|1.0
0.005958035918033421|1.0
0.005017847123731668|1.0
0.0032115757254524216|1.0
0.00436721963237328|1.0
0.004222259488152579|1.0
0.004659663686481335|1.0
0.0045477429949667214|1.0
0.004873795985933136|1.0
0.004353119803688821|1.0
0.004247559921290993|1.0
0.0037838661755332766|1.0
0.0050268480103452945|1.0
0.004599473967886376|1.0
0.005123862790111349|1.0
0.005853569795190066|1.0
0.0045297333869664435|1.0
0.0037885499966206215|1.0
0.004010100875855907|1.0
0.003741334314438804|1.0
0.003279882223535083|1.0
0.0020966132342580333|1.0
0.0025695909014120367|1.0
0.0018582700853346152|1.0
0.002324674091170092|1.0
0.003194183388516719|1.0
0.0030982841412587683|1.0
