PredictedProbability|PredictedLabel
0.008204294549593736|1.0
0.0019649880590306232|1.0
0.0006532887377970374|0.0
0.0005036754255561135|0.0
0.00043371953093602924|0.0
0.00044876861709520853|0.0
0.0011657613176636063|0.0
0.0019590109127288276|1.0
0.0020853999091500217|1.0
0.0015533398071546963|1.0
0.0014214975716421822|1.0
0.0017639075764341132|1.0
0.001341212656646914|1.0
0.0020451878886544182|1.0
0.005179270681597207|1.0
0.006089423016296619|1.0
0.007572367538153983|1.0
0.0020694663308400514|1.0
0.0020915112711078743|1.0
0.00215896823462616|1.0
0.00041586394443426537|0.0
0.0004456467732064507|0.0
0.0007381842829923184|0.0
0.0009746712177111995|0.0
0.000904172113898731|0.0
0.006438939761796664|1.0
0.004590276566461447|1.0
0.006774976646178476|1.0
0.004460649326036112|1.0
0.004231980343713924|1.0
0.003015149682147752|1.0
0.0030905467316429043|1.0
0.0032850643601828257|1.0
0.00324665820396498|1.0
0.0024583735845910074|1.0
0.0042885873715758|1.0
0.003283296521393257|1.0
0.0037386568269312855|1.0
0.0031959890925091486|1.0
0.005813403223076999|1.0
0.003918589776288255|1.0
0.004268126763350946|1.0
