PredictedProbability|PredictedLabel
0.007953187755789928|1.0
0.0076212145459947644|1.0
0.005850084953850445|1.0
0.004493393507045611|1.0
0.0031988378516226625|1.0
0.002836181313443638|1.0
0.002653897780144146|1.0
0.00277904003261876|1.0
0.0032499675955441187|1.0
0.00393223664683876|1.0
0.004898222253061355|1.0
0.006520811748239071|1.0
0.007342756196573137|1.0
0.008495770391938037|1.0
0.008043079887119428|1.0
0.008279709638221238|1.0
0.007724000346907706|1.0
0.00813851663513008|1.0
0.007302321167223791|1.0
0.007492973012545978|1.0
0.007395109691334963|1.0
0.007721553144963036|1.0
0.007145415874866239|1.0
0.006772304524875998|1.0
0.0068828526928430694|1.0
0.006253045028506773|1.0
0.006439407744544661|1.0
0.007380164785674018|1.0
0.007556699324529421|1.0
0.008218655469468135|1.0
0.007195491079505563|1.0
0.007505948434466247|1.0
0.007708911584234349|1.0
0.007921393553419169|1.0
0.006628574490406338|1.0
0.007838175403250327|1.0
0.007881331964847957|1.0
0.008106993145027233|1.0
0.007218226175601565|1.0
0.008228948365855615|1.0
0.007352014454231418|1.0
0.0079920195726909|1.0
0.007501494474684071|1.0
0.0069644062901225885|1.0
