PredictedProbability|PredictedLabel
0.006898363927921133|1.0
0.00781642883871498|1.0
0.005830431440352198|1.0
0.00525496505100661|1.0
0.005404743143027495|1.0
0.005187069842800861|1.0
0.0051274548745638675|1.0
0.00635547598483455|1.0
0.0037022123107903907|1.0
0.0024717804838984346|1.0
0.0024213474556607118|1.0
0.0021703711074233063|1.0
0.0027890028357781572|1.0
0.003866297611258857|1.0
0.004358653439968235|1.0
0.003624515167538018|1.0
0.0021362141092399387|1.0
0.0025938012783138635|1.0
0.0024075554383847205|1.0
0.002730698026333863|1.0
0.002443896342376642|1.0
0.0028852572320037175|1.0
0.0035847440835934403|1.0
0.0033999499829424846|1.0
0.004872778747225361|1.0
