PredictedProbability|PredictedLabel
0.4838031214632993|0.0
0.4842841294599519|0.0
0.4842841294599519|0.0
0.4842841294599519|0.0
0.48414871901244444|0.0
0.48454727058772534|0.0
0.48366771937368314|0.0
0.48454727058772534|0.0
0.48454727058772534|0.0
0.48454727058772534|0.0
0.48366771937368314|0.0
0.48366771937368314|0.0
0.48366771937368314|0.0
0.48366771937368314|0.0
0.48366771937368314|0.0
0.48366771937368314|0.0
0.48366771937368314|0.0
0.48366771937368314|0.0
0.484280878905957|0.0
0.484280878905957|0.0
0.484280878905957|0.0
0.484280878905957|0.0
0.484280878905957|0.0
0.484280878905957|0.0
0.484280878905957|0.0
0.484280878905957|0.0
0.484280878905957|0.0
0.4873744819310442|0.0
0.48573078164561384|0.0
0.48573078164561384|0.0
0.48573078164561384|0.0
0.48573078164561384|0.0
0.48661054881860244|0.0
0.48573078164561384|0.0
0.48661054881860244|0.0
0.48661054881860244|0.0
0.48661054881860244|0.0
0.48573078164561384|0.0
0.48573078164561384|0.0
0.48661054881860244|0.0
0.48516049743624434|0.0
0.48516049743624434|0.0
0.48516049743624434|0.0
0.48516049743624434|0.0
0.48516049743624434|0.0
0.484280878905957|0.0
0.484280878905957|0.0
0.484280878905957|0.0
0.484280878905957|0.0
0.484280878905957|0.0
0.484280878905957|0.0
0.484280878905957|0.0
0.484280878905957|0.0
0.484280878905957|0.0
0.484280878905957|0.0
0.484280878905957|0.0
0.484280878905957|0.0
0.484280878905957|0.0
0.484280878905957|0.0
