PredictedProbability|PredictedLabel
0.48644482052516524|0.0
0.4891251008614769|0.0
0.48731070438105295|0.0
0.48819061666551306|0.0
0.48900827697453547|0.0
0.49104888510071526|0.0
0.4901687549878112|0.0
0.4901687549878112|0.0
0.49104888510071526|0.0
0.48918383376704877|0.0
0.4900638953114371|0.0
0.48894358997932785|0.0
0.48894358997932785|0.0
0.4890484398367228|0.0
0.4890484398367228|0.0
0.49104888510071526|0.0
0.4901687549878112|0.0
0.48753021114827544|0.0
0.485573867646718|0.0
0.485573867646718|0.0
0.485573867646718|0.0
0.485573867646718|0.0
0.485573867646718|0.0
0.485573867646718|0.0
0.48610931649584677|0.0
0.4874680392632394|0.0
0.48634800843054915|0.0
0.4856420267656049|0.0
0.4859009253891468|0.0
0.4859009253891468|0.0
0.4859009253891468|0.0
0.4859009253891468|0.0
0.48754465559467886|0.0
0.4859009253891468|0.0
0.48702090284031163|0.0
0.4892597525949676|0.0
0.4859009253891468|0.0
0.48678070903422777|0.0
0.48678070903422777|0.0
0.4859009253891468|0.0
0.4859009253891468|0.0
0.48678070903422777|0.0
0.48790078982420687|0.0
0.4883797520959851|0.0
0.48702090284031163|0.0
0.48702090284031163|0.0
0.48790078982420687|0.0
0.48702090284031163|0.0
0.4859009253891468|0.0
0.4859009253891468|0.0
0.48725961797135114|0.0
0.4859009253891468|0.0
0.4859009253891468|0.0
0.48672410213993594|0.0
0.48672410213993594|0.0
