PredictedProbability|PredictedLabel
0.4873218891434048|0.0
0.48735706666066375|0.0
0.48735706666066375|0.0
0.48735706666066375|0.0
0.48735706666066375|0.0
0.48735706666066375|0.0
0.48735706666066375|0.0
0.48735706666066375|0.0
0.48735706666066375|0.0
0.48735706666066375|0.0
0.4890010373463593|0.0
0.48735706666066375|0.0
0.48871596027944153|0.0
0.48758039124670305|0.0
0.48588970526911873|0.0
0.48724839621269866|0.0
0.48588970526911873|0.0
0.48588970526911873|0.0
0.48588970526911873|0.0
0.48642517307554534|0.0
0.48642517307554534|0.0
0.48642517307554534|0.0
0.48642517307554534|0.0
0.48642517307554534|0.0
0.48642517307554534|0.0
0.48642517307554534|0.0
0.48876579874338005|0.0
0.48754521294026837|0.0
0.489750685254606|0.0
0.4885299902219279|0.0
0.4887687402628394|0.0
0.4874098397913133|0.0
0.4887687402628394|0.0
0.4874098397913133|0.0
0.4887687402628394|0.0
0.4887687402628394|0.0
0.4874098397913133|0.0
0.4862014280236534|0.0
0.4878452101423508|0.0
0.4892041659919422|0.0
0.4868604992779139|0.0
0.4868604992779139|0.0
0.4852168916744749|0.0
0.4865754818544793|0.0
0.4865754818544793|0.0
0.4852168916744749|0.0
