PredictedProbability|PredictedLabel
0.49002182127149596|0.0
0.48582969062715176|0.0
0.48495000165882624|0.0
0.4863085505038643|0.0
0.48495000165882624|0.0
0.48495000165882624|0.0
0.48495000165882624|0.0
0.48606985960904314|0.0
0.48495000165882624|0.0
0.47929416791338214|0.0
0.4795516955491156|0.0
0.4809092419514745|0.0
0.4809092419514745|0.0
0.4795516955491156|0.0
0.4809092419514745|0.0
0.4809092419514745|0.0
0.48053546715237216|0.0
0.48053546715237216|0.0
0.4809092419514745|0.0
0.4795516955491156|0.0
0.48067072140832573|0.0
0.4809092419514745|0.0
0.4795516955491156|0.0
0.4809092419514745|0.0
0.4823834501432351|0.0
0.48007413057352427|0.0
0.4809532340131688|0.0
0.48007413057352427|0.0
0.48007413057352427|0.0
0.48007413057352427|0.0
0.4809532340131688|0.0
0.48007413057352427|0.0
0.48143178784802365|0.0
0.48007413057352427|0.0
0.48152319819262224|0.0
0.48152319819262224|0.0
0.48152319819262224|0.0
0.48152319819262224|0.0
0.482642558233231|0.0
0.4840007173952232|0.0
0.48152319819262224|0.0
0.482881147448673|0.0
0.4828360101456695|0.0
0.48143178784802365|0.0
0.4811932483834219|0.0
0.48143178784802365|0.0
0.48143178784802365|0.0
0.48143178784802365|0.0
0.48143178784802365|0.0
0.48143178784802365|0.0
0.48143178784802365|0.0
0.48007413057352427|0.0
0.48007413057352427|0.0
0.48152319819262224|0.0
0.48152319819262224|0.0
0.48152319819262224|0.0
0.48152319819262224|0.0
0.48152319819262224|0.0
0.4809532340131688|0.0
0.4809532340131688|0.0
0.48143178784802365|0.0
0.48143178784802365|0.0
0.48143178784802365|0.0
0.48143178784802365|0.0
0.48007413057352427|0.0
0.48007413057352427|0.0
0.48007413057352427|0.0
0.48007413057352427|0.0
0.48007413057352427|0.0
0.48007413057352427|0.0
0.48143178784802365|0.0
0.48143178784802365|0.0
0.48143178784802365|0.0
0.48143178784802365|0.0
0.48152319819262224|0.0
0.48434575852586587|0.0
0.48434575852586587|0.0
0.48152319819262224|0.0
0.48152319819262224|0.0
0.48152319819262224|0.0
0.48152319819262224|0.0
0.482642558233231|0.0
0.48152319819262224|0.0
0.48152319819262224|0.0
0.482881147448673|0.0
0.482881147448673|0.0
0.48143178784802365|0.0
0.48143178784802365|0.0
0.48186596514406604|0.0
0.48186596514406604|0.0
0.48007413057352427|0.0
0.48007413057352427|0.0
0.48143178784802365|0.0
0.48143178784802365|0.0
0.48143178784802365|0.0
0.48143178784802365|0.0
0.48143178784802365|0.0
0.39713011794173186|0.0
0.39713011794173186|0.0
0.39713011794173186|0.0
0.39713011794173186|0.0
0.39713011794173186|0.0
0.39582872976637645|0.0
0.39713011794173186|0.0
0.39713011794173186|0.0
0.39713011794173186|0.0
0.39713011794173186|0.0
0.39713011794173186|0.0
0.39713011794173186|0.0
0.39713011794173186|0.0
0.39713011794173186|0.0
0.39713011794173186|0.0
0.39713011794173186|0.0
0.39774366017534973|0.0
0.39774366017534973|0.0
0.40826291255001085|0.0
0.4920128067597878|0.0
0.4920128067597878|0.0
0.49166797496747455|0.0
0.4926530740288024|0.0
0.4906669032893927|0.0
0.4837585713624614|0.0
0.48462463625653907|0.0
0.48462463625653907|0.0
0.4845198354625368|0.0
0.485984745782992|0.0
0.4907719671420702|0.0
0.48902939427522024|0.0
0.48834271972494725|0.0
0.4897932338074621|0.0
0.4897932338074621|0.0
0.4897932338074621|0.0
0.4889131923015155|0.0
0.4897932338074621|0.0
0.4889131923015155|0.0
0.4874627943992803|0.0
0.4874627943992803|0.0
0.4874627943992803|0.0
0.4874627943992803|0.0
0.4874627943992803|0.0
0.4874627943992803|0.0
0.4874627943992803|0.0
0.4874627943992803|0.0
0.4874627943992803|0.0
0.4874627943992803|0.0
0.4909803935312583|0.0
0.49240715877481755|0.0
0.4894035974421108|0.0
0.4908542396426458|0.0
0.49207515489952325|0.0
0.49207515489952325|0.0
0.49207515489952325|0.0
0.4906243814413859|0.0
0.49207515489952325|0.0
0.4906243814413859|0.0
0.4906243814413859|0.0
0.4906243814413859|0.0
0.4906243814413859|0.0
0.4906243814413859|0.0
0.48993761470228375|0.0
0.48993761470228375|0.0
0.48993761470228375|0.0
0.49016746077055773|0.0
0.48993761470228375|0.0
0.487537860577928|0.0
0.49693029716020987|0.0
0.4961901986834178|0.0
0.4975498174338186|0.0
0.4986629571613762|0.0
0.4976917501652606|0.0
0.493410348304364|0.0
0.4942906558365496|0.0
0.4946314448065255|0.0
0.4942906558365496|0.0
0.4946314448065255|0.0
0.4956447294663228|0.0
0.4962642280586344|0.0
0.4962642280586344|0.0
0.4962642280586344|0.0
0.4962642280586344|0.0
0.49724952789146787|0.0
0.4944230715476008|0.0
0.4954757925425939|0.0
0.49326946227886564|0.0
0.49449055045368434|0.0
0.49449055045368434|0.0
0.49326946227886564|0.0
0.49326946227886564|0.0
0.49449055045368434|0.0
0.4954757925425939|0.0
0.49449055045368434|0.0
0.49449055045368434|0.0
0.49449055045368434|0.0
0.4931066009277865|0.0
0.49372603266277154|0.0
0.49372603266277154|0.0
0.49372603266277154|0.0
0.49372603266277154|0.0
0.49372603266277154|0.0
0.49372603266277154|0.0
0.49386441246911195|0.0
0.4941495901806035|0.0
0.4941495901806035|0.0
0.4953707271984518|0.0
0.4945526336587927|0.0
0.4999290123626334|0.0
0.4999290123626334|0.0
0.4999290123626334|0.0
0.4999290123626334|0.0
0.4999290123626334|0.0
0.4999290123626334|0.0
0.4987077434896669|0.0
0.5001254390774563|1.0
0.49958956058177906|0.0
0.49958956058177906|0.0
0.49958956058177906|0.0
0.49958956058177906|0.0
0.5018088285379623|1.0
0.5006998229972037|1.0
0.5006998229972037|1.0
0.5006998229972037|1.0
0.5006998229972037|1.0
0.5006998229972037|1.0
0.5020594846774513|1.0
0.503704320113481|1.0
0.5023446978323044|1.0
0.5015802591324041|1.0
0.5015802591324041|1.0
0.5006998229972037|1.0
0.5023446978323044|1.0
0.5023446978323044|1.0
0.5006998229972037|1.0
0.500838223789509|1.0
0.49947855189343937|0.0
0.49947855189343937|0.0
0.49947855189343937|0.0
0.49947855189343937|0.0
0.5009297594658162|1.0
0.49947855189343937|0.0
0.49947855189343937|0.0
0.5009297594658162|1.0
0.5011956420929343|1.0
0.4997444355611161|0.0
0.5020760733809987|1.0
0.5020760733809987|1.0
0.5006248761534482|1.0
0.4997444355611161|0.0
0.4997444355611161|0.0
0.4997444355611161|0.0
0.4997444355611161|0.0
0.4997444355611161|0.0
0.4997444355611161|0.0
0.4997444355611161|0.0
0.5014363076686513|1.0
0.5014363076686513|1.0
0.5014363076686513|1.0
0.5014363076686513|1.0
0.5002150398563776|1.0
0.5015747075335826|1.0
0.5015747075335826|1.0
0.5015747075335826|1.0
0.5015747075335826|1.0
0.5014363076686513|1.0
0.5033106733817501|1.0
0.5019510389926701|1.0
0.5020894378529145|1.0
0.5036705464926367|1.0
0.5036705464926367|1.0
0.5026852450090827|1.0
0.5026852450090827|1.0
0.501325594849436|1.0
0.4997444355611161|0.0
0.49862363929310616|0.0
0.5009657060878492|1.0
0.5019510389926701|1.0
0.5009657060878492|1.0
0.5022605481330976|1.0
0.5019006637138166|1.0
0.5034817790050732|1.0
0.5011041066146268|1.0
0.5025468476780797|1.0
0.5011041066146268|1.0
0.4997444355611161|0.0
0.5009657060878492|1.0
0.5009657060878492|1.0
0.5011041066146268|1.0
0.5011041066146268|1.0
0.5011041066146268|1.0
0.4997444355611161|0.0
0.49968506017486924|0.0
0.5024539698422722|1.0
0.5010943149285075|1.0
0.5023155718709886|1.0
0.5036751951057448|1.0
0.5052562300743448|1.0
0.5023155718709886|1.0
0.5023155718709886|1.0
0.5036751951057448|1.0
0.5039603971640368|1.0
0.5053199520947352|1.0
0.5039603971640368|1.0
0.5039603971640368|1.0
0.5010943149285075|1.0
0.5028514361033186|1.0
0.504211040317201|1.0
0.5029898325007197|1.0
0.5029898325007197|1.0
0.5076967417103441|1.0
0.5060521625668496|1.0
0.5060521625668496|1.0
0.5060521625668496|1.0
0.5060521625668496|1.0
0.5060521625668496|1.0
0.5048596628263896|1.0
0.506700732949273|1.0
0.506700732949273|1.0
0.5051197927785899|1.0
0.5083452506571841|1.0
0.5051197927785899|1.0
0.508494752525642|1.0
