PredictedProbability|PredictedLabel
0.4856528305404135|0.0
0.48027942741217367|0.0
0.48027942741217367|0.0
0.48027942741217367|0.0
0.48027942741217367|0.0
0.48126331141701084|0.0
0.48126331141701084|0.0
0.48126331141701084|0.0
0.48126331141701084|0.0
0.48126331141701084|0.0
0.48290608973089083|0.0
0.48126331141701084|0.0
0.48384002113330316|0.0
0.48290608973089083|0.0
0.48473858894536925|0.0
0.4873955183840096|0.0
0.4873955183840096|0.0
0.4873955183840096|0.0
0.4873955183840096|0.0
0.4873955183840096|0.0
0.4873955183840096|0.0
0.4873955183840096|0.0
0.4873955183840096|0.0
0.48575181437929255|0.0
0.48755244077622384|0.0
0.489603021362469|0.0
0.48818032286786767|0.0
0.48660016742756595|0.0
0.48660016742756595|0.0
0.48660016742756595|0.0
0.4882440165953111|0.0
0.48660016742756595|0.0
0.4882440165953111|0.0
0.4882440165953111|0.0
0.4882440165953111|0.0
0.48660016742756595|0.0
0.48660016742756595|0.0
0.48795895942700607|0.0
0.4844544787338028|0.0
0.4844544787338028|0.0
0.4844544787338028|0.0
0.4844544787338028|0.0
0.4844544787338028|0.0
0.4844544787338028|0.0
0.4853885937456712|0.0
0.4844544787338028|0.0
0.4844544787338028|0.0
0.4860979424290331|0.0
0.4860979424290331|0.0
