PredictedProbability|PredictedLabel
0.4858157496973943|0.0
0.48749600324502634|0.0
0.48749600324502634|0.0
0.48749600324502634|0.0
0.48749600324502634|0.0
0.48749600324502634|0.0
0.48749600324502634|0.0
0.48843042670549386|0.0
0.48749600324502634|0.0
0.48749600324502634|0.0
0.48749600324502634|0.0
0.48955068255887685|0.0
0.48749600324502634|0.0
0.4882793271760752|0.0
0.48922744233218013|0.0
0.4882929494934944|0.0
0.4882929494934944|0.0
0.48922744233218013|0.0
0.4882929494934944|0.0
0.4882929494934944|0.0
0.4882929494934944|0.0
0.48730819478430804|0.0
0.4860772911031128|0.0
0.48500264773176577|0.0
0.48500264773176577|0.0
0.48500264773176577|0.0
0.48645267310134443|0.0
0.48583360978820533|0.0
0.48583360978820533|0.0
0.48583360978820533|0.0
