PredictedProbability|PredictedLabel
0.486204167679777|0.0
0.483585785645823|0.0
0.4825956607959289|0.0
0.4825956607959289|0.0
0.4825956607959289|0.0
0.4840452536613084|0.0
0.4840452536613084|0.0
0.4840452536613084|0.0
0.4856886369582434|0.0
0.48395381143718474|0.0
0.4842387415647024|0.0
0.4825956607959289|0.0
0.4825956607959289|0.0
0.4825956607959289|0.0
0.48694173545673397|0.0
0.483249662539116|0.0
0.4838685318354262|0.0
0.4838685318354262|0.0
0.4838685318354262|0.0
0.48335434760800317|0.0
0.48335434760800317|0.0
0.4848040840607053|0.0
0.4848040840607053|0.0
0.48626904308173463|0.0
0.4848040840607053|0.0
0.48335434760800317|0.0
0.48335434760800317|0.0
0.48335434760800317|0.0
0.48335434760800317|0.0
0.4848040840607053|0.0
0.4848040840607053|0.0
0.4848040840607053|0.0
0.4848040840607053|0.0
0.4848040840607053|0.0
0.4848040840607053|0.0
0.4848040840607053|0.0
0.4848040840607053|0.0
