PredictedProbability|PredictedLabel
0.4895166251356673|0.0
0.4874116080370687|0.0
0.4880816945216115|0.0
0.4891902020297571|0.0
0.490549315933361|0.0
0.4891902020297571|0.0
0.4900702640394419|0.0
0.4891902020297571|0.0
0.4891902020297571|0.0
0.4891902020297571|0.0
0.490549315933361|0.0
0.490549315933361|0.0
0.4891902020297571|0.0
0.48588869039385624|0.0
0.48731482472022764|0.0
0.4859561240965606|0.0
0.48731482472022764|0.0
0.4859561240965606|0.0
0.48633016783804284|0.0
0.4859561240965606|0.0
0.4859561240965606|0.0
0.4859561240965606|0.0
0.4859561240965606|0.0
0.48707610823542363|0.0
0.4859561240965606|0.0
0.4859561240965606|0.0
