PredictedProbability|PredictedLabel
0.48702778072678415|0.0
0.48683147997933124|0.0
0.48683147997933124|0.0
0.48683147997933124|0.0
0.48683147997933124|0.0
0.48683147997933124|0.0
0.4841504590631481|0.0
0.4843466990943552|0.0
0.48322707831841355|0.0
0.4843466990943552|0.0
0.48322707831841355|0.0
0.4843466990943552|0.0
0.48322707831841355|0.0
0.48322707831841355|0.0
0.48322707831841355|0.0
0.48322707831841355|0.0
0.48410657952070196|0.0
0.4843466990943552|0.0
0.4843466990943552|0.0
0.48322707831841355|0.0
0.4843466990943552|0.0
