PredictedProbability|PredictedLabel
0.4912094500670969|0.0
0.49096958236617033|0.0
0.4906833725790385|0.0
0.48974876527099676|0.0
0.48974876527099676|0.0
0.48974876527099676|0.0
0.4904016446071484|0.0
0.49017286465091237|0.0
0.49017286465091237|0.0
0.49017286465091237|0.0
0.49017286465091237|0.0
0.49017286465091237|0.0
0.49017286465091237|0.0
0.49017286465091237|0.0
0.49156757679218127|0.0
0.4906874133178843|0.0
0.49156757679218127|0.0
0.49156757679218127|0.0
0.4906874133178843|0.0
0.48956705104966597|0.0
0.49156757679218127|0.0
0.48956705104966597|0.0
0.48956705104966597|0.0
0.48956705104966597|0.0
0.4906874133178843|0.0
0.4906874133178843|0.0
0.4894252513062913|0.0
0.4894252513062913|0.0
0.4883050079047857|0.0
0.4883050079047857|0.0
0.4883050079047857|0.0
0.48695172364466316|0.0
0.4860974289320952|0.0
0.4860974289320952|0.0
0.4860974289320952|0.0
0.4860974289320952|0.0
0.4860974289320952|0.0
0.487217430066491|0.0
0.4860974289320952|0.0
0.4882936117979528|0.0
