PredictedProbability|PredictedLabel
0.39709513883856734|0.0
0.39802985267377444|0.0
0.39802985267377444|0.0
0.3959160856026417|0.0
0.3971481672304467|0.0
0.39822203480274193|0.0
0.39822203480274193|0.0
0.3969194242571199|0.0
0.39437111065466207|0.0
0.3974349778786492|0.0
0.39613324711837405|0.0
0.3955195289594494|0.0
0.39613324711837405|0.0
0.39421996742583976|0.0
0.3950613144478295|0.0
0.3963618347921032|0.0
0.39421996742583976|0.0
0.3955195289594494|0.0
0.3955195289594494|0.0
0.39529110895035385|0.0
0.39529110895035385|0.0
0.39421996742583976|0.0
0.39421996742583976|0.0
0.3950613144478295|0.0
0.39529110895035385|0.0
0.39529110895035385|0.0
0.39529110895035385|0.0
0.3955195289594494|0.0
0.39421996742583976|0.0
0.3966348317491945|0.0
0.3955195289594494|0.0
0.3963618347921032|0.0
0.39515405583870444|0.0
0.3949891991216821|0.0
0.3949891991216821|0.0
0.3936902452236202|0.0
0.3936902452236202|0.0
0.3949891991216821|0.0
0.39476088537238585|0.0
0.39442603256182274|0.0
0.3954973684438236|0.0
