PredictedProbability|PredictedLabel
0.48993035027992765|0.0
0.4887344451559824|0.0
0.4913158143203098|0.0
0.48993609357624546|0.0
0.48851761360181906|0.0
0.48851761360181906|0.0
0.4892232223062965|0.0
0.4892232223062965|0.0
0.4880580340419246|0.0
0.48851765061119834|0.0
0.48851765061119834|0.0
0.48851765061119834|0.0
0.48851765061119834|0.0
0.48851765061119834|0.0
0.48851765061119834|0.0
0.48851765061119834|0.0
0.4878926005596649|0.0
0.4870017346810726|0.0
0.4876683409332049|0.0
0.48640397879027075|0.0
0.4870705436890054|0.0
0.4870705436890054|0.0
0.48774665926164246|0.0
0.49194908999335285|0.0
0.49194908999335285|0.0
0.49194908999335285|0.0
0.49128224333071474|0.0
0.49194908999335285|0.0
0.4927216540790148|0.0
0.49194908999335285|0.0
0.49128224333071474|0.0
0.49128224333071474|0.0
0.4928105057336643|0.0
0.4921436225109139|0.0
0.49194908999335285|0.0
0.4921436225109139|0.0
0.4921436225109139|0.0
0.49194908999335285|0.0
0.49128224333071474|0.0
0.49128224333071474|0.0
0.49128224333071474|0.0
0.49084454887280343|0.0
0.49084454887280343|0.0
0.49299487266500386|0.0
0.49151137544087675|0.0
0.49151137544087675|0.0
0.49084454887280343|0.0
0.49151137544087675|0.0
0.49084454887280343|0.0
0.49084454887280343|0.0
0.49151137544087675|0.0
0.49151137544087675|0.0
0.49151137544087675|0.0
0.49151137544087675|0.0
0.49084454887280343|0.0
0.49084454887280343|0.0
0.49016824815729354|0.0
0.49016824815729354|0.0
0.49016824815729354|0.0
0.48596647870459414|0.0
0.4872884702884861|0.0
0.4872884702884861|0.0
0.4872884702884861|0.0
0.49148123336873917|0.0
0.49084454887280343|0.0
0.49084454887280343|0.0
0.49084454887280343|0.0
0.49084454887280343|0.0
0.49151137544087675|0.0
0.49151137544087675|0.0
0.49242034851424454|0.0
0.48754652141481086|0.0
0.49154172009984043|0.0
0.48967566140624014|0.0
0.49234115614284074|0.0
0.49366872234113607|0.0
0.49347417275162325|0.0
0.493761445126977|0.0
0.4944283863138103|0.0
0.493761445126977|0.0
0.49225373118965376|0.0
0.49225373118965376|0.0
0.49311516261194904|0.0
0.49225373118965376|0.0
0.49289998255573103|0.0
0.4907842242230313|0.0
0.49164557409959814|0.0
0.4923219448195305|0.0
0.4908143648069085|0.0
0.4914811899515472|0.0
0.4936383180895508|0.0
0.4930302638683504|0.0
0.4895982926765909|0.0
0.48898581031166954|0.0
0.4888931182535548|0.0
0.4888931182535548|0.0
0.49222638991457374|0.0
0.49222638991457374|0.0
0.49222638991457374|0.0
0.49222638991457374|0.0
0.49222638991457374|0.0
0.49222638991457374|0.0
0.49222638991457374|0.0
0.49222638991457374|0.0
0.4915801655777438|0.0
0.4915801655777438|0.0
0.4915801655777438|0.0
0.4873778630835375|0.0
0.4915801655777438|0.0
0.4915801655777438|0.0
0.4915801655777438|0.0
0.4915801655777438|0.0
0.48946291521245977|0.0
0.4951566231883808|0.0
