PredictedProbability|PredictedLabel
0.48384967007792595|0.0
0.48491260660967905|0.0
0.48405182065662505|0.0
0.4846883013133258|0.0
0.48535473692836323|0.0
0.48535473692836323|0.0
0.48535473692836323|0.0
0.48554915395352066|0.0
0.4846883013133258|0.0
0.48722005013548036|0.0
0.48535473692836323|0.0
0.4846883013133258|0.0
0.4858613290139164|0.0
0.4858613290139164|0.0
0.4858613290139164|0.0
0.4851559635312807|0.0
0.4851559635312807|0.0
0.4851559635312807|0.0
0.4853700434765972|0.0
0.48365525955083655|0.0
0.48365525955083655|0.0
0.48365525955083655|0.0
0.48365525955083655|0.0
0.48365525955083655|0.0
0.4851559635312807|0.0
0.4851559635312807|0.0
0.4851559635312807|0.0
0.4853145678282055|0.0
0.48849433968690925|0.0
0.49038316041043595|0.0
0.4912444854453841|0.0
0.49064650265340043|0.0
0.4897852167136207|0.0
0.4897852167136207|0.0
0.4897852167136207|0.0
0.49165129068355445|0.0
0.49056916709590465|0.0
0.48847806344529066|0.0
0.48933925533640693|0.0
0.4910550262945455|0.0
0.4910550262945455|0.0
0.4908700154016739|0.0
0.4903439434549098|0.0
0.48847806344529066|0.0
0.4901937133794114|0.0
0.48933925533640693|0.0
0.492221712785277|0.0
0.492221712785277|0.0
0.49308314258945046|0.0
0.49308314258945046|0.0
0.48847806344529066|0.0
0.4910550262945455|0.0
0.4910550262945455|0.0
0.48933925533640693|0.0
0.48847806344529066|0.0
