PredictedProbability|PredictedLabel
0.48992245217633895|0.0
0.489809931995698|0.0
0.4880276556132447|0.0
0.4873263896186606|0.0
0.4865596332672868|0.0
0.48922743980838773|0.0
0.4886790160183206|0.0
0.48800283926072324|0.0
0.4003715661701689|0.0
0.3985058084465278|0.0
0.3979843738165766|0.0
0.39779924300421343|0.0
0.39922196096591006|0.0
0.4916469766887498|0.0
0.4945615397101562|0.0
0.4945615397101562|0.0
0.49245687892401313|0.0
0.4943232699360564|0.0
0.4942173432526062|0.0
0.49460467332209035|0.0
0.49350715213820673|0.0
0.4918481059583395|0.0
0.49127712505332943|0.0
0.4904500096053377|0.0
0.4926286262440044|0.0
0.4926286262440044|0.0
0.4926286262440044|0.0
0.4926286262440044|0.0
