PredictedProbability|PredictedLabel
0.47915741024943903|0.0
0.4803111142236644|0.0
0.4811714518035987|0.0
0.47763949523227023|0.0
0.47744530602178853|0.0
0.4783052348319704|0.0
0.4787422613883673|0.0
0.4787422613883673|0.0
0.47965339222062015|0.0
0.47784800145672673|0.0
0.4787079911253415|0.0
0.4787079911253415|0.0
0.4787079911253415|0.0
0.4787079911253415|0.0
0.47806280524417705|0.0
0.47806280524417705|0.0
0.48001759007783534|0.0
0.481517532748772|0.0
0.48065714964268647|0.0
0.48133271681004447|0.0
0.48215739292813425|0.0
0.48215739292813425|0.0
0.48215739292813425|0.0
0.48215739292813425|0.0
0.48065714964268647|0.0
0.47915741024943903|0.0
0.47915741024943903|0.0
0.47915741024943903|0.0
0.47915741024943903|0.0
0.47915741024943903|0.0
0.47915741024943903|0.0
0.47915741024943903|0.0
0.47915741024943903|0.0
0.47915741024943903|0.0
0.47915741024943903|0.0
0.47915741024943903|0.0
0.47915741024943903|0.0
0.4785331316980167|0.0
0.47789415381748584|0.0
0.47789415381748584|0.0
