PredictedProbability|PredictedLabel
0.48830996228448487|0.0
0.48951842429584314|0.0
0.48966286894737665|0.0
0.4909102064052004|0.0
0.490705822606523|0.0
0.48743303894243295|0.0
0.4869204852446871|0.0
0.48543776557623364|0.0
0.4878326141411628|0.0
0.4863497497729923|0.0
0.4863497497729923|0.0
0.4863497497729923|0.0
0.4868124904399252|0.0
0.4868124904399252|0.0
0.4880186068139896|0.0
0.48866464922778463|0.0
0.48866464922778463|0.0
0.48866464922778463|0.0
0.49093180886007726|0.0
0.4875095583678921|0.0
0.4875095583678921|0.0
0.4863035050920424|0.0
0.48547838577062113|0.0
0.48547838577062113|0.0
0.48547838577062113|0.0
0.48483256168890665|0.0
0.48415666768109916|0.0
0.48565746412477695|0.0
0.4847966004155957|0.0
0.48697941146581275|0.0
0.4838326941494421|0.0
0.48212395256179313|0.0
0.48126349167292215|0.0
0.4845115718880731|0.0
0.48282598053867515|0.0
0.48580098157951296|0.0
0.4843624841476214|0.0
0.48368663018532|0.0
0.4843624841476214|0.0
0.4843624841476214|0.0
0.48728376006087154|0.0
0.48821714144522793|0.0
0.48777955938239287|0.0
