PredictedProbability|PredictedLabel
0.48374424737465793|0.0
0.4835512664337962|0.0
0.4835512664337962|0.0
0.48566884755486756|0.0
0.48566884755486756|0.0
0.48566884755486756|0.0
0.48566884755486756|0.0
0.48566884755486756|0.0
0.4913538263765127|0.0
0.4991717502256496|0.0
0.4978810952037937|0.0
0.4978810952037937|0.0
0.49724537250540596|0.0
0.4957615916364361|0.0
0.4957615916364361|0.0
0.4966646860752594|0.0
0.4985313602440825|0.0
0.4966646860752594|0.0
0.4966646860752594|0.0
0.4966646860752594|0.0
0.4966646860752594|0.0
0.49146612252602556|0.0
0.4923275120935669|0.0
0.49146612252602556|0.0
0.4907603870501021|0.0
0.4907603870501021|0.0
0.49008409067811665|0.0
0.4907603870501021|0.0
0.49146612252602556|0.0
0.49146612252602556|0.0
0.49078979091861563|0.0
0.49078979091861563|0.0
0.4966646860752594|0.0
0.4966646860752594|0.0
0.4975262728679573|0.0
0.49896603430599257|0.0
0.49598817797608474|0.0
0.4966646860752594|0.0
0.4966646860752594|0.0
0.4966646860752594|0.0
0.4966646860752594|0.0
0.4966646860752594|0.0
0.4966646860752594|0.0
0.49078979091861563|0.0
0.49078979091861563|0.0
0.49146612252602556|0.0
0.49008409067811665|0.0
0.49008409067811665|0.0
