PredictedProbability|PredictedLabel
0.49252276511236653|0.0
0.48603145287448146|0.0
0.4885908301029619|0.0
0.48918871370944494|0.0
0.4907824189715972|0.0
0.49079192614154565|0.0
0.4916532764843126|0.0
0.49011562813736187|0.0
0.4916532764843126|0.0
0.493021612777831|0.0
0.49152835698327874|0.0
0.49181270834877716|0.0
0.4904444814773144|0.0
0.4904444814773144|0.0
0.4889069777014014|0.0
0.4895832093023138|0.0
0.4897682017509533|0.0
0.4908961363098821|0.0
0.4902293397145037|0.0
0.4902293397145037|0.0
0.4902293397145037|0.0
0.4914191130207068|0.0
0.4895530716335011|0.0
0.4895530716335011|0.0
0.4895530716335011|0.0
0.4889069777014014|0.0
0.4895832093023138|0.0
0.48957370303518305|0.0
0.48957370303518305|0.0
0.4889069777014014|0.0
0.48812313842065486|0.0
0.48904446106133126|0.0
0.48904446106133126|0.0
0.48929788118632317|0.0
0.48719223430252845|0.0
0.48719223430252845|0.0
0.4880533221869448|0.0
0.48785885333293516|0.0
0.48719223430252845|0.0
0.48785885333293516|0.0
0.48785885333293516|0.0
0.4878683581284842|0.0
0.4885350209481791|0.0
0.48785885333293516|0.0
0.48686433534965345|0.0
0.4875404367537998|0.0
0.4875404367537998|0.0
0.4861588906224363|0.0
0.4861588906224363|0.0
0.48701988666239776|0.0
0.4861588906224363|0.0
0.4861588906224363|0.0
0.4871533356408925|0.0
