PredictedProbability|PredictedLabel
0.49113926570066835|0.0
0.48819858370701963|0.0
0.48819858370701963|0.0
0.4887783766038129|0.0
0.4872864215686589|0.0
0.4872864215686589|0.0
0.4872864215686589|0.0
0.4872864215686589|0.0
0.4872864215686589|0.0
0.487541961556917|0.0
0.48687076756946107|0.0
0.48687076756946107|0.0
0.4865474847030639|0.0
0.48468231258714484|0.0
0.48468231258714484|0.0
0.4865474847030639|0.0
0.48468231258714484|0.0
0.48468231258714484|0.0
0.48468231258714484|0.0
0.48468231258714484|0.0
0.4856765920543702|0.0
0.4856765920543702|0.0
0.4856765920543702|0.0
0.48638199938272936|0.0
0.48638199938272936|0.0
0.48538763866987444|0.0
0.48538763866987444|0.0
0.48538763866987444|0.0
0.48468231258714484|0.0
0.48468231258714484|0.0
0.48468231258714484|0.0
0.48468231258714484|0.0
0.48468231258714484|0.0
0.4825994784768485|0.0
0.48327032982245127|0.0
0.48327032982245127|0.0
0.4845052678681987|0.0
0.4845052678681987|0.0
0.4845052678681987|0.0
0.4845052678681987|0.0
0.4845052678681987|0.0
0.4845052678681987|0.0
0.4845052678681987|0.0
0.4845052678681987|0.0
0.4858727246547146|0.0
0.4858727246547146|0.0
0.4858727246547146|0.0
