PredictedProbability|PredictedLabel
0.4893036861278417|0.0
0.49160899015578624|0.0
0.49662252518379546|0.0
0.4931324862885284|0.0
0.49064538975750355|0.0
0.4936754267517599|0.0
0.48983897917314934|0.0
0.4904609760484478|0.0
0.4968262722412218|0.0
0.49534250980980077|0.0
0.4968262722412218|0.0
0.49534250980980077|0.0
0.4901443089458346|0.0
0.4903293097383535|0.0
0.4909513300579334|0.0
0.4894386447426814|0.0
0.4894386447426814|0.0
0.4894386447426814|0.0
0.4894386447426814|0.0
0.4894386447426814|0.0
0.49612034887660694|0.0
0.49612034887660694|0.0
0.4946366222144552|0.0
0.49534250980980077|0.0
0.49534250980980077|0.0
0.49534250980980077|0.0
0.49534250980980077|0.0
0.4968262722412218|0.0
0.4986929520113729|0.0
0.4968262722412218|0.0
0.49534250980980077|0.0
0.49534250980980077|0.0
0.4926225763037039|0.0
0.49113911413769384|0.0
0.49113911413769384|0.0
0.49113911413769384|0.0
0.49113911413769384|0.0
