PredictedProbability|PredictedLabel
0.48309949316639356|0.0
0.4837451764401409|0.0
0.4837451764401409|0.0
0.4837451764401409|0.0
0.48309949316639356|0.0
0.48309949316639356|0.0
0.48309949316639356|0.0
0.48409872353239664|0.0
0.48409872353239664|0.0
0.48409872353239664|0.0
0.48409872353239664|0.0
0.4847651110934424|0.0
0.48409872353239664|0.0
0.4847651110934424|0.0
0.4847651110934424|0.0
0.48409872353239664|0.0
0.48303570397999807|0.0
0.481927598220716|0.0
0.481927598220716|0.0
0.481927598220716|0.0
0.481927598220716|0.0
0.481927598220716|0.0
0.481927598220716|0.0
0.481927598220716|0.0
0.481927598220716|0.0
0.481927598220716|0.0
0.4825937928280863|0.0
0.4825937928280863|0.0
0.481927598220716|0.0
0.481927598220716|0.0
0.481927598220716|0.0
0.481927598220716|0.0
0.481927598220716|0.0
