PredictedProbability|PredictedLabel
0.48450900816810977|0.0
0.4844869947704339|0.0
0.48415014175262683|0.0
0.48492374187754245|0.0
0.4840629547339174|0.0
0.48500443882917854|0.0
0.48500443882917854|0.0
0.48500443882917854|0.0
0.4858653235545293|0.0
0.48500443882917854|0.0
0.4858653235545293|0.0
0.4858653235545293|0.0
0.4873664123903318|0.0
0.4873664123903318|0.0
0.48803304293470806|0.0
0.4888583788206299|0.0
0.4873305962988947|0.0
0.4888583788206299|0.0
0.48649603659072893|0.0
0.48669047844852564|0.0
0.4873570634055712|0.0
0.48500443882917854|0.0
0.48500443882917854|0.0
0.4858653235545293|0.0
0.4858653235545293|0.0
0.4856708994471862|0.0
0.4856708994471862|0.0
0.48742321725231086|0.0
0.4863191107946038|0.0
0.4863191107946038|0.0
0.4842199372438018|0.0
0.4848863348359592|0.0
0.4842199372438018|0.0
0.4842199372438018|0.0
0.4850807410826563|0.0
0.4842199372438018|0.0
0.4842199372438018|0.0
0.4842199372438018|0.0
0.4842199372438018|0.0
0.4842199372438018|0.0
0.4842199372438018|0.0
0.4842199372438018|0.0
0.4842199372438018|0.0
0.4850807410826563|0.0
0.4842199372438018|0.0
0.4848863348359592|0.0
0.4850807410826563|0.0
0.4842199372438018|0.0
0.4842199372438018|0.0
0.4842199372438018|0.0
0.4848863348359592|0.0
0.4831282055717906|0.0
