PredictedProbability|PredictedLabel
0.4840208243597932|0.0
0.4848395356609535|0.0
0.48229902342191894|0.0
0.47940363000847547|0.0
0.47940363000847547|0.0
0.47940363000847547|0.0
0.4786989107603889|0.0
0.48155990688713346|0.0
0.4817994882800454|0.0
0.480432782803202|0.0
0.48467120260880453|0.0
0.48330394855867503|0.0
0.48506296362968243|0.0
0.48330394855867503|0.0
0.48400915277488854|0.0
0.48400915277488854|0.0
0.48400915277488854|0.0
0.48400915277488854|0.0
0.48330394855867503|0.0
0.48330394855867503|0.0
0.48330394855867503|0.0
0.48330394855867503|0.0
0.48330394855867503|0.0
0.48330394855867503|0.0
0.48330394855867503|0.0
0.48330394855867503|0.0
0.48330394855867503|0.0
0.48330394855867503|0.0
0.48330394855867503|0.0
0.48330394855867503|0.0
0.48330394855867503|0.0
0.48330394855867503|0.0
0.48330394855867503|0.0
0.48330394855867503|0.0
0.48330394855867503|0.0
0.48480458595434717|0.0
0.4857461544565878|0.0
