PredictedProbability|PredictedLabel
0.48554602206467784|0.0
0.4857390503435188|0.0
0.4832021661008896|0.0
0.48064958164218813|0.0
0.48064958164218813|0.0
0.48150892506243387|0.0
0.48150892506243387|0.0
0.4821750795678046|0.0
0.48150892506243387|0.0
0.48150892506243387|0.0
0.48150892506243387|0.0
0.48150892506243387|0.0
0.48150892506243387|0.0
0.48150892506243387|0.0
0.48150892506243387|0.0
0.48150892506243387|0.0
0.48150892506243387|0.0
0.4821750795678046|0.0
0.48294688520989754|0.0
0.48150892506243387|0.0
0.4821750795678046|0.0
0.4821750795678046|0.0
0.4821750795678046|0.0
0.4821750795678046|0.0
0.48150892506243387|0.0
0.48150892506243387|0.0
0.48150892506243387|0.0
0.48236941671536276|0.0
0.48236941671536276|0.0
0.4829463460924912|0.0
0.4825090342489586|0.0
0.4825090342489586|0.0
0.4825090342489586|0.0
