PredictedProbability|PredictedLabel
0.48729158957219926|0.0
0.48799506506171236|0.0
0.4863244702275715|0.0
0.48756942629794914|0.0
0.4882360700581415|0.0
0.4875305261518419|0.0
0.4875305261518419|0.0
0.4875305261518419|0.0
0.48686392926410327|0.0
0.4875305261518419|0.0
0.4883916425045081|0.0
0.491530695451634|0.0
0.4891587533340667|0.0
0.4891587533340667|0.0
0.48795250471081764|0.0
0.48795250471081764|0.0
0.4872858794699126|0.0
0.48795250471081764|0.0
0.48795250471081764|0.0
0.48795250471081764|0.0
0.48795250471081764|0.0
0.48795250471081764|0.0
0.48795250471081764|0.0
0.48795250471081764|0.0
0.48795250471081764|0.0
0.48795250471081764|0.0
0.4894539030978282|0.0
0.4894539030978282|0.0
0.4894539030978282|0.0
0.492145481415744|0.0
0.49027934077319063|0.0
0.49027934077319063|0.0
0.49027934077319063|0.0
0.49027934077319063|0.0
0.49027934077319063|0.0
0.49402346235733957|0.0
0.49027934077319063|0.0
0.48356073236471836|0.0
0.48904830929160054|0.0
0.4853057281160043|0.0
0.48651059284903486|0.0
0.4848245878114576|0.0
0.4848245878114576|0.0
0.4856854543680143|0.0
0.4848245878114576|0.0
