PredictedProbability|PredictedLabel
0.4865735977150447|0.0
0.48406265654892894|0.0
0.48553016884237454|0.0
0.48673612146058004|0.0
0.4874027095727145|0.0
0.4863718320272479|0.0
0.4882373458109464|0.0
0.4882373458109464|0.0
0.49077843035755747|0.0
0.4890626971540498|0.0
0.48719703199139497|0.0
0.48719703199139497|0.0
0.48891248305554574|0.0
0.4863719873488773|0.0
0.486235247028605|0.0
0.4881007347752782|0.0
0.4854101340844389|0.0
0.4879214547961274|0.0
0.48434107508211643|0.0
0.48434107508211643|0.0
0.4850463719942184|0.0
0.488627025023439|0.0
0.48999505726038584|0.0
0.48767612253255177|0.0
0.48767612253255177|0.0
0.489396002840649|0.0
0.48650665171430363|0.0
0.4887197822314321|0.0
0.4887197822314321|0.0
0.4887197822314321|0.0
0.4887197822314321|0.0
0.4887197822314321|0.0
0.4876666377566416|0.0
0.4862989076890362|0.0
0.4862989076890362|0.0
0.4876666377566416|0.0
0.4862989076890362|0.0
0.4847044949157324|0.0
0.4847044949157324|0.0
0.48656967179378635|0.0
0.48768042114272264|0.0
0.48768042114272264|0.0
0.48768042114272264|0.0
0.4858150152520011|0.0
