PredictedProbability|PredictedLabel
0.4866012905524639|0.0
0.4866012905524639|0.0
0.4866012905524639|0.0
0.4866012905524639|0.0
0.4866012905524639|0.0
0.4866012905524639|0.0
0.4866012905524639|0.0
0.4866012905524639|0.0
0.48746232681444507|0.0
0.4866012905524639|0.0
0.48726786931227695|0.0
0.48746232681444507|0.0
0.4866012905524639|0.0
0.4866012905524639|0.0
0.4866012905524639|0.0
0.48726786931227695|0.0
0.4866012905524639|0.0
0.4866012905524639|0.0
0.48746232681444507|0.0
0.4881384686722641|0.0
