PredictedProbability|PredictedLabel
0.4880973610080142|0.0
0.4882596950397119|0.0
0.4882596950397119|0.0
0.48927406804691953|0.0
0.48927406804691953|0.0
0.48798864371144307|0.0
0.48755107134540027|0.0
0.48755107134540027|0.0
0.4881594146079668|0.0
0.4874832713683491|0.0
0.4874832713683491|0.0
0.4874832713683491|0.0
0.4874832713683491|0.0
0.48732462939421145|0.0
0.48732462939421145|0.0
0.48732462939421145|0.0
0.48732462939421145|0.0
0.48732462939421145|0.0
0.48732462939421145|0.0
0.48732462939421145|0.0
0.48732462939421145|0.0
