PredictedProbability|PredictedLabel
0.3679927944132185|0.0
0.4391262354522131|0.0
0.3772099088023284|0.0
0.39646728720061997|0.0
0.39646728720061997|0.0
0.3772099088023284|0.0
0.3772099088023284|0.0
0.39646728720061997|0.0
0.30332245379684647|0.0
0.30332245379684647|0.0
0.30332245379684647|0.0
0.2536374538842904|0.0
0.2716149358691258|0.0
0.2716149358691258|0.0
0.2716149358691258|0.0
0.2716149358691258|0.0
0.2716149358691258|0.0
0.2716149358691258|0.0
0.2716149358691258|0.0
0.2716149358691258|0.0
0.2716149358691258|0.0
0.3376335717825968|0.0
0.3637710434823819|0.0
0.2856427240726624|0.0
0.33897683853871946|0.0
0.31283936683893443|0.0
