PredictedProbability|PredictedLabel
0.4784973831678271|0.0
0.33182890073040683|0.0
0.4174380497639542|0.0
0.451547231878065|0.0
0.48932796834536046|0.0
0.4174380497639542|0.0
0.4174380497639542|0.0
0.4174380497639542|0.0
0.5375990528329424|1.0
0.5375990528329424|1.0
0.5375990528329424|1.0
0.5375990528329424|1.0
0.4784973831678271|0.0
0.4784973831678271|0.0
0.4784973831678271|0.0
0.4784973831678271|0.0
0.4784973831678271|0.0
0.7080600850867756|1.0
0.7080600850867756|1.0
0.7080600850867756|1.0
0.7080600850867756|1.0
0.7080600850867756|1.0
