PredictedProbability|PredictedLabel
0.3907044510522988|0.0
0.39791250437162984|0.0
0.36694996964005394|0.0
0.384912726409137|0.0
0.384912726409137|0.0
0.48655438840925697|0.0
0.4637869688893649|0.0
0.4931714453002939|0.0
0.4817497256584479|0.0
0.457169911998328|0.0
0.4637869688893649|0.0
0.457169911998328|0.0
0.4637869688893649|0.0
0.4817497256584479|0.0
0.4637869688893649|0.0
0.4637869688893649|0.0
0.4637869688893649|0.0
0.4637869688893649|0.0
0.47177886446096184|0.0
0.47839592135199877|0.0
0.4637869688893649|0.0
0.473748734852664|0.0
0.4883576873152979|0.0
0.4883576873152979|0.0
0.47177886446096184|0.0
0.473748734852664|0.0
0.473748734852664|0.0
0.4637869688893649|0.0
0.47839592135199877|0.0
0.48655438840925697|0.0
0.473748734852664|0.0
0.47839592135199877|0.0
0.4637869688893649|0.0
0.4053134035149327|0.0
0.3907044510522988|0.0
0.3907044510522988|0.0
0.360332912749017|0.0
0.360332912749017|0.0
0.4053134035149327|0.0
0.3973215079433357|0.0
0.3907044510522988|0.0
0.3907044510522988|0.0
0.3907044510522988|0.0
0.3907044510522988|0.0
0.3907044510522988|0.0
0.3907044510522988|0.0
0.4037042290147917|0.0
0.4037042290147917|0.0
0.4037042290147917|0.0
0.3907044510522988|0.0
