PredictedProbability|PredictedLabel
0.2589449421727076|0.0
0.5114548158617015|1.0
0.5858200939833079|1.0
0.5858200939833079|1.0
0.38637307762679557|0.0
0.38637307762679557|0.0
0.38637307762679557|0.0
0.38637307762679557|0.0
0.38637307762679557|0.0
0.38637307762679557|0.0
0.38637307762679557|0.0
0.2589449421727076|0.0
0.2589449421727076|0.0
0.2589449421727076|0.0
0.2589449421727076|0.0
0.2589449421727076|0.0
0.2589449421727076|0.0
0.2589449421727076|0.0
0.2589449421727076|0.0
0.29207706881609796|0.0
0.29207706881609796|0.0
0.29207706881609796|0.0
0.29207706881609796|0.0
0.2589449421727076|0.0
0.2589449421727076|0.0
0.2589449421727076|0.0
0.2589449421727076|0.0
0.2589449421727076|0.0
0.2589449421727076|0.0
0.2589449421727076|0.0
0.2589449421727076|0.0
0.2589449421727076|0.0
0.2589449421727076|0.0
0.2589449421727076|0.0
0.2589449421727076|0.0
0.2589449421727076|0.0
0.2589449421727076|0.0
0.2589449421727076|0.0
0.2589449421727076|0.0
0.2589449421727076|0.0
0.2589449421727076|0.0
