PredictedProbability|PredictedLabel
0.3935141408051125|0.0
0.32058670720261095|0.0
0.3525137863318212|0.0
0.33792012444813546|0.0
0.4107304665629311|0.0
0.33792012444813546|0.0
0.33792012444813546|0.0
0.33792012444813546|0.0
0.33792012444813546|0.0
0.33792012444813546|0.0
0.4107304665629311|0.0
0.4107304665629311|0.0
0.33792012444813546|0.0
0.33792012444813546|0.0
0.33792012444813546|0.0
0.33792012444813546|0.0
0.33792012444813546|0.0
0.33792012444813546|0.0
0.3935141408051125|0.0
0.3412909465213505|0.0
0.4530520744520528|0.0
0.5052752687358149|1.0
0.5052752687358149|1.0
0.3935141408051125|0.0
0.3935141408051125|0.0
0.3935141408051125|0.0
0.3412909465213505|0.0
0.3935141408051125|0.0
0.3935141408051125|0.0
0.3935141408051125|0.0
0.3935141408051125|0.0
0.3935141408051125|0.0
0.3935141408051125|0.0
0.3935141408051125|0.0
0.3935141408051125|0.0
0.4425558900858461|0.0
0.3935141408051125|0.0
