PredictedProbability|PredictedLabel
0.3021110492710247|0.0
0.3606518789526552|0.0
0.3606518789526552|0.0
0.3606518789526552|0.0
0.3606518789526552|0.0
0.3606518789526552|0.0
0.34255488373034326|0.0
0.34255488373034326|0.0
0.34255488373034326|0.0
0.34255488373034326|0.0
0.34255488373034326|0.0
0.32013744177740394|0.0
0.32013744177740394|0.0
0.32013744177740394|0.0
0.32013744177740394|0.0
0.32013744177740394|0.0
0.32013744177740394|0.0
0.32013744177740394|0.0
0.3279113587293722|0.0
0.3279113587293722|0.0
0.3279113587293722|0.0
0.32013744177740394|0.0
0.32013744177740394|0.0
0.32013744177740394|0.0
0.3279113587293722|0.0
0.3279113587293722|0.0
0.3279113587293722|0.0
0.3279113587293722|0.0
0.3279113587293722|0.0
0.32013744177740394|0.0
0.32013744177740394|0.0
0.30988496622299305|0.0
0.30988496622299305|0.0
0.3021110492710247|0.0
0.3021110492710247|0.0
0.32452849122396404|0.0
0.32452849122396404|0.0
0.3323024081759324|0.0
0.32452849122396404|0.0
0.3323024081759324|0.0
0.3323024081759324|0.0
0.33804659345579857|0.0
0.3302726765038303|0.0
