PredictedProbability|PredictedLabel
0.3157379825452999|0.0
0.39636978464988315|0.0
0.4440077639274215|0.0
0.4440077639274215|0.0
0.4440077639274215|0.0
0.4440077639274215|0.0
0.27813566874384404|0.0
0.27813566874384404|0.0
0.27813566874384404|0.0
0.27813566874384404|0.0
0.27813566874384404|0.0
0.27813566874384404|0.0
0.27813566874384404|0.0
0.27813566874384404|0.0
0.27813566874384404|0.0
0.27813566874384404|0.0
0.27813566874384404|0.0
0.27813566874384404|0.0
0.27813566874384404|0.0
0.27813566874384404|0.0
0.27813566874384404|0.0
0.27813566874384404|0.0
