PredictedProbability|PredictedLabel
0.30413883839376166|0.0
0.35938373916469935|0.0
0.34508511502725125|0.0
0.34508511502725125|0.0
0.34508511502725125|0.0
0.31106600073878804|0.0
0.34508511502725125|0.0
0.32897739578805446|0.0
0.32897739578805446|0.0
0.32897739578805446|0.0
0.32897739578805446|0.0
0.32897739578805446|0.0
0.32897739578805446|0.0
0.32897739578805446|0.0
0.32897739578805446|0.0
0.32897739578805446|0.0
0.32897739578805446|0.0
0.32897739578805446|0.0
0.32897739578805446|0.0
0.32897739578805446|0.0
0.32897739578805446|0.0
0.32897739578805446|0.0
0.32897739578805446|0.0
0.32897739578805446|0.0
