PredictedProbability|PredictedLabel
0.42557367212486785|0.0
0.4984001218053451|0.0
0.5592611210164672|1.0
0.6726207816635347|1.0
0.5670036935545266|1.0
0.6192268878382887|1.0
0.6192268878382887|1.0
0.6192268878382887|1.0
0.35394383479666913|0.0
0.4659779109289556|0.0
0.4456490584995964|0.0
0.4456490584995964|0.0
0.4456490584995964|0.0
0.4456490584995964|0.0
0.424309247063608|0.0
0.424309247063608|0.0
0.424309247063608|0.0
0.44512330825135027|0.0
0.44512330825135027|0.0
0.44512330825135027|0.0
0.44512330825135027|0.0
0.46545216068070944|0.0
0.44512330825135027|0.0
0.44512330825135027|0.0
0.44512330825135027|0.0
0.4815426626843058|0.0
0.44512330825135027|0.0
0.44512330825135027|0.0
0.44512330825135027|0.0
0.44512330825135027|0.0
0.44512330825135027|0.0
0.44512330825135027|0.0
0.34095272808167215|0.0
0.34095272808167215|0.0
0.34095272808167215|0.0
0.34095272808167215|0.0
0.34095272808167215|0.0
