PredictedProbability|PredictedLabel
0.4401824214946474|0.0
0.4449957649368189|0.0
0.4449957649368189|0.0
0.475316271851287|0.0
0.475316271851287|0.0
0.475316271851287|0.0
0.5390324430870761|1.0
0.5390324430870761|1.0
0.5854856827110414|1.0
0.5854856827110414|1.0
0.5390324430870761|1.0
0.5390324430870761|1.0
0.5390324430870761|1.0
0.5390324430870761|1.0
0.5390324430870761|1.0
0.5390324430870761|1.0
0.5390324430870761|1.0
0.5172847453063916|1.0
0.5172847453063916|1.0
0.5390324430870761|1.0
0.5390324430870761|1.0
0.5390324430870761|1.0
0.5390324430870761|1.0
0.5390324430870761|1.0
0.5390324430870761|1.0
0.5215805590491399|1.0
0.5390324430870761|1.0
0.38856118441555876|0.0
0.3807872674635905|0.0
0.38856118441555876|0.0
0.3807872674635905|0.0
0.41097862636849813|0.0
0.41097862636849813|0.0
0.41097862636849813|0.0
0.41097862636849813|0.0
0.41097862636849813|0.0
0.41097862636849813|0.0
0.41097862636849813|0.0
