PredictedProbability|PredictedLabel
0.33919177824896585|0.0
0.42038430887631983|0.0
0.42038430887631983|0.0
0.42700136576735676|0.0
0.14484210397627328|0.0
0.14484210397627328|0.0
0.16758866596855518|0.0
0.1862639093051522|0.0
0.16620715598363972|0.0
0.16620715598363972|0.0
0.16620715598363972|0.0
0.24769425590527666|0.0
0.24769425590527666|0.0
0.24769425590527666|0.0
0.24769425590527666|0.0
0.24769425590527666|0.0
0.24769425590527666|0.0
0.24769425590527666|0.0
0.24769425590527666|0.0
0.24107719901423974|0.0
0.24107719901423974|0.0
0.24769425590527666|0.0
0.22632920389791025|0.0
0.22632920389791025|0.0
0.24769425590527666|0.0
0.24769425590527666|0.0
0.24769425590527666|0.0
0.24769425590527666|0.0
0.24769425590527666|0.0
0.24769425590527666|0.0
0.314661399899736|0.0
0.314661399899736|0.0
0.314661399899736|0.0
0.314661399899736|0.0
0.314661399899736|0.0
0.39155358739515467|0.0
0.39155358739515467|0.0
0.39155358739515467|0.0
0.39155358739515467|0.0
0.39155358739515467|0.0
0.39155358739515467|0.0
0.39155358739515467|0.0
0.4095163441642377|0.0
0.3849365305041178|0.0
0.4095163441642377|0.0
0.4095163441642377|0.0
0.4095163441642377|0.0
0.4095163441642377|0.0
0.4095163441642377|0.0
