PredictedProbability|PredictedLabel
0.48582793183040673|0.0
0.379924020582094|0.0
0.43694846617899447|0.0
0.40197604578254786|0.0
0.40197604578254786|0.0
0.43694846617899447|0.0
0.43694846617899447|0.0
0.43694846617899447|0.0
0.4329102722364565|0.0
0.4329102722364565|0.0
0.4329102722364565|0.0
0.4329102722364565|0.0
0.4329102722364565|0.0
0.4329102722364565|0.0
0.4329102722364565|0.0
0.4329102722364565|0.0
0.4329102722364565|0.0
0.4329102722364565|0.0
0.4224980473151986|0.0
0.4268627833133972|0.0
0.4224980473151986|0.0
0.4268627833133972|0.0
0.4268627833133972|0.0
0.41225383085076334|0.0
0.41225383085076334|0.0
0.4268627833133972|0.0
0.41225383085076334|0.0
0.41225383085076334|0.0
0.41225383085076334|0.0
0.45900330776500586|0.0
0.45900330776500586|0.0
0.45900330776500586|0.0
0.45900330776500586|0.0
0.45900330776500586|0.0
0.4589280775716517|0.0
0.45900330776500586|0.0
0.45900330776500586|0.0
0.4589280775716517|0.0
0.44439435530237203|0.0
0.44439435530237203|0.0
0.44439435530237203|0.0
0.44439435530237203|0.0
0.45900330776500586|0.0
0.45900330776500586|0.0
0.44439435530237203|0.0
0.45900330776500586|0.0
0.45900330776500586|0.0
0.45900330776500586|0.0
0.40773944825563724|0.0
0.40773944825563724|0.0
0.44439435530237203|0.0
0.40773944825563724|0.0
