PredictedProbability|PredictedLabel
0.346666860047461|0.0
0.4284811923444719|0.0
0.4284811923444719|0.0
0.4082000947736426|0.0
0.4082000947736426|0.0
0.4082000947736426|0.0
0.4082000947736426|0.0
0.3535574432254583|0.0
0.3535574432254583|0.0
0.3535574432254583|0.0
0.3535574432254583|0.0
0.3535574432254583|0.0
0.3535574432254583|0.0
0.3535574432254583|0.0
0.3535574432254583|0.0
0.36515566992530935|0.0
0.47878446986106027|0.0
0.47878446986106027|0.0
0.3535574432254583|0.0
0.4903826965609114|0.0
0.47878446986106027|0.0
0.4799503735583556|0.0
0.4799503735583556|0.0
0.3535574432254583|0.0
0.3535574432254583|0.0
0.3535574432254583|0.0
0.3535574432254583|0.0
0.3535574432254583|0.0
0.3535574432254583|0.0
0.3535574432254583|0.0
0.3535574432254583|0.0
0.36515566992530935|0.0
0.3759748851783976|0.0
0.3690843020004003|0.0
0.3690843020004003|0.0
0.38068252870025143|0.0
0.3690843020004003|0.0
0.3690843020004003|0.0
0.3690843020004003|0.0
0.3782673127276201|0.0
0.3782673127276201|0.0
0.346666860047461|0.0
0.346666860047461|0.0
