PredictedProbability|PredictedLabel
0.005485524144852233|1.0
0.005090418820704483|1.0
0.004718077792435841|1.0
0.003318073335047219|1.0
0.0046181067784194325|1.0
0.004000050543273039|1.0
0.0040522951115033535|1.0
0.004827505533444365|1.0
0.004464225458279514|1.0
0.004365626810908228|1.0
0.004830669070220889|1.0
0.004807601907898788|1.0
0.00532658354166899|1.0
0.005783139794855783|1.0
0.005386189190090567|1.0
0.005665704773094622|1.0
0.0053979171469795495|1.0
0.0053782565764860955|1.0
0.005262019206898112|1.0
0.005015271768427738|1.0
0.005204600824113855|1.0
0.005641294054925848|1.0
0.0055004828478726|1.0
0.006414623455676777|1.0
0.005984453841319354|1.0
0.006116965312317321|1.0
0.006017584660888691|1.0
0.005565604642968994|1.0
0.00610051105475434|1.0
0.006787571337648238|1.0
0.006730043952760268|1.0
0.00620249131024908|1.0
0.006136433432645472|1.0
0.004362379861519493|1.0
0.004140747161055333|1.0
0.003948404676815785|1.0
0.005139745912968507|1.0
0.005473217953528852|1.0
0.008463143817256805|1.0
0.008685773463449474|1.0
0.008110961332403377|1.0
0.007566805770922691|1.0
0.007440109049871085|1.0
0.0071420361431637205|1.0
0.006858352236794461|1.0
0.0066568210410465085|1.0
0.0076439756403855995|1.0
0.008448450432705123|1.0
0.008830926665325|1.0
0.008495533631436963|1.0
0.007762289166261063|1.0
0.006574722348000093|1.0
0.0076544318866057365|1.0
0.00735405302085657|1.0
0.0082156786452719|1.0
0.0088442171927757|1.0
0.008581906487904228|1.0
0.008823891017674388|1.0
0.008407911389935798|1.0
0.008374727324500448|1.0
0.008422880973693394|1.0
0.007818372118281125|1.0
0.007304569658314202|1.0
0.007968015152553482|1.0
0.008397307135733703|1.0
0.00845827054307759|1.0
0.008721745286265835|1.0
0.007834580442412893|1.0
0.007823226110712156|1.0
0.0069555181475499965|1.0
0.0067144837683661|1.0
0.007505944784923767|1.0
0.007339021640439695|1.0
0.007431321771616197|1.0
0.006692717496447952|1.0
0.007115384781515007|1.0
0.0070700239371652655|1.0
0.006353479265686032|1.0
0.007534046572812078|1.0
0.00662240685366039|1.0
0.00797453125730975|1.0
0.008230419599226624|1.0
0.008015290631819532|1.0
0.007886753203388462|1.0
0.007528345419602436|1.0
0.008427665258535607|1.0
0.007118242691290097|1.0
0.00641559680105303|1.0
0.005689227605021536|1.0
0.004630485221314887|1.0
