PredictedProbability|PredictedLabel
0.00848276132574709|1.0
0.007573512551106553|1.0
0.008956982302676494|1.0
0.009868156684903663|1.0
0.009843621209971138|1.0
0.008723842466784334|1.0
0.00901080910498921|1.0
0.009111716543723595|1.0
0.010256298569250415|1.0
0.010150825753272296|1.0
0.010276247702626902|1.0
0.010407569547908172|1.0
0.009932189689525334|1.0
0.009705169983492641|1.0
0.00923003401327216|1.0
0.008522640862914457|1.0
0.007636756207465701|1.0
0.00658688084111004|1.0
0.006165075805426243|1.0
0.006302381723113457|1.0
0.006628943702986954|1.0
0.0067759359234146705|1.0
0.006828449224224582|1.0
0.005047887691841203|1.0
0.005136334599216658|1.0
0.00514406257435063|1.0
0.00529147381423783|1.0
0.0070314143646930186|1.0
0.007374337454964164|1.0
0.00732146752579444|1.0
0.007179773296162384|1.0
0.007025349703412481|1.0
0.00712601517717942|1.0
0.007202359055267991|1.0
0.006882267187712774|1.0
0.006587249872374522|1.0
0.007684514554140431|1.0
0.008150437551463252|1.0
0.007698305484312983|1.0
0.008258493723597946|1.0
0.007932187999622857|1.0
0.007836186817735168|1.0
0.00781798323031834|1.0
0.007844790078983732|1.0
0.007919733379517657|1.0
0.00782107518687202|1.0
0.00794187742948782|1.0
0.008219735379144284|1.0
0.007803868472360767|1.0
0.007585239250488092|1.0
0.007383627305308253|1.0
0.006666859090649515|1.0
0.007139758363110021|1.0
