PredictedProbability|PredictedLabel
0.00790899359790284|1.0
0.008440317632006342|1.0
0.007466408548941563|1.0
0.008101962020280861|1.0
0.009102450792713759|1.0
0.008978298556887861|1.0
0.008748268143971425|1.0
0.008222511948089806|1.0
0.008381979174488545|1.0
0.006308709938706338|1.0
0.005898311869802732|1.0
0.0063375058381190145|1.0
0.00810706136253193|1.0
0.008172171966895576|1.0
0.007384321037877362|1.0
0.0065531050088056654|1.0
0.0063795921923651905|1.0
0.0061780937701715255|1.0
0.006226543533817099|1.0
0.007084421284789124|1.0
0.007158277385078555|1.0
0.007114989240163573|1.0
0.007752020321120784|1.0
0.008556859596807184|1.0
0.008509016439293596|1.0
0.008104793455936718|1.0
0.008379824827879913|1.0
0.007356726516774478|1.0
0.008183970410133492|1.0
0.007313010763471963|1.0
0.00862037374033988|1.0
0.007148108154953355|1.0
0.007909448177264211|1.0
0.008279549678264742|1.0
0.008949482060086921|1.0
0.008772022672201384|1.0
0.008469421527873182|1.0
0.008020626773061366|1.0
0.007134706305471912|1.0
