PredictedProbability|PredictedLabel
0.004447137042693075|1.0
0.004660341832572198|1.0
0.00488080523759359|1.0
0.004950157849417818|1.0
0.005111382912843073|1.0
0.0050477164308527535|1.0
0.005157002294744338|1.0
0.004937102352002784|1.0
0.0048814529793886|1.0
0.004800019206390447|1.0
0.004797970828003193|1.0
0.0048303468459102985|1.0
0.004790195654472289|1.0
0.0047737863229453245|1.0
0.004753897303567274|1.0
0.004671000875055327|1.0
0.004796993157496654|1.0
0.00468298080769614|1.0
0.0046648259893766674|1.0
0.004658167303586612|1.0
0.004594566842908263|1.0
0.004560872471975091|1.0
0.004540687405127751|1.0
0.004477925214687926|1.0
0.004495805590389655|1.0
0.004482936331724161|1.0
0.004520200110871041|1.0
0.004533337564611|1.0
0.004475333203459347|1.0
0.004508737889155406|1.0
0.004465856518414053|1.0
0.004371995344041495|1.0
0.004339135420264095|1.0
0.004351716631056874|1.0
0.004383248193866932|1.0
0.004443741323625706|1.0
0.004330499752987877|1.0
0.004295566077700965|1.0
0.004340890363820734|1.0
0.004353795572151509|1.0
0.004362537989377706|1.0
0.004388976929463154|1.0
0.004426179869615192|1.0
0.004475112769249951|1.0
0.004446153599896518|1.0
0.004522282141122383|1.0
0.004450418327441557|1.0
0.004425229479628728|1.0
0.004399094510060912|1.0
0.004334171311692825|1.0
0.004289770975542778|1.0
0.004245991012969636|1.0
0.004179440818722541|1.0
0.004113848101979751|1.0
0.004180769231805536|1.0
