PredictedProbability|PredictedLabel
0.002851111396144646|1.0
0.002552033657166514|1.0
0.0025025085605778334|1.0
0.0023974923352184535|1.0
0.0023394631706626172|1.0
0.0025416344630912135|1.0
0.0025753056595575895|1.0
0.002837342296329462|1.0
0.003240658495942641|1.0
0.003052988778939644|1.0
0.002977424661391607|1.0
0.002895468664124223|1.0
0.002999295832786133|1.0
0.0030248856475745827|1.0
0.003011864020086549|1.0
0.0031353609716200464|1.0
0.0033661083991268657|1.0
0.0030409322232764005|1.0
0.0029410101367072722|1.0
0.003026215301260914|1.0
0.003158330498226945|1.0
0.0030156123982891365|1.0
0.003001647901609609|1.0
0.002958520329153873|1.0
0.0029089103201892785|1.0
0.002503305240557094|1.0
0.002615650411738689|1.0
0.0026573945103247655|1.0
0.002692253269244056|1.0
0.0025422634546297123|1.0
0.0028161918363109936|1.0
0.0028808141321732717|1.0
0.003119094283669754|1.0
0.00321618900699352|1.0
0.0027072717524988816|1.0
0.0026930893421069934|1.0
