PredictedProbability|PredictedLabel
0.006570134840051527|1.0
0.006173471977376848|1.0
0.006363497254759304|1.0
0.005510489410697649|1.0
0.005360133739096749|1.0
0.005340069760919398|1.0
0.005882454736015724|1.0
0.006818570310236173|1.0
0.007348033982353338|1.0
0.006900104555758357|1.0
0.006776141356422499|1.0
0.006459223244443803|1.0
0.006599095042096139|1.0
0.006958395503659826|1.0
0.006986880360201135|1.0
0.007275892941378287|1.0
0.007440627613556003|1.0
0.007814899078166376|1.0
0.007719209381344648|1.0
0.007604045086990935|1.0
0.006786221866287884|1.0
0.0065927432754522486|1.0
0.006727491334637195|1.0
0.006601007634287491|1.0
0.0068703928421139085|1.0
0.007099757285879799|1.0
0.0076144113063867725|1.0
0.007460501767172799|1.0
0.006833007919896128|1.0
0.006612079323326726|1.0
0.006355213990188646|1.0
0.006554052466657756|1.0
0.006401431330058976|1.0
0.0062519667112204014|1.0
0.006507084405119556|1.0
0.006403765797621761|1.0
0.00658457143789563|1.0
0.007107523334995578|1.0
0.007037445148236468|1.0
0.006601041900197991|1.0
0.0066800979506710855|1.0
0.0066888142399186955|1.0
0.006226350595846393|1.0
0.006366540570599524|1.0
0.006319065956401147|1.0
0.006346959505717902|1.0
0.006631054784650627|1.0
0.006320679207569171|1.0
0.006125649652627437|1.0
0.006201671796797197|1.0
0.006620316091984118|1.0
0.006580089246148021|1.0
0.006614035232107395|1.0
0.006751762186964545|1.0
