PredictedProbability|PredictedLabel
0.004168190965083773|1.0
0.004200575314642862|1.0
0.004171575916770412|1.0
0.004107233546080591|1.0
0.004008386023754162|1.0
0.004055123550462024|1.0
0.004045518051067987|1.0
0.004057049021523915|1.0
0.004087172379883144|1.0
0.004052348062185486|1.0
0.0040285888089220045|1.0
0.004010756710130666|1.0
0.003899430995932704|1.0
0.004001631371350049|1.0
0.0041079190865635894|1.0
0.004250629839949728|1.0
0.0044261144991571124|1.0
0.004423902104108589|1.0
0.004450510134749031|1.0
0.004486675191995477|1.0
0.004531391402831135|1.0
0.004544817645689131|1.0
0.004541783136403156|1.0
0.004563573925526236|1.0
0.004522193430793657|1.0
0.0046850327453691965|1.0
0.004589940498973372|1.0
0.004449539822642056|1.0
0.004439848607411866|1.0
0.0043494221052660575|1.0
0.0043847058012036755|1.0
0.0044636248521714985|1.0
0.004350176923841144|1.0
0.00449714809897185|1.0
0.004323187551575801|1.0
0.004396887974199655|1.0
0.004302533002249408|1.0
0.004391552362974844|1.0
0.004407103498859803|1.0
