PredictedProbability|PredictedLabel
0.01038258189370145|1.0
0.01029643789972323|1.0
0.01067007308320706|1.0
0.01010717043482968|1.0
0.010965473114166352|1.0
0.009619556177210619|1.0
0.009482559548835659|1.0
0.00960492937868283|1.0
0.009035134326807437|1.0
0.009449577975279363|1.0
0.009382217074098234|1.0
0.009152301497380378|1.0
0.008903248827866507|1.0
0.00925097230853302|1.0
0.009591778959098397|1.0
0.009087243342315079|1.0
0.010005812670068264|1.0
0.009009713206422609|1.0
0.009469820978520659|1.0
