PredictedProbability|PredictedLabel
0.0040077201118824445|1.0
0.0053502677163085825|1.0
0.0050503926239729695|1.0
0.004486976693175119|1.0
0.0037795140512879057|1.0
0.003699876040226721|1.0
0.004170770961729645|1.0
0.004727361363907793|1.0
0.004944394376367602|1.0
0.0049485602274431766|1.0
0.004850719946162103|1.0
0.005259229967010584|1.0
0.005233922167042009|1.0
0.004472310973912393|1.0
0.00429149502986103|1.0
0.004426396548876042|1.0
0.004841167251067186|1.0
0.004474121515763275|1.0
0.004257450755183374|1.0
0.003598608736119142|1.0
0.003568260104316594|1.0
0.003501752508705402|1.0
0.0036499079380526364|1.0
0.004089127325543534|1.0
0.004113416081833945|1.0
0.004373170843949885|1.0
0.004794753203800705|1.0
0.005137946902797547|1.0
0.005051680470752142|1.0
0.004891973696611611|1.0
0.005159599451856632|1.0
0.004577494351993886|1.0
0.0047496967593693975|1.0
0.004293275955917215|1.0
0.004289556386265454|1.0
0.004518434994665592|1.0
0.0051275472454176295|1.0
0.0049561047983781295|1.0
0.00506254204662861|1.0
0.004928508855606803|1.0
0.004925698282452469|1.0
0.005142908386831683|1.0
0.00535576796881283|1.0
0.005330738775198357|1.0
0.0056465342427685136|1.0
0.005677715872927369|1.0
