PredictedProbability|PredictedLabel
0.006950270443834247|1.0
0.006659770912649003|1.0
0.006279912659885969|1.0
0.005436228840905077|1.0
0.005303587063866696|1.0
0.005410049583959014|1.0
0.005029925350036137|1.0
0.005167834269251985|1.0
0.005179969184847432|1.0
0.005463805597239928|1.0
0.005471571648548479|1.0
0.005881076688128205|1.0
0.0067395381001397045|1.0
0.006188707331121026|1.0
0.006664261401438088|1.0
0.006676449641380246|1.0
0.006990804658627669|1.0
0.006739006470220166|1.0
0.006578175044929191|1.0
0.006450127021638932|1.0
0.006240744402580446|1.0
0.005917195007195774|1.0
0.005733665777519414|1.0
