PredictedProbability|PredictedLabel
0.006324365041411208|1.0
0.0066585178999524295|1.0
0.006846575784211265|1.0
0.007068691537251828|1.0
0.006648278880169653|1.0
0.006281301735093964|1.0
0.005910426041688453|1.0
0.006087602989100376|1.0
0.006007773848876376|1.0
0.005829673095428341|1.0
0.0058782916627576455|1.0
0.00599528085728243|1.0
0.006465153360079401|1.0
0.007167313843933204|1.0
0.006986737779502488|1.0
0.006958722013724017|1.0
0.007104086792870714|1.0
0.007033450541533721|1.0
0.007234063277178732|1.0
0.00702328065380197|1.0
0.0069942220855145594|1.0
0.006239532062250478|1.0
0.006396130342607594|1.0
0.006525269828585626|1.0
0.006295276112015038|1.0
0.006700559881156417|1.0
0.006955326480154938|1.0
0.006849632661220204|1.0
0.006686930711686872|1.0
0.006904008757923337|1.0
0.007227130906034689|1.0
0.007431955712558423|1.0
0.0069328650213134465|1.0
0.007033979509444974|1.0
0.007437061791101287|1.0
0.007886009534632787|1.0
0.00810567536546864|1.0
0.00802763959565516|1.0
0.007874881018902474|1.0
0.007771883616844394|1.0
0.007573140641864681|1.0
0.007259130377245759|1.0
