PredictedProbability|PredictedLabel
0.006373254526419105|1.0
0.0062007223294568885|1.0
0.006567339138677396|1.0
0.007151925693211109|1.0
0.006222350331746279|1.0
0.005914253592524215|1.0
0.005836496672035237|1.0
0.005945210090887965|1.0
0.0064820996048495704|1.0
0.0069137442751480375|1.0
0.006789453268056913|1.0
0.006891235691287501|1.0
0.00705562617565034|1.0
0.0071559088779779585|1.0
0.0068116766211047735|1.0
0.006707507700621393|1.0
0.006931651495919858|1.0
0.0072305046808597674|1.0
0.006810219335945488|1.0
0.00732713712360962|1.0
0.007200985355805916|1.0
0.0070423653156978265|1.0
0.007085133142053291|1.0
0.006669733923506781|1.0
0.00703750259692496|1.0
0.007047748302091928|1.0
0.007001550979802225|1.0
0.00697880733746801|1.0
0.007135891244327965|1.0
0.006875420697787406|1.0
0.007328216520829042|1.0
0.006820916090033468|1.0
0.0072821992628648025|1.0
0.007744205234243691|1.0
0.007587163067984562|1.0
0.007427381800212774|1.0
0.007008758800676416|1.0
0.007474256143629941|1.0
0.007161540260142298|1.0
