PredictedProbability|PredictedLabel
0.002188860493270095|1.0
0.0021469502536128945|1.0
0.0021335171746945185|1.0
0.0021071354625328293|1.0
0.0021071354625328293|1.0
0.0021071354625328293|1.0
0.0021071354625328293|1.0
0.002210716601871028|1.0
0.0023255848187457664|1.0
0.00233553575247691|1.0
0.00240478188471719|1.0
0.0023526829362449085|1.0
0.0023353128827493207|1.0
0.0023596064153967302|1.0
0.0023596064153967302|1.0
0.0023010440370633337|1.0
0.002244571116997171|1.0
0.002358757142193684|1.0
0.002490118646992445|1.0
0.002555691375276448|1.0
0.00263431438366498|1.0
0.002494507980425798|1.0
0.0023607631166378575|1.0
0.0022698117302473422|1.0
0.0022253387080944714|1.0
0.002224064727556366|1.0
0.002212941990175272|1.0
0.002212941990175272|1.0
0.002212941990175272|1.0
0.002212941990175272|1.0
0.002212941990175272|1.0
0.0021916431753419346|1.0
0.002122336512995697|1.0
0.0021185380512169206|1.0
0.0021133403178050735|1.0
0.002217331612364514|1.0
0.0022492273988441187|1.0
0.0022054945236617113|1.0
0.002276566039319569|1.0
0.0023013424856716995|1.0
0.0023452848065664833|1.0
0.0023067503848779847|1.0
0.002294789774295323|1.0
0.0022909417838697372|1.0
0.00227792697683573|1.0
0.0022667844002012415|1.0
0.0022689003417060488|1.0
0.0022621829652959722|1.0
