PredictedProbability|PredictedLabel
0.005215985717737903|1.0
0.004970715912136468|1.0
0.004795377518020399|1.0
0.004680672564906809|1.0
0.006382620988173395|1.0
0.0068669295340423285|1.0
0.00731097637769872|1.0
0.006978297681221746|1.0
0.006936806106661475|1.0
0.007110001105769813|1.0
0.0070013629541956415|1.0
0.007463635730866933|1.0
0.007070183937767786|1.0
0.006654109801924322|1.0
0.007292981242509568|1.0
0.007487459561706833|1.0
0.007761251940214541|1.0
0.006587952015246938|1.0
0.0068026228602725905|1.0
0.006246940153568077|1.0
0.006434263798355344|1.0
0.005320813659762413|1.0
0.004756616556832325|1.0
0.004425245022664865|1.0
0.0041034242278114525|1.0
