PredictedProbability|PredictedLabel
0.010683449431454597|1.0
0.01128012001235911|1.0
0.012537730534268966|1.0
0.0141707363364399|1.0
0.012425544346154418|1.0
0.0117518215840902|1.0
0.011545531174548063|1.0
0.011657734556238038|1.0
0.012377690524287787|1.0
0.012124855366237548|1.0
0.011549059408304549|1.0
0.012172386212335426|1.0
0.01153653917841343|1.0
0.008438454032432959|1.0
0.0066127812506868704|1.0
0.005192630024523101|1.0
0.0036705425929708354|1.0
0.0035919016057997825|1.0
0.003560959766755654|1.0
0.0036712113441401237|1.0
0.003492063955451978|1.0
0.003588913118082932|1.0
0.003614178380102696|1.0
0.003431304038080236|1.0
0.0034543236993484364|1.0
0.0032637435652099105|1.0
0.0033020452106753665|1.0
0.003595634504619542|1.0
0.004463760396662242|1.0
0.006443247958748873|1.0
0.006572700666647744|1.0
0.006179169068897928|1.0
0.006491643108801192|1.0
0.006317499098373027|1.0
0.006317998741532627|1.0
0.006435940686806003|1.0
0.006565060175265704|1.0
0.007548031497980975|1.0
0.00749240603919578|1.0
0.008779696568594007|1.0
0.00973801444163965|1.0
0.005857841056510791|1.0
0.006681929020611012|1.0
0.005313301757139197|1.0
0.006071788708754383|1.0
0.009581849644194439|1.0
0.010157506636242512|1.0
0.008934537907235807|1.0
0.010138444924897847|1.0
