PredictedProbability|PredictedLabel
0.007615339915802354|1.0
0.007329990595249359|1.0
0.006365982452331145|1.0
0.006298671115772864|1.0
0.006144114477477911|1.0
0.006280753438264739|1.0
0.00638207391460511|1.0
0.006658400976368983|1.0
0.006527474450682482|1.0
0.00673323251737492|1.0
0.006753787217928567|1.0
0.0068334872269115296|1.0
0.0068574808301320655|1.0
0.006825570160688102|1.0
0.006826606005523156|1.0
0.006644272225940615|1.0
0.006528803197754525|1.0
0.0066112430139121615|1.0
0.006837349070489537|1.0
0.006842137247603003|1.0
0.006852003969776838|1.0
0.006381164406913988|1.0
0.0056911990670976366|1.0
0.006382641054813061|1.0
0.007184139710587503|1.0
0.007302941412063643|1.0
0.007221545329980403|1.0
0.0066121470254173345|1.0
0.007049605352670813|1.0
0.006973116976841396|1.0
0.006815308745756918|1.0
0.006608877210824256|1.0
0.006508753662024504|1.0
0.005899784087702193|1.0
0.005879926189759131|1.0
0.006733551677512794|1.0
0.006712459350581273|1.0
0.006497453801812842|1.0
0.006713554295735097|1.0
