PredictedProbability|PredictedLabel
0.007633842164038431|1.0
0.008095622251023036|1.0
0.008698308721095841|1.0
0.007876896158230083|1.0
0.007915287390325376|1.0
0.007788101778947509|1.0
0.008189885809715247|1.0
0.0072339546492235585|1.0
0.00728207314252108|1.0
0.007433179771469716|1.0
0.007048461847926779|1.0
0.0075609415748429405|1.0
0.00783361550504762|1.0
0.007364662800286411|1.0
0.007217181518988437|1.0
0.006938549215894564|1.0
0.007167117488226444|1.0
0.0075923555728653145|1.0
0.006658925288355064|1.0
0.006845001777563835|1.0
0.007600934947796691|1.0
0.0075843660672217095|1.0
0.007332846513969115|1.0
0.007496176014931573|1.0
0.007861959563139708|1.0
0.007509731685286175|1.0
0.006991624704748033|1.0
0.007009178240880358|1.0
0.007339565422658021|1.0
0.007583856037342305|1.0
0.007681339016984576|1.0
0.007111031505440049|1.0
0.006788159105733579|1.0
0.006954571777542195|1.0
0.007078216603128728|1.0
0.007337360196255471|1.0
0.007669815741515835|1.0
0.00786421418146276|1.0
0.007900319448163171|1.0
0.007713884763748527|1.0
0.007464873157753946|1.0
0.00756615055603387|1.0
0.00784546679127987|1.0
