PredictedProbability|PredictedLabel
0.004880526033919395|1.0
0.0048370389464453215|1.0
0.005061724429711099|1.0
0.004582976139363421|1.0
0.004924433233164768|1.0
0.004963195698094122|1.0
0.00485663793986017|1.0
0.004724593405987799|1.0
0.004689349402091895|1.0
0.004900433217796383|1.0
0.004948197655256072|1.0
0.005133107242791116|1.0
0.005326140871052444|1.0
0.0053537295235702035|1.0
0.005511861089786216|1.0
0.005456312972553493|1.0
0.0054675259589623635|1.0
0.005338862464578982|1.0
0.005362217791005649|1.0
0.005183420432882111|1.0
0.005202947128079924|1.0
0.005210309402979201|1.0
0.0052202329520510005|1.0
0.0050785644365931|1.0
0.004823429648321422|1.0
0.004827230598957072|1.0
0.004871516236783757|1.0
0.005012433864149767|1.0
0.0049240046901748375|1.0
0.005017757526084273|1.0
0.005289529187343732|1.0
0.0056293068941679495|1.0
0.005903304000242185|1.0
0.005596793559227834|1.0
0.0054564844709340254|1.0
0.005267242969089221|1.0
0.005142651874815266|1.0
0.0052564771337107324|1.0
0.005100010592652303|1.0
0.0051034644936271524|1.0
0.005036359401616192|1.0
