PredictedProbability|PredictedLabel
0.48530652699080257|0.0
0.4852342514029743|0.0
0.4839028399864515|0.0
0.4839028399864515|0.0
0.4839028399864515|0.0
0.4839028399864515|0.0
0.4839028399864515|0.0
0.48657519674150335|0.0
0.48530652699080257|0.0
0.48530652699080257|0.0
0.48657519674150335|0.0
0.48657519674150335|0.0
0.48530652699080257|0.0
0.48530652699080257|0.0
0.48530652699080257|0.0
0.48530652699080257|0.0
0.48530652699080257|0.0
0.48530652699080257|0.0
0.48530652699080257|0.0
0.4839028399864515|0.0
