PredictedProbability|PredictedLabel
0.4835766666630773|0.0
0.48401620537188683|0.0
0.4869011293959423|0.0
0.4857028564036487|0.0
0.48790535224439047|0.0
0.4857028564036487|0.0
0.4857028564036487|0.0
0.4857028564036487|0.0
0.4857028564036487|0.0
0.48811005119917217|0.0
0.4867059232597174|0.0
0.4867059232597174|0.0
0.4870933145631942|0.0
0.48836222327553325|0.0
0.4870933145631942|0.0
0.4870933145631942|0.0
0.48604712254678284|0.0
0.48604712254678284|0.0
0.48604712254678284|0.0
0.48765191208862496|0.0
0.4870933145631942|0.0
