PredictedProbability|PredictedLabel
0.39453228452766376|0.0
0.3982318359649504|0.0
0.39898180702742414|0.0
0.3961758633260022|0.0
0.3961758633260022|0.0
0.3961758633260022|0.0
0.396761553112069|0.0
0.39552421097795937|0.0
0.39552421097795937|0.0
0.39552421097795937|0.0
0.39552421097795937|0.0
0.39636326505908476|0.0
0.396761553112069|0.0
0.39552421097795937|0.0
0.39552421097795937|0.0
0.39757902851987115|0.0
0.39673909232310106|0.0
0.3979777327948556|0.0
0.39673909232310106|0.0
0.39552421097795937|0.0
0.39552421097795937|0.0
0.39552421097795937|0.0
