PredictedProbability|PredictedLabel
0.4889571788672963|0.0
0.49269568576141054|0.0
0.48987460760327917|0.0
0.48987460760327917|0.0
0.4910835730645525|0.0
0.49512940392498284|0.0
0.4942524633993533|0.0
0.4941131795019325|0.0
0.4941131795019325|0.0
0.4941131795019325|0.0
0.4930664042587482|0.0
0.4930664042587482|0.0
0.4941131795019325|0.0
0.4900675921131584|0.0
0.4898977522405472|0.0
0.48902110260274856|0.0
0.4895836215249757|0.0
0.488754812457892|0.0
0.488754812457892|0.0
0.48977337915301816|0.0
0.4878782519264876|0.0
0.4890862245442085|0.0
0.4890862245442085|0.0
0.49069146823436305|0.0
0.4890862245442085|0.0
0.4909815454664161|0.0
0.4909815454664161|0.0
0.4890862245442085|0.0
0.4909815454664161|0.0
0.4909815454664161|0.0
0.4950273533866682|0.0
0.49134457040999213|0.0
0.49324019406866254|0.0
0.49324019406866254|0.0
0.4891948425194093|0.0
0.4872998158828031|0.0
0.4872998158828031|0.0
