PredictedProbability|PredictedLabel
0.4905715095923234|0.0
0.4888684359405593|0.0
0.48694557643930136|0.0
0.4879918661405425|0.0
0.48958024538135725|0.0
0.48958024538135725|0.0
0.48958024538135725|0.0
0.4885337995416188|0.0
0.48958024538135725|0.0
0.4885337995416188|0.0
0.48941041230592497|0.0
0.4898028772872127|0.0
0.4885337995416188|0.0
0.48952497701794606|0.0
0.4907941588301644|0.0
0.48952497701794606|0.0
0.48952497701794606|0.0
0.48952497701794606|0.0
0.49081761211930125|0.0
0.48952497701794606|0.0
0.48886599470582287|0.0
0.48886599470582287|0.0
0.49047120947456513|0.0
0.4899124705317274|0.0
0.4922097285020692|0.0
0.4912051442582176|0.0
0.4899124705317274|0.0
0.4925224218676731|0.0
0.4897867673239889|0.0
0.4887823681912379|0.0
0.49383228151838654|0.0
0.49282759969475404|0.0
0.49383228151838654|0.0
0.4927855216864078|0.0
0.49383228151838654|0.0
0.4951252586258633|0.0
0.4900749249281677|0.0
0.4900749249281677|0.0
0.4887823681912379|0.0
0.4887823681912379|0.0
0.4887823681912379|0.0
0.4897867673239889|0.0
0.49066347153255485|0.0
