PredictedProbability|PredictedLabel
0.48509193335469036|0.0
0.48711968191944643|0.0
0.4893645573561367|0.0
0.4881659897682417|0.0
0.4893645573561367|0.0
0.4871749378876695|0.0
0.4884438567414761|0.0
0.4871749378876695|0.0
0.4887799098143876|0.0
0.4887799098143876|0.0
0.4861287367184901|0.0
0.4877335400071981|0.0
0.48650265275844723|0.0
0.48650265275844723|0.0
0.48650265275844723|0.0
0.48650265275844723|0.0
0.4852339933933257|0.0
0.4852339933933257|0.0
0.48650265275844723|0.0
0.48650265275844723|0.0
0.48650265275844723|0.0
0.48650265275844723|0.0
0.4852339933933257|0.0
0.48683864129927856|0.0
