PredictedProbability|PredictedLabel
0.48504297860932694|0.0
0.48461988688160546|0.0
0.48756748686036705|0.0
0.4860236950884814|0.0
0.4845750189755881|0.0
0.4831714615513928|0.0
0.4868597135808139|0.0
0.4831714615513928|0.0
0.4863088485787459|0.0
0.48881563011641277|0.0
0.4906854900198593|0.0
0.48754666593248475|0.0
0.4872627473294762|0.0
0.4832196730803594|0.0
0.4832196730803594|0.0
0.4832196730803594|0.0
0.4832196730803594|0.0
0.484488022675422|0.0
0.484488022675422|0.0
0.484488022675422|0.0
0.4832196730803594|0.0
0.4832196730803594|0.0
0.48553402912936827|0.0
0.484488022675422|0.0
0.4832196730803594|0.0
0.484488022675422|0.0
0.4842655135555868|0.0
0.484488022675422|0.0
0.4832196730803594|0.0
0.484488022675422|0.0
0.484488022675422|0.0
0.484488022675422|0.0
0.484488022675422|0.0
0.4834973841807967|0.0
0.4822292020229146|0.0
0.4822292020229146|0.0
0.4886795650225833|0.0
0.4861183885973804|0.0
0.4861183885973804|0.0
0.4861183885973804|0.0
0.4861183885973804|0.0
0.4861183885973804|0.0
0.4861183885973804|0.0
0.48772319014781795|0.0
0.4861183885973804|0.0
0.48772319014781795|0.0
0.4887695589365293|0.0
0.4861183885973804|0.0
0.4861183885973804|0.0
