PredictedProbability|PredictedLabel
0.4843009092035065|0.0
0.49218923027280576|0.0
0.4933122211238456|0.0
0.49306607900640026|0.0
0.4904835062315482|0.0
0.48649431329345294|0.0
0.4854481901526345|0.0
0.4854481901526345|0.0
0.4854481901526345|0.0
0.48772860388958117|0.0
0.48772860388958117|0.0
0.48772860388958117|0.0
0.48772860388958117|0.0
0.48731549657890555|0.0
0.48731549657890555|0.0
0.48731549657890555|0.0
0.48803115923011675|0.0
0.48960152648503863|0.0
0.48960152648503863|0.0
0.487040120609213|0.0
0.4883324710970261|0.0
0.48844702486624186|0.0
0.4875784013790561|0.0
0.48884736936790146|0.0
0.48884736936790146|0.0
0.48884736936790146|0.0
0.48884736936790146|0.0
0.48628614988403335|0.0
0.48628614988403335|0.0
0.4852952958828089|0.0
0.4852952958828089|0.0
0.4852952958828089|0.0
0.4852952958828089|0.0
0.4852952958828089|0.0
0.4852952958828089|0.0
0.4852952958828089|0.0
0.4852952958828089|0.0
0.4852952958828089|0.0
0.48717576809186003|0.0
0.4852952958828089|0.0
0.4852952958828089|0.0
0.48617162125947516|0.0
0.4852952958828089|0.0
0.48617162125947516|0.0
0.4852952958828089|0.0
0.4871625710040034|0.0
0.48628614988403335|0.0
0.48571552421130104|0.0
0.48571552421130104|0.0
0.4856010029413082|0.0
