PredictedProbability|PredictedLabel
0.4902607090275249|0.0
0.48502718130334055|0.0
0.4860732542307166|0.0
0.4860732542307166|0.0
0.4860732542307166|0.0
0.4870641935317101|0.0
0.4870641935317101|0.0
0.48601800479426627|0.0
0.48584409674407686|0.0
0.48584409674407686|0.0
0.48584409674407686|0.0
0.48584409674407686|0.0
0.4927469957482633|0.0
0.4943526289056418|0.0
0.4927469957482633|0.0
0.4927469957482633|0.0
0.4927469957482633|0.0
0.4957462640181067|0.0
0.49701587110783585|0.0
0.4957462640181067|0.0
0.49679315306749516|0.0
0.4927469957482633|0.0
0.49170030166817313|0.0
0.4927469957482633|0.0
0.4950255138715557|0.0
0.4950255138715557|0.0
0.4950255138715557|0.0
0.4950255138715557|0.0
0.49663130249811316|0.0
0.4950255138715557|0.0
0.4950255138715557|0.0
0.4950255138715557|0.0
0.4950255138715557|0.0
0.4950255138715557|0.0
0.4950255138715557|0.0
0.4950255138715557|0.0
0.4921355116412848|0.0
0.4921355116412848|0.0
0.4921355116412848|0.0
0.4921355116412848|0.0
0.4921355116412848|0.0
0.4921355116412848|0.0
0.4921355116412848|0.0
0.49301235758599365|0.0
0.49301235758599365|0.0
0.49114413400216317|0.0
