PredictedProbability|PredictedLabel
0.4871044399575942|0.0
0.4914591592333077|0.0
0.4904054051881929|0.0
0.48924844518346017|0.0
0.4883718450429345|0.0
0.48834839653566825|0.0
0.48834839653566825|0.0
0.48807053205561135|0.0
0.49023968283385494|0.0
0.48933955773882526|0.0
0.48933955773882526|0.0
0.4877261480883911|0.0
0.48928511361798976|0.0
0.48645732071485187|0.0
0.48645732071485187|0.0
0.48675858473389433|0.0
0.485466447535563|0.0
0.4867351399953326|0.0
0.485466447535563|0.0
0.4861252056335074|0.0
0.4861252056335074|0.0
0.4861252056335074|0.0
0.4870016116705581|0.0
0.4861252056335074|0.0
0.4861252056335074|0.0
0.48692770681220343|0.0
0.4856589873560834|0.0
0.48664988183223623|0.0
0.4879187342666284|0.0
0.4879187342666284|0.0
0.48664988183223623|0.0
0.48664988183223623|0.0
0.4879187342666284|0.0
0.4887952981109569|0.0
0.486150525681902|0.0
0.486150525681902|0.0
0.486150525681902|0.0
0.48741931234941327|0.0
0.486150525681902|0.0
0.486150525681902|0.0
0.486150525681902|0.0
0.486150525681902|0.0
0.486150525681902|0.0
0.4868093337968971|0.0
0.4868093337968971|0.0
0.488078206698035|0.0
0.4896833129094298|0.0
0.488078206698035|0.0
