PredictedProbability|PredictedLabel
0.48977278329145296|0.0
0.4859004614295166|0.0
0.4859004614295166|0.0
0.4865592515470624|0.0
0.4865592515470624|0.0
0.49114767001468257|0.0
0.49048860217702567|0.0
0.49048860217702567|0.0
0.49048860217702567|0.0
0.49209401541296083|0.0
0.49048860217702567|0.0
0.49209401541296083|0.0
0.49209401541296083|0.0
0.49048860217702567|0.0
0.49048860217702567|0.0
0.49048860217702567|0.0
0.49048860217702567|0.0
0.4913653527934751|0.0
0.49149313658848875|0.0
0.49149313658848875|0.0
0.49149313658848875|0.0
0.49149313658848875|0.0
0.49149313658848875|0.0
0.49149313658848875|0.0
0.49048860217702567|0.0
0.49048860217702567|0.0
0.4917813304599067|0.0
0.49048860217702567|0.0
0.4917813304599067|0.0
0.4909941187322572|0.0
0.48970146584594065|0.0
0.48970146584594065|0.0
0.48970146584594065|0.0
0.4909941187322572|0.0
0.48970146584594065|0.0
0.48970146584594065|0.0
0.48970146584594065|0.0
0.48970146584594065|0.0
0.48970146584594065|0.0
0.48970146584594065|0.0
0.48904247355875885|0.0
0.49133958158891455|0.0
0.4900468948260378|0.0
0.4900468948260378|0.0
0.4909236166383127|0.0
