PredictedProbability|PredictedLabel
0.48468731964658396|0.0
0.4854699339321651|0.0
0.48651605962602595|0.0
0.4854699339321651|0.0
0.48651605962602595|0.0
0.4840286747190361|0.0
0.4840286747190361|0.0
0.48468731964658396|0.0
0.4836414224848414|0.0
0.48468731964658396|0.0
0.48468731964658396|0.0
0.4836414224848414|0.0
0.48490984035016566|0.0
0.48490984035016566|0.0
0.4836414224848414|0.0
0.4836414224848414|0.0
0.48468731964658396|0.0
0.48468731964658396|0.0
0.48468731964658396|0.0
0.48468731964658396|0.0
0.48468731964658396|0.0
0.48972225489262733|0.0
0.48972225489262733|0.0
0.48972225489262733|0.0
0.48972225489262733|0.0
0.48972225489262733|0.0
0.4913275786096611|0.0
0.48728282995978855|0.0
0.4856781036429425|0.0
0.4856781036429425|0.0
