PredictedProbability|PredictedLabel
0.49214731717970917|0.0
0.48581085290045106|0.0
0.48581085290045106|0.0
0.48691281383769064|0.0
0.48625399837211314|0.0
0.48625399837211314|0.0
0.4853776647738261|0.0
0.48625399837211314|0.0
0.48625399837211314|0.0
0.48625399837211314|0.0
0.4853776647738261|0.0
0.4853776647738261|0.0
0.4853776647738261|0.0
0.4786377142778784|0.0
0.4800403342516276|0.0
0.4800403342516276|0.0
0.4800403342516276|0.0
0.4798566037936324|0.0
0.4798566037936324|0.0
0.4798566037936324|0.0
0.4798566037936324|0.0
0.4798566037936324|0.0
0.4798566037936324|0.0
0.4798566037936324|0.0
0.47898105038930733|0.0
0.4798566037936324|0.0
0.48038374944355855|0.0
0.481259498514022|0.0
0.48038374944355855|0.0
0.481259498514022|0.0
0.48038374944355855|0.0
0.481259498514022|0.0
0.481259498514022|0.0
0.4913039754514991|0.0
0.4890228030440956|0.0
0.48989945280764663|0.0
0.48989945280764663|0.0
0.4890228030440956|0.0
0.49064490010887163|0.0
0.49064490010887163|0.0
0.48976819717516873|0.0
0.49064490010887163|0.0
