PredictedProbability|PredictedLabel
0.48824680228446243|0.0
0.4851237161359085|0.0
0.4851237161359085|0.0
0.48759960819234394|0.0
0.48759960819234394|0.0
0.48759960819234394|0.0
0.48759960819234394|0.0
0.4861955539580639|0.0
0.4861955539580639|0.0
0.4861955539580639|0.0
0.4861955539580639|0.0
0.4870719666101822|0.0
0.4891967244919003|0.0
0.4891967244919003|0.0
0.4900733870102639|0.0
0.4900733870102639|0.0
0.4900733870102639|0.0
0.4900733870102639|0.0
0.4891967244919003|0.0
0.4900733870102639|0.0
0.4891967244919003|0.0
0.4891967244919003|0.0
0.48779244939464095|0.0
0.48779244939464095|0.0
