PredictedProbability|PredictedLabel
0.4926191278178243|0.0
0.489000421086243|0.0
0.48922304204243006|0.0
0.48922304204243006|0.0
0.48922304204243006|0.0
0.48795402979493263|0.0
0.48922304204243006|0.0
0.4932684015975831|0.0
0.4932684015975831|0.0
0.4932684015975831|0.0
0.495164222117421|0.0
0.4869629988240234|0.0
0.4869629988240234|0.0
0.4888579645495412|0.0
0.4869629988240234|0.0
0.4869629988240234|0.0
0.4869629988240234|0.0
0.4869629988240234|0.0
0.4877913944926724|0.0
0.4877913944926724|0.0
0.4877913944926724|0.0
0.48906038775352234|0.0
0.4877913944926724|0.0
0.48906038775352234|0.0
0.48866794787718104|0.0
0.48866794787718104|0.0
0.4877913944926724|0.0
0.4877913944926724|0.0
0.4877913944926724|0.0
0.4877913944926724|0.0
0.4877913944926724|0.0
0.4877913944926724|0.0
0.4877913944926724|0.0
0.4877913944926724|0.0
0.4877913944926724|0.0
0.4877913944926724|0.0
0.4877913944926724|0.0
0.4877913944926724|0.0
0.4877913944926724|0.0
0.4877913944926724|0.0
