PredictedProbability|PredictedLabel
0.4854868098633717|0.0
0.4932881060398261|0.0
0.4909147602609822|0.0
0.4923193843715812|0.0
0.4900380390402012|0.0
0.4900380390402012|0.0
0.4900380390402012|0.0
0.4900380390402012|0.0
0.4910846132785103|0.0
0.4900380390402012|0.0
0.4900380390402012|0.0
0.4900380390402012|0.0
0.4835347831709317|0.0
0.484410921438959|0.0
0.484410921438959|0.0
0.484410921438959|0.0
0.484410921438959|0.0
0.484410921438959|0.0
0.4843963958268125|0.0
0.4843963958268125|0.0
0.4854003398022228|0.0
0.4843963958268125|0.0
0.4843963958268125|0.0
0.4854003398022228|0.0
0.4843963958268125|0.0
0.4843963958268125|0.0
0.4845352824873501|0.0
0.48541152975721513|0.0
0.48541152975721513|0.0
0.48541152975721513|0.0
0.4845352824873501|0.0
0.4845352824873501|0.0
0.4845352824873501|0.0
0.4861398019001546|0.0
0.4845352824873501|0.0
0.48541152975721513|0.0
0.48542958274916814|0.0
0.48542958274916814|0.0
