PredictedProbability|PredictedLabel
0.48363294428087333|0.0
0.48575444686898805|0.0
0.4850957169087572|0.0
0.48185676762216517|0.0
0.48185676762216517|0.0
0.48185676762216517|0.0
0.48185676762216517|0.0
0.4831248842421673|0.0
0.48185676762216517|0.0
0.48185676762216517|0.0
0.48185676762216517|0.0
0.4831248842421673|0.0
0.4831248842421673|0.0
0.4831248842421673|0.0
0.48185676762216517|0.0
0.4840009758242782|0.0
0.48185676762216517|0.0
0.4832600769967677|0.0
0.48413618410712433|0.0
0.48540467975797835|0.0
0.48540467975797835|0.0
