PredictedProbability|PredictedLabel
0.48200951085178045|0.0
0.4851915904728227|0.0
0.48414562749741474|0.0
0.48315503294567147|0.0
0.48315503294567147|0.0
0.48315503294567147|0.0
0.48315503294567147|0.0
0.48315503294567147|0.0
0.4789719092668646|0.0
0.48023947049666854|0.0
0.4789719092668646|0.0
0.48164244807030626|0.0
0.48037460623281875|0.0
0.48094879095287896|0.0
0.48094879095287896|0.0
0.47954596466665356|0.0
0.47954596466665356|0.0
0.47954596466665356|0.0
0.47954596466665356|0.0
0.47954596466665356|0.0
0.47954596466665356|0.0
0.47954596466665356|0.0
0.47954596466665356|0.0
0.47954596466665356|0.0
0.47954596466665356|0.0
0.47954596466665356|0.0
0.47954596466665356|0.0
0.47954596466665356|0.0
0.47954596466665356|0.0
0.47954596466665356|0.0
0.47954596466665356|0.0
0.47954596466665356|0.0
0.48042159853301847|0.0
0.47954596466665356|0.0
0.47954596466665356|0.0
0.4805360393928049|0.0
0.48166030994421205|0.0
0.48166030994421205|0.0
