PredictedProbability|PredictedLabel
0.48523632969059505|0.0
0.48591032891281194|0.0
0.4857648564093634|0.0
0.4852373200772761|0.0
0.486228167529434|0.0
0.486228167529434|0.0
0.490272532950072|0.0
0.4853518365040625|0.0
0.49154178664807796|0.0
0.490272532950072|0.0
0.49342328410094305|0.0
0.48937788104564295|0.0
0.4885717344319377|0.0
0.4925464173383628|0.0
0.48730279982770547|0.0
0.4910874312444306|0.0
0.4873811261340093|0.0
0.487703060108274|0.0
0.4892565467740856|0.0
0.4852125844345205|0.0
0.48641079184253255|0.0
0.48422185601580536|0.0
0.48641079184253255|0.0
0.48641079184253255|0.0
0.48641079184253255|0.0
0.48660732072223783|0.0
0.48540908675091854|0.0
0.48540908675091854|0.0
0.4894531296883352|0.0
0.49131090373485803|0.0
0.49131090373485803|0.0
0.49131090373485803|0.0
0.4906518280625528|0.0
0.4915285889766923|0.0
0.4906518280625528|0.0
0.48540908675091854|0.0
0.48641391429735187|0.0
0.48514526770892236|0.0
0.48641391429735187|0.0
0.48514526770892236|0.0
0.4903878750021531|0.0
0.48514526770892236|0.0
0.48514526770892236|0.0
0.48514526770892236|0.0
0.4853378003014856|0.0
