PredictedProbability|PredictedLabel
0.48811419604752554|0.0
0.4898322309020877|0.0
0.4907089382215689|0.0
0.491368016601907|0.0
0.491368016601907|0.0
0.491368016601907|0.0
0.4907089382215689|0.0
0.4907089382215689|0.0
0.4907089382215689|0.0
0.4907089382215689|0.0
0.4907089382215689|0.0
0.4888978683326649|0.0
0.4888978683326649|0.0
0.4898890769703853|0.0
0.4898890769703853|0.0
0.4898890769703853|0.0
0.48939990473797623|0.0
0.48840873820857955|0.0
0.49030395322382764|0.0
0.48736240548371706|0.0
0.48840873820857955|0.0
0.48736240548371706|0.0
0.4886313473735962|0.0
0.48736240548371706|0.0
0.48736240548371706|0.0
0.48736240548371706|0.0
0.48736240548371706|0.0
0.48736240548371706|0.0
0.48736240548371706|0.0
0.48736240548371706|0.0
0.48736240548371706|0.0
0.48840873820857955|0.0
0.48840873820857955|0.0
0.48840873820857955|0.0
0.48736240548371706|0.0
0.48840873820857955|0.0
0.48840873820857955|0.0
0.48736240548371706|0.0
0.48736240548371706|0.0
0.48736240548371706|0.0
0.48736240548371706|0.0
0.48802526544653885|0.0
0.48907166359188026|0.0
0.48802526544653885|0.0
