PredictedProbability|PredictedLabel
0.3920473909114884|0.0
0.3912367663585143|0.0
0.39206268603034305|0.0
0.39430813482777494|0.0
0.3933284276133122|0.0
0.3933284276133122|0.0
0.39192000198647264|0.0
0.3924845880893321|0.0
0.3926365918394894|0.0
0.39165835222656464|0.0
0.3926365918394894|0.0
0.3940459238860469|0.0
0.3940459238860469|0.0
0.39256257768319647|0.0
0.3921976613202004|0.0
0.3901782065047953|0.0
0.3893537141895952|0.0
0.39032989092737547|0.0
0.3893537141895952|0.0
0.3893537141895952|0.0
0.3893537141895952|0.0
0.3901629377211483|0.0
0.39225989391240446|0.0
0.3924058905015424|0.0
0.39457857090201326|0.0
0.3931685698828746|0.0
0.3931685698828746|0.0
0.3923418240348316|0.0
0.3923418240348316|0.0
