PredictedProbability|PredictedLabel
0.48679399515389016|0.0
0.48726541700661247|0.0
0.4825071707005214|0.0
0.4825071707005214|0.0
0.4825071707005214|0.0
0.4825071707005214|0.0
0.4825071707005214|0.0
0.4819158120315212|0.0
0.4819158120315212|0.0
0.4819158120315212|0.0
0.48106640523087163|0.0
0.48106640523087163|0.0
0.4825409699696586|0.0
0.4825409699696586|0.0
0.4834065802627124|0.0
0.4834065802627124|0.0
0.4834065802627124|0.0
0.48184950630792406|0.0
0.48288867827049|0.0
0.48496085153541324|0.0
0.48348580130178936|0.0
0.4843354929143586|0.0
0.48346977596808594|0.0
0.48346977596808594|0.0
0.48346977596808594|0.0
0.4832115985273998|0.0
0.4832115985273998|0.0
0.48423648838090894|0.0
0.4832115985273998|0.0
0.48508626026660445|0.0
0.4832115985273998|0.0
0.4840612598623851|0.0
0.48346977596808594|0.0
0.4837128191688313|0.0
0.48346977596808594|0.0
0.4826201816796633|0.0
0.4837128191688313|0.0
0.4837128191688313|0.0
0.4837128191688313|0.0
0.4837128191688313|0.0
0.4837128191688313|0.0
0.4826201816796633|0.0
0.48456253546161066|0.0
