PredictedProbability|PredictedLabel
0.4867600878916744|0.0
0.4884565608524758|0.0
0.48862069403709096|0.0
0.4894868938816485|0.0
0.4894868938816485|0.0
0.4894868938816485|0.0
0.48300920102455097|0.0
0.4828562839609196|0.0
0.48269225939938043|0.0
0.4820193971938619|0.0
0.4820193971938619|0.0
0.48184275686575034|0.0
0.48184275686575034|0.0
0.48184275686575034|0.0
0.48184275686575034|0.0
0.48184275686575034|0.0
0.4816932877902206|0.0
0.4816932877902206|0.0
0.4795031253781525|0.0
0.47765424325230915|0.0
0.47765424325230915|0.0
0.47765424325230915|0.0
0.47765424325230915|0.0
0.47862486046534636|0.0
0.47862486046534636|0.0
0.47929867223335165|0.0
0.47832794220036784|0.0
0.47832794220036784|0.0
0.47656265875834625|0.0
0.47656265875834625|0.0
0.47741142927229285|0.0
0.47656265875834625|0.0
0.47656265875834625|0.0
0.47656265875834625|0.0
0.4816449925190643|0.0
0.4817978833638436|0.0
0.4802661058615763|0.0
0.4802661058615763|0.0
0.4802661058615763|0.0
0.4823295661361801|0.0
