PredictedProbability|PredictedLabel
0.48747944490408884|0.0
0.48869680994534254|0.0
0.4861639138142367|0.0
0.48555449577974413|0.0
0.4892336072445916|0.0
0.48468864794829286|0.0
0.48555449577974413|0.0
0.48468864794829286|0.0
0.48549341317268374|0.0
0.48688603453276696|0.0
0.48688603453276696|0.0
0.4860360858281043|0.0
0.4864651246102387|0.0
0.48221360684685366|0.0
0.4853728437867143|0.0
0.48816384828451764|0.0
0.4870706418292883|0.0
0.48622067623405396|0.0
0.4870706418292883|0.0
0.4870706418292883|0.0
0.4856779922359382|0.0
0.484706369062784|0.0
0.4852489916915622|0.0
0.48542440633154066|0.0
0.48403202191901706|0.0
0.48403202191901706|0.0
0.48403202191901706|0.0
0.48403202191901706|0.0
0.48403202191901706|0.0
0.48415380240045724|0.0
0.48500356563225655|0.0
0.4856779922359382|0.0
0.484828159783764|0.0
0.48385663731632217|0.0
0.48385663731632217|0.0
0.4831823638423243|0.0
0.4831823638423243|0.0
0.48457459954334714|0.0
0.48500356563225655|0.0
0.48415380240045724|0.0
0.484828159783764|0.0
0.484828159783764|0.0
0.484828159783764|0.0
0.484828159783764|0.0
0.484828159783764|0.0
0.48622067623405396|0.0
0.4870449554802043|0.0
