PredictedProbability|PredictedLabel
0.48429350704196245|0.0
0.4885137005525125|0.0
0.48532465986998974|0.0
0.4866965897743124|0.0
0.4848215643397172|0.0
0.4859934880822019|0.0
0.4874541282002156|0.0
0.4874541282002156|0.0
0.48701871782790357|0.0
0.48797574550652056|0.0
0.48760817090085107|0.0
0.48718956609504344|0.0
0.48718956609504344|0.0
0.48621777768180924|0.0
0.48519263927198963|0.0
0.48451825172359597|0.0
0.48451825172359597|0.0
0.48451825172359597|0.0
0.48451825172359597|0.0
0.48451825172359597|0.0
0.48451825172359597|0.0
0.48451825172359597|0.0
0.48451825172359597|0.0
0.48451825172359597|0.0
0.48451825172359597|0.0
0.48554330913667343|0.0
0.48554330913667343|0.0
0.4861786571343036|0.0
0.4861786571343036|0.0
0.4846259222604838|0.0
0.4846259222604838|0.0
0.48427529126571134|0.0
0.48427529126571134|0.0
0.48427529126571134|0.0
0.48427529126571134|0.0
0.48427529126571134|0.0
0.48427529126571134|0.0
0.4833038373296697|0.0
0.4849016606056518|0.0
0.4826296138752538|0.0
0.4826296138752538|0.0
0.4826296138752538|0.0
0.4826296138752538|0.0
0.4826296138752538|0.0
0.4826296138752538|0.0
0.4826296138752538|0.0
0.4826296138752538|0.0
0.4826296138752538|0.0
0.48372225275359587|0.0
0.4847472097596808|0.0
0.4847472097596808|0.0
0.4826296138752538|0.0
0.4826296138752538|0.0
0.48623696338036104|0.0
0.4845333296855145|0.0
0.48539916141126|0.0
0.48539916141126|0.0
