PredictedProbability|PredictedLabel
0.4868724124690305|0.0
0.48602246501989915|0.0
0.48601005588315715|0.0
0.48601005588315715|0.0
0.48601005588315715|0.0
0.48491710309795943|0.0
0.48899686726576536|0.0
0.48852082732421986|0.0
0.48852082732421986|0.0
0.4868600021873469|0.0
0.48601005588315715|0.0
0.48601005588315715|0.0
0.48601005588315715|0.0
0.48491710309795943|0.0
0.4868600021873469|0.0
0.482170269984373|0.0
0.4847169801444248|0.0
0.4818421910901182|0.0
0.4881870868903895|0.0
0.4881870868903895|0.0
0.4881870868903895|0.0
0.4881870868903895|0.0
0.4881870868903895|0.0
0.4881870868903895|0.0
0.4910342676473468|0.0
0.4917792510250015|0.0
0.4928138403301126|0.0
0.4928138403301126|0.0
0.4928138403301126|0.0
0.4928138403301126|0.0
0.4928138403301126|0.0
0.4928138403301126|0.0
0.4928138403301126|0.0
0.4928138403301126|0.0
0.4928138403301126|0.0
0.4928138403301126|0.0
0.4928138403301126|0.0
0.4928138403301126|0.0
0.4928138403301126|0.0
0.4928138403301126|0.0
0.4974542846571373|0.0
0.49219661149373645|0.0
0.4928076883120315|0.0
0.4928076883120315|0.0
0.4928076883120315|0.0
0.4928076883120315|0.0
0.4928076883120315|0.0
0.4928076883120315|0.0
0.49440686699346253|0.0
0.4928076883120315|0.0
0.4928076883120315|0.0
0.4928076883120315|0.0
