PredictedProbability|PredictedLabel
0.48665982785645223|0.0
0.48582504710271024|0.0
0.48656162359032357|0.0
0.48745646542293636|0.0
0.48917099959031757|0.0
0.4883252294957174|0.0
0.49062140755430184|0.0
0.4889170309489151|0.0
0.49037807498065566|0.0
0.4889170309489151|0.0
0.49005217316256083|0.0
0.49192349524266565|0.0
0.49048452374013984|0.0
0.4906978215566918|0.0
0.4906978215566918|0.0
0.4906978215566918|0.0
0.4906978215566918|0.0
0.4912897375631226|0.0
0.4912897375631226|0.0
0.490439449149017|0.0
0.490439449149017|0.0
0.48946736565389176|0.0
0.48972571812744736|0.0
0.48905101534864465|0.0
0.48917286140732297|0.0
0.48820088314524523|0.0
0.48972571812744736|0.0
0.48905101534864465|0.0
0.48905101534864465|0.0
0.48905101534864465|0.0
0.48905101534864465|0.0
0.4900230656259035|0.0
0.4900230656259035|0.0
0.49179136350652286|0.0
0.4874353234528385|0.0
0.4864635098539445|0.0
0.4876356457871651|0.0
0.48696107456696447|0.0
0.48696107456696447|0.0
0.486111118968574|0.0
0.48696107456696447|0.0
0.48696107456696447|0.0
0.486111118968574|0.0
0.48779595546558074|0.0
0.48670278946584616|0.0
0.48670278946584616|0.0
0.4901609632586113|0.0
