PredictedProbability|PredictedLabel
0.48798065788510425|0.0
0.4888307728783326|0.0
0.4882810337889666|0.0
0.49133299325750096|0.0
0.4934012006292238|0.0
0.4934012006292238|0.0
0.4920078127438867|0.0
0.49115748144789084|0.0
0.4870123659228059|0.0
0.487862401329982|0.0
0.48925535619649346|0.0
0.487862401329982|0.0
0.48737839607985184|0.0
0.48598570026405175|0.0
0.48822552463913116|0.0
0.48822552463913116|0.0
0.4868327070435524|0.0
0.4909777569607493|0.0
0.4909777569607493|0.0
0.4923710551411695|0.0
0.4923710551411695|0.0
0.4923710551411695|0.0
0.49322145093733727|0.0
0.49322145093733727|0.0
0.48725363324284765|0.0
