PredictedProbability|PredictedLabel
0.48235818525354246|0.0
0.48220528205771523|0.0
0.48042363800780086|0.0
0.48042363800780086|0.0
0.4822441441947161|0.0
0.4822441441947161|0.0
0.4846913852865589|0.0
0.48338414346391917|0.0
0.48662702234282457|0.0
0.48516651461660765|0.0
0.4860163806337033|0.0
0.48516651461660765|0.0
0.4850447189250798|0.0
0.4841949513808213|0.0
0.48352064810868217|0.0
0.48352064810868217|0.0
0.48352064810868217|0.0
0.48352064810868217|0.0
0.48352064810868217|0.0
0.48352064810868217|0.0
0.48534192755317807|0.0
0.48352064810868217|0.0
0.4841949513808213|0.0
