PredictedProbability|PredictedLabel
0.48981133925067416|0.0
0.4913960957011305|0.0
0.4908557881319742|0.0
0.4908557881319742|0.0
0.4908557881319742|0.0
0.4908557881319742|0.0
0.48971828197163964|0.0
0.49056852378505594|0.0
0.4903743271191338|0.0
0.48893226515775723|0.0
0.48893226515775723|0.0
0.48893226515775723|0.0
0.48893226515775723|0.0
0.48783897802313825|0.0
0.48893226515775723|0.0
0.4897824521489967|0.0
0.48893226515775723|0.0
0.4897824521489967|0.0
0.4897824521489967|0.0
0.4897824521489967|0.0
0.48893226515775723|0.0
0.4899043057135079|0.0
0.4899043057135079|0.0
0.4921966595156013|0.0
0.4937957858248442|0.0
0.4912244506910346|0.0
0.490198827742878|0.0
0.4895240984583542|0.0
0.4905496680964893|0.0
0.4900294507626007|0.0
0.48843075270654435|0.0
0.48843075270654435|0.0
0.48843075270654435|0.0
0.4894027509956951|0.0
0.49042831064973463|0.0
0.49015308261950546|0.0
0.49015308261950546|0.0
0.49107963883084393|0.0
0.49107963883084393|0.0
0.4904048634189894|0.0
0.4904048634189894|0.0
