PredictedProbability|PredictedLabel
0.4878192067270924|0.0
0.48921846537252095|0.0
0.49054661048665477|0.0
0.49164014075037016|0.0
0.4917778726891636|0.0
0.4901789532593024|0.0
0.4917778726891636|0.0
0.4917778726891636|0.0
0.4917778726891636|0.0
0.4928036057902041|0.0
0.4917778726891636|0.0
0.4917778726891636|0.0
0.4928036057902041|0.0
0.4928036057902041|0.0
0.4869025106988311|0.0
0.48556621332672706|0.0
0.48420027332844123|0.0
0.48317538831796647|0.0
0.48317538831796647|0.0
0.4873092810173033|0.0
0.4863334738343181|0.0
0.4842280129900777|0.0
0.486323396952301|0.0
0.4854089401436593|0.0
0.48485570589114707|0.0
0.48485570589114707|0.0
0.4871827052580366|0.0
0.48939583649008206|0.0
0.49242094295376804|0.0
0.4920424990118229|0.0
0.490566425304966|0.0
0.48869437622478956|0.0
0.4877602895908431|0.0
0.4891532313727301|0.0
0.4871757171219298|0.0
0.4923610799906274|0.0
