PredictedProbability|PredictedLabel
0.49099083546697303|0.0
0.4920118998888013|0.0
0.4950868140866563|0.0
0.4958922299244244|0.0
0.49139490113932294|0.0
0.49139490113932294|0.0
0.4893293176218431|0.0
0.49042274651902157|0.0
0.4897480051109441|0.0
0.4907735928541383|0.0
0.4958922299244244|0.0
0.4958922299244244|0.0
0.495541285249841|0.0
0.495541285249841|0.0
0.4840866640938914|0.0
0.4840866640938914|0.0
0.4880494552042192|0.0
0.486956261201412|0.0
0.48745997617459425|0.0
0.48852908477024515|0.0
0.48705973652284906|0.0
0.48705973652284906|0.0
0.487459505349005|0.0
0.48770266048575067|0.0
0.48683660707430343|0.0
0.48683660707430343|0.0
0.4897612908804918|0.0
0.4897612908804918|0.0
0.4881626302361145|0.0
0.48740969079445706|0.0
0.4922546522328609|0.0
0.4922546522328609|0.0
0.48745770229479984|0.0
0.48745770229479984|0.0
0.48745770229479984|0.0
0.4884830854194382|0.0
0.48745770229479984|0.0
0.48745770229479984|0.0
0.4919817313261155|0.0
0.4930074771564086|0.0
0.4901981621136847|0.0
0.4901981621136847|0.0
0.4850817433132709|0.0
0.4925502881725018|0.0
0.4924487682350754|0.0
0.49414944537420996|0.0
0.4901981621136847|0.0
0.4901981621136847|0.0
0.4901981621136847|0.0
0.49122378501109193|0.0
0.4850817433132709|0.0
0.486106868660521|0.0
0.4854324086046265|0.0
0.4854324086046265|0.0
0.4864041133730399|0.0
0.4864041133730399|0.0
0.4870786455525445|0.0
0.48867714556728864|0.0
0.4865585936189165|0.0
0.4865585936189165|0.0
0.48605340918461887|0.0
0.48635298859869275|0.0
0.4849604508930796|0.0
0.48869162682884726|0.0
0.48709312456944404|0.0
0.48869162682884726|0.0
0.4861213461680679|0.0
0.4871465900084448|0.0
0.4854468850002614|0.0
0.48641859135388393|0.0
0.48641859135388393|0.0
