PredictedProbability|PredictedLabel
0.4875884241151411|0.0
0.4884385076386512|0.0
0.4887358221478978|0.0
0.4887358221478978|0.0
0.4894105065962708|0.0
0.4894105065962708|0.0
0.4894105065962708|0.0
0.4885603470105192|0.0
0.4885603470105192|0.0
0.4885603470105192|0.0
0.4894105065962708|0.0
0.4885603470105192|0.0
0.4896537051899566|0.0
0.4885603470105192|0.0
0.4885603470105192|0.0
0.4885603470105192|0.0
0.4885603470105192|0.0
0.4885603470105192|0.0
0.4885603470105192|0.0
0.4886816855080012|0.0
0.4886816855080012|0.0
0.4869138561397642|0.0
0.4869138561397642|0.0
0.48818381654510445|0.0
0.4883066849827123|0.0
0.4869138561397642|0.0
0.4878857146761138|0.0
0.4878857146761138|0.0
0.4885603470105192|0.0
0.4885603470105192|0.0
0.4885603470105192|0.0
0.4885603470105192|0.0
0.4885603470105192|0.0
0.4885603470105192|0.0
0.4885603470105192|0.0
0.4927059834408149|0.0
0.4885603470105192|0.0
0.4885603470105192|0.0
0.48983050205734807|0.0
0.48898134361159173|0.0
0.48898134361159173|0.0
0.4883066849827123|0.0
0.4883066849827123|0.0
