PredictedProbability|PredictedLabel
0.48354537235368716|0.0
0.482695769363512|0.0
0.48380365489079685|0.0
0.48380365489079685|0.0
0.48380365489079685|0.0
0.4852639269806838|0.0
0.48439516419751294|0.0
0.48585554122675223|0.0
0.4860547613770934|0.0
0.4870944769130412|0.0
0.4867722311628461|0.0
0.4867722311628461|0.0
0.4867722311628461|0.0
0.4847201232675282|0.0
0.4847201232675282|0.0
0.4847201232675282|0.0
0.4847201232675282|0.0
0.4847201232675282|0.0
0.48631822182850476|0.0
0.4858130508237879|0.0
0.4867847967314184|0.0
0.4867847967314184|0.0
0.4863662278284711|0.0
0.4863662278284711|0.0
0.4863662278284711|0.0
0.4863662278284711|0.0
0.48695791459818105|0.0
0.48695791459818105|0.0
0.4911030103518721|0.0
0.49256429108062444|0.0
0.49586957951224053|0.0
0.49569868911163784|0.0
0.49155227130452406|0.0
0.49009109319846034|0.0
0.49155227130452406|0.0
