PredictedProbability|PredictedLabel
0.48658995371096275|0.0
0.4874399524002171|0.0
0.48716847508211897|0.0
0.48716553770593485|0.0
0.48716553770593485|0.0
0.48716553770593485|0.0
0.48716553770593485|0.0
0.48716553770593485|0.0
0.48825875440540545|0.0
0.48825875440540545|0.0
0.48825875440540545|0.0
0.4863185006296694|0.0
0.4863185006296694|0.0
0.4863185006296694|0.0
0.48741162310135827|0.0
0.48741162310135827|0.0
0.48542418270901083|0.0
0.48542418270901083|0.0
0.4860206384444378|0.0
0.4860206384444378|0.0
0.4881966133896967|0.0
0.4860206384444378|0.0
0.4860206384444378|0.0
0.4860206384444378|0.0
0.4860206384444378|0.0
0.48492768431362254|0.0
0.48492768431362254|0.0
0.48492768431362254|0.0
0.48492768431362254|0.0
0.48492768431362254|0.0
0.48492768431362254|0.0
0.48492768431362254|0.0
0.48492768431362254|0.0
0.48492768431362254|0.0
0.48492768431362254|0.0
0.48492768431362254|0.0
0.48492768431362254|0.0
0.48492768431362254|0.0
0.48596726860471245|0.0
0.48767901752090986|0.0
0.48767901752090986|0.0
0.4885451428253734|0.0
0.4885451428253734|0.0
0.4885451428253734|0.0
0.4896384995543951|0.0
0.4896384995543951|0.0
0.4885451428253734|0.0
0.4885451428253734|0.0
0.4885451428253734|0.0
