PredictedProbability|PredictedLabel
0.4882585059180901|0.0
0.48935335300989014|0.0
0.48935335300989014|0.0
0.4903277648633478|0.0
0.4889346796162581|0.0
0.4879627225372505|0.0
0.4893556901457118|0.0
0.48728812917258013|0.0
0.48728812917258013|0.0
0.4867829054098976|0.0
0.48728812917258013|0.0
0.4883813589894192|0.0
0.4883813589894192|0.0
0.4886810089398297|0.0
0.48708250832598354|0.0
0.48515791401448033|0.0
0.48694219182120296|0.0
0.48758156680794984|0.0
0.4902735588009018|0.0
0.487281948549582|0.0
