PredictedProbability|PredictedLabel
0.00511406287408534|1.0
0.0034716527456492064|1.0
0.003909994726091391|1.0
0.003593535593785478|1.0
0.0033962327036405142|1.0
0.0035825986607726117|1.0
0.00401882903233638|1.0
0.004252642258805386|1.0
0.004195813864852115|1.0
0.004656117693349602|1.0
0.005033507037788122|1.0
0.005753834273494756|1.0
0.00652494435108219|1.0
0.005990353562369137|1.0
0.0042106435054990975|1.0
0.004731226036600019|1.0
0.005068917020815336|1.0
0.005056794340874905|1.0
0.005604079552082978|1.0
0.00637595847069891|1.0
0.006767219255452651|1.0
0.005868225972432824|1.0
0.006420466557360912|1.0
0.006049459301011794|1.0
0.006267208672919207|1.0
0.006693176218171374|1.0
0.0073914415742986446|1.0
0.006259107662058669|1.0
0.005596498745028466|1.0
0.005641480668875768|1.0
0.0059954453751307635|1.0
0.006052519519048415|1.0
0.005939080023682591|1.0
0.00653581050529101|1.0
0.007268783075977217|1.0
0.007803293511196315|1.0
0.00724454451916157|1.0
0.006771656709203252|1.0
0.00808773774206726|1.0
0.009207243598460408|1.0
0.006588712591904313|1.0
0.0054905432717897345|1.0
0.00720981617570812|1.0
0.007132660094491722|1.0
0.007511476847447002|1.0
0.007081407960918784|1.0
0.006068649696876163|1.0
0.005629027672835637|1.0
0.005498747982789794|1.0
0.005259345700187641|1.0
0.005440664476525901|1.0
0.00577016012206106|1.0
0.00646356638891753|1.0
0.007441406493756373|1.0
0.008295060874356188|1.0
0.00834174070084781|1.0
0.007955162346314317|1.0
0.008373043394435935|1.0
0.008665905880498221|1.0
0.006565076909626812|1.0
0.005372151355097728|1.0
0.004882666521388006|1.0
0.005806179903659979|1.0
0.006741878013079098|1.0
0.005880892286536061|1.0
0.005396406301099941|1.0
0.0055021965351089806|1.0
0.006100501413376276|1.0
0.006100501413376276|1.0
0.006100501413376276|1.0
0.00587786463186515|1.0
0.005379042740221321|1.0
0.004757286766513905|1.0
0.004790481417966935|1.0
0.006172541692170615|1.0
0.006568160579802492|1.0
0.005416012975072897|1.0
0.006138103350266594|1.0
0.006946011786843919|1.0
0.0063743540945879595|1.0
0.006599144032183803|1.0
0.006591691428161825|1.0
0.005743873602749443|1.0
0.005236431709363261|1.0
0.005642365111608331|1.0
0.006251226865326513|1.0
0.005788497348470308|1.0
0.005208885547345138|1.0
0.003065579642108363|1.0
0.002787241014744364|1.0
0.0030643030356161086|1.0
0.0060641359105804|1.0
0.005982864290174123|1.0
0.006198707975387147|1.0
0.005613376682241576|1.0
0.005496877245138748|1.0
0.004968255149697161|1.0
0.004393261837846966|1.0
0.0045228211778506324|1.0
0.004597024714536201|1.0
0.004597024714536201|1.0
0.00459759380434464|1.0
0.004185920592151438|1.0
0.004713784072716055|1.0
0.0056538976384869375|1.0
0.0053751092102458245|1.0
0.0053751092102458245|1.0
0.0053751092102458245|1.0
0.0053751092102458245|1.0
0.0053751092102458245|1.0
0.0053751092102458245|1.0
0.0053751092102458245|1.0
0.0053751092102458245|1.0
0.005402498523878491|1.0
0.005421906409440871|1.0
0.004148763022849848|1.0
0.00366369056381408|1.0
0.003932621235271133|1.0
0.0042859066593375255|1.0
0.0048182239484285995|1.0
0.004994931797118611|1.0
0.005314715422350998|1.0
0.007621742151889694|1.0
0.007561354909817728|1.0
0.007035654454517214|1.0
0.007139147639350846|1.0
0.009235841522478408|1.0
0.006828999706149013|1.0
0.006782026341534631|1.0
0.007003635077556378|1.0
0.007424366703619329|1.0
0.007313595966599113|1.0
0.006515887261070654|1.0
0.006299365669696948|1.0
0.00630501462949253|1.0
0.008052422802463998|1.0
0.007535990014344876|1.0
0.007528120393245051|1.0
0.0069186046951754555|1.0
0.006315049089578161|1.0
0.006354356482419597|1.0
0.005887926730865288|1.0
0.00720999016236596|1.0
0.006407602823941387|1.0
0.005579033648437421|1.0
0.00634852145080219|1.0
0.009265953710923635|1.0
0.010900290304001466|1.0
0.011045308297275158|1.0
0.012118705675454122|1.0
0.013807283474186815|1.0
0.011680887374049268|1.0
0.012646142077784712|1.0
0.014594010925505767|1.0
0.013291591900362817|1.0
0.012505073339274775|1.0
0.014096879535527013|1.0
0.015209714233766594|1.0
0.012780496009631272|1.0
0.012416056909331497|1.0
0.011968351637984554|1.0
0.011993711556441402|1.0
0.012699050253411679|1.0
0.012987324059395206|1.0
0.0041317431132773235|1.0
0.0031088112824141675|1.0
0.0030143373699566653|1.0
0.0029311158088640185|1.0
0.003049264772201733|1.0
0.003081401681574935|1.0
0.0032635880162338975|1.0
0.003216111110813337|1.0
0.003216084366036852|1.0
0.0031848808450350235|1.0
0.003236857900475557|1.0
0.003249643174488455|1.0
0.003220761671681673|1.0
0.0031926332192989794|1.0
0.0031589357961294274|1.0
0.0030365758942261277|1.0
0.0030925173494031973|1.0
0.0030009447723339513|1.0
0.0031265299183815187|1.0
0.0031411364147811566|1.0
0.003066717790617075|1.0
0.00301344957051238|1.0
0.00307878595113385|1.0
0.003039495894654219|1.0
0.003024906520787398|1.0
0.002918448834418545|1.0
0.0028175878202045326|1.0
0.0028262137735646795|1.0
0.0029545856317109496|1.0
0.003147766113014217|1.0
0.0032075191577058708|1.0
0.0032079907208341285|1.0
0.0033201466903691446|1.0
0.0033547473031549577|1.0
0.0033148774538145445|1.0
0.003354840338432917|1.0
0.0033220528082092827|1.0
0.0033761008732192035|1.0
0.003442303383713836|1.0
0.003433981294154948|1.0
0.0034295022593622115|1.0
0.003421725022863725|1.0
0.003263367899537205|1.0
0.0032136984885408116|1.0
0.003291877527364737|1.0
0.003333135244684625|1.0
0.0033435101478699845|1.0
0.0033916679064578056|1.0
0.00344225807923641|1.0
0.0032902458140066427|1.0
0.0033316166827747377|1.0
0.0032471602681610535|1.0
0.003215192474870686|1.0
0.003139707582437362|1.0
0.003244683189028318|1.0
0.003242257899459249|1.0
0.0031856154351058786|1.0
0.003180377762891071|1.0
0.0032134782043429814|1.0
0.003103379808762628|1.0
0.0031100182359932687|1.0
0.0033067773543110036|1.0
0.003347567309586007|1.0
0.0033125433922979214|1.0
0.003245597555468923|1.0
0.0032228152968750974|1.0
0.0033072769733326524|1.0
0.003305074075354075|1.0
0.0033289772304858343|1.0
0.0034043739628486056|1.0
0.0033737752271299094|1.0
0.0033524435892598784|1.0
0.003297112976093617|1.0
0.0032925162197856104|1.0
0.0033729339361852624|1.0
0.0033359825423679855|1.0
0.0032831426346286653|1.0
0.0033478521441734077|1.0
0.00338047043410376|1.0
0.0033136521130790837|1.0
0.003303380459119374|1.0
0.003289788301076148|1.0
0.00329283718045809|1.0
0.0032655168086321647|1.0
0.0032548370622521184|1.0
0.003218513872992206|1.0
0.00318151320707305|1.0
0.0031937967884276717|1.0
0.0032425525285488086|1.0
0.003343171213008409|1.0
0.003281887313219225|1.0
0.0032263216918586987|1.0
0.0032521467002119856|1.0
0.0033384477720411593|1.0
0.0033391789675240023|1.0
0.0033075907890780286|1.0
0.003306085483977986|1.0
0.003284023928380001|1.0
0.0032847715808550742|1.0
0.0032460781825941047|1.0
0.0031747964215321357|1.0
0.003107378041942555|1.0
0.0030726255861761196|1.0
0.003107289846689602|1.0
0.0031840591718939547|1.0
0.0032270153762002122|1.0
0.0031976022937639055|1.0
0.003197013590659402|1.0
0.0031650316501833217|1.0
0.003232997142500602|1.0
0.0032770958174796402|1.0
0.002960655953706862|1.0
0.00284116292822433|1.0
0.0028751075646950485|1.0
0.0031397314693877004|1.0
0.0032546249672700213|1.0
0.0032766581283856884|1.0
0.003251897575411076|1.0
0.0032439953941862843|1.0
0.003270217405407392|1.0
0.0032927827952808704|1.0
0.003266913618756233|1.0
0.003228811135365437|1.0
0.003293962225204437|1.0
0.003209439534357697|1.0
0.0032105541724355667|1.0
0.003272651268227608|1.0
0.003389426213866048|1.0
0.003384859365505687|1.0
0.003289216281965496|1.0
0.0033500178474320237|1.0
0.003361115023876154|1.0
0.0033058946196526068|1.0
0.0031926657364181547|1.0
0.0031679204916862267|1.0
0.0031533616893171575|1.0
0.0031377030450080875|1.0
0.003284703530652163|1.0
0.0033871863607018585|1.0
0.0033757023932083317|1.0
0.003370584881620732|1.0
0.0033335918393607848|1.0
0.0032788808366710485|1.0
0.0033128627257792112|1.0
0.003346451322485438|1.0
0.003328533838085099|1.0
0.0033399632084450104|1.0
0.003294299532756636|1.0
0.0032349915520189965|1.0
0.0032016285827506465|1.0
0.0031958104108784097|1.0
0.0031224515344691534|1.0
0.0030362841104395926|1.0
0.0030924616236156256|1.0
0.0031796014090694534|1.0
0.0031411392541167192|1.0
