PredictedProbability|PredictedLabel
0.00713396731700664|1.0
0.0042251218448509115|1.0
0.0042251218448509115|1.0
0.004281537893502661|1.0
0.0039315673889570085|1.0
0.00321585001609021|1.0
0.003193327840894915|1.0
0.003065036073585858|1.0
0.003316636599647526|1.0
0.003874824651966409|1.0
0.003412820778898697|1.0
0.003121345415022057|1.0
0.002830362581205107|1.0
0.0025619506895201466|1.0
0.003752274353267682|1.0
0.004330921744658027|1.0
0.004668468792213316|1.0
0.004176376275972183|1.0
0.003083216125231521|1.0
0.0034517660956263746|1.0
0.003910505497195404|1.0
0.005385831393867292|1.0
0.005134698578789742|1.0
0.0052254612211231595|1.0
0.005490078461849917|1.0
0.006568066776205684|1.0
0.0070569650950476496|1.0
0.006751423068034012|1.0
0.006911966900552533|1.0
0.006722069059294562|1.0
0.00705359468188886|1.0
0.007304407215101644|1.0
0.008939819571052648|1.0
0.00872393726993684|1.0
0.0074349586076007165|1.0
0.008202480395173628|1.0
0.00781367869743714|1.0
0.007753473477181993|1.0
0.007947778510183362|1.0
0.0060972435451809035|1.0
0.006705495998065866|1.0
0.006572213982543938|1.0
0.00670869361481397|1.0
0.006122598273611364|1.0
0.008549935115779408|1.0
0.007760902273742803|1.0
0.007707084548077395|1.0
0.007686049810281626|1.0
0.006159811628771665|1.0
0.007910667634915507|1.0
0.010647034973737115|1.0
0.00993835962239015|1.0
0.010352344605321692|1.0
0.010520740617483476|1.0
0.008950718825115354|1.0
