PredictedProbability|PredictedLabel
0.006064430605685279|1.0
0.004863371638626189|1.0
0.004244509389870099|1.0
0.006139823635972482|1.0
0.006479668726978648|1.0
0.006847744579772867|1.0
0.0059879192069614996|1.0
0.005479881323533441|1.0
0.005306725405489234|1.0
0.005151101360282646|1.0
0.005111915551431927|1.0
0.00505392277935099|1.0
0.005495693266465111|1.0
0.004978416182547696|1.0
0.004662019991157681|1.0
0.005074622093103848|1.0
0.00469258406216393|1.0
0.005738189063754522|1.0
0.004829662999080936|1.0
0.004009783723544879|1.0
0.003959991091546367|1.0
0.004443207653618502|1.0
0.003991924972546073|1.0
0.004169080934360298|1.0
0.0044545492214720294|1.0
0.003887431870225519|1.0
0.004429759754902407|1.0
0.0047991482592027275|1.0
0.004127100157320915|1.0
0.004050319407963537|1.0
0.005369199469207983|1.0
0.007742541657734257|1.0
0.007209449709007633|1.0
0.0067302246833792065|1.0
0.006614880168036501|1.0
0.0076930430052232724|1.0
