PredictedProbability|PredictedLabel
0.007108481761419933|1.0
0.006375855576181046|1.0
0.012679323258288475|1.0
0.00979853581282348|1.0
0.008316145766540946|1.0
0.007712209145690317|1.0
0.007859096604737242|1.0
0.007336008761214166|1.0
0.004967730580578903|1.0
0.0038361695397034963|1.0
0.003881103873365177|1.0
0.003641756800995692|1.0
0.005242192566135888|1.0
0.006757678331851825|1.0
0.0054326085323584605|1.0
0.005912827896510221|1.0
0.00859657119314928|1.0
0.008045821483890376|1.0
0.009147281618916337|1.0
0.007989497052475118|1.0
0.008366689695799128|1.0
0.0076785231109934605|1.0
0.007396681460717076|1.0
0.0076622291251915095|1.0
0.006667107740958983|1.0
0.0062799586761169476|1.0
0.0064221946213527895|1.0
0.006823957894536068|1.0
0.0056451629557068205|1.0
0.0050146589933209584|1.0
0.005831636026842656|1.0
0.004785098327965863|1.0
0.005714299291981015|1.0
0.005881801094605679|1.0
0.007183494977940625|1.0
0.009944610964710552|1.0
0.010228930316745695|1.0
0.008302156309758921|1.0
0.011140531099860025|1.0
0.010141451929580833|1.0
0.007914231381267131|1.0
0.008826857856010846|1.0
