PredictedProbability|PredictedLabel
0.003584530567654479|1.0
0.003322749544343533|1.0
0.0035258880799999737|1.0
0.0034247787651873205|1.0
0.0031781885931795374|1.0
0.003464050894845869|1.0
0.005634318281741353|1.0
0.0045024090908354335|1.0
0.004893819755346407|1.0
0.003929159770098486|1.0
0.00419050912887004|1.0
0.00413078831381129|1.0
0.004287810546827836|1.0
0.0037936433950261327|1.0
0.003665770433774446|1.0
0.004776237406928269|1.0
0.005534267654594424|1.0
0.006026729475409252|1.0
0.003661947306235478|1.0
0.004139249333312418|1.0
0.004719065420548623|1.0
0.004811971609181659|1.0
0.00507709154819576|1.0
0.003992754812832449|1.0
0.004261715250678421|1.0
0.004499355972712058|1.0
0.004821765637518757|1.0
0.004793381299758083|1.0
0.005297335724345065|1.0
0.003833165510664202|1.0
0.004472930732081033|1.0
0.004924111520790282|1.0
0.004447193685999667|1.0
0.004645679951851366|1.0
0.004707841292366666|1.0
0.005075723016728591|1.0
0.004187248827633123|1.0
0.004250027244849563|1.0
0.003969141695089138|1.0
0.0035354112077052306|1.0
0.003911279303868342|1.0
0.004813819164876608|1.0
0.005249257897198365|1.0
0.0051080681849581255|1.0
0.005972515897591286|1.0
0.006462397755929979|1.0
0.006010966539685338|1.0
