PredictedProbability|PredictedLabel
0.0038400438102007706|1.0
0.007887123547322177|1.0
0.009662239037516226|1.0
0.011693457006194213|1.0
0.013481875854338184|1.0
0.0134622497688718|1.0
0.0033205499905347214|1.0
0.0018908634325262336|1.0
0.0019037718250460205|1.0
0.0018890996209192914|1.0
0.0018497613923105013|1.0
0.0019057758538888311|1.0
0.0019766715264996713|1.0
0.001969523987052867|1.0
0.0019703988952819835|1.0
0.0019475554433584664|1.0
0.001981420466879404|1.0
0.0017847034334945106|1.0
0.00173844501598598|1.0
0.0017609525618145923|1.0
0.0018828476718926153|1.0
0.0018739549231062064|1.0
0.0018739549231062064|1.0
0.001888753365126236|1.0
0.0017238735848436172|1.0
0.001667839777167602|1.0
0.001674034999392727|1.0
0.0018976141311277607|1.0
0.0018682028307550633|1.0
0.0018761558249583382|1.0
0.0018606822782890786|1.0
0.0018444563876483158|1.0
0.001878073416524848|1.0
0.0018876748666722398|1.0
0.0033313419019435175|1.0
0.008678517407192877|1.0
0.008934428007345958|1.0
0.009325264012489015|1.0
0.009637481076579186|1.0
0.00921635857268539|1.0
