PredictedProbability|PredictedLabel
0.003728580663943494|1.0
0.0035122508689150026|1.0
0.00367662209918436|1.0
0.0036883118893232883|1.0
0.0038737310757825296|1.0
0.0040532551867715665|1.0
0.0038037291960466902|1.0
0.003591807648172059|1.0
0.003833904491114181|1.0
0.0039773830102702926|1.0
0.0040221392204559695|1.0
0.004127806184475441|1.0
0.0037210386216596416|1.0
0.0034315564284979018|1.0
0.003635580836086894|1.0
0.0038883678893043803|1.0
0.0038885822996954926|1.0
0.0036818369862813877|1.0
0.0033602340228995353|1.0
0.0032214077457294664|1.0
0.0033838876568091742|1.0
0.003988396101341694|1.0
0.004053074228494571|1.0
0.0037102323757636263|1.0
0.0037868909904485246|1.0
0.0034564435298758507|1.0
0.0034492880486657663|1.0
0.003407280672405237|1.0
0.0035122740078052323|1.0
0.003822997117582251|1.0
0.003892410188344149|1.0
0.0037295111481766086|1.0
0.003708063595242597|1.0
0.0037090151057987235|1.0
0.0031982925803699506|1.0
0.0034978113523569925|1.0
0.0036484867558698735|1.0
0.0034715147000354404|1.0
0.003601818184599304|1.0
0.0032750983343734935|1.0
0.003578390484707437|1.0
0.0032469267647983286|1.0
