PredictedProbability|PredictedLabel
0.007350787937094258|1.0
0.006534631578319113|1.0
0.0074540116136612294|1.0
0.0075648548497675|1.0
0.00827328032489665|1.0
0.007488146380177688|1.0
0.007258968212744088|1.0
0.006879069948983333|1.0
0.0064366257858143325|1.0
0.006463423012129278|1.0
0.005451962083731762|1.0
0.0049852317174138554|1.0
0.00547998549702385|1.0
0.006412153693098701|1.0
0.007142614117952748|1.0
0.008052482870293622|1.0
0.008452860855453154|1.0
0.008801612498653577|1.0
0.008769215047104633|1.0
0.008398400563768536|1.0
0.007911670956301785|1.0
0.007911670956301785|1.0
0.008888732947478419|1.0
0.008598597718036734|1.0
0.008190387481353135|1.0
0.008174599318434539|1.0
0.00780242791375681|1.0
