PredictedProbability|PredictedLabel
0.004160318260777596|1.0
0.0034861384006463904|1.0
0.0037066586060751873|1.0
0.0035102706909706043|1.0
0.0035836672769089103|1.0
0.002571771626292248|1.0
0.0023277174570296355|1.0
0.0022508922961345544|1.0
0.0022879942883697276|1.0
0.0021915311581477298|1.0
0.0022045700994473573|1.0
0.0022026278691329023|1.0
0.0025131685050982567|1.0
0.002054683041531133|1.0
0.00234445005719125|1.0
0.0023750047460924834|1.0
0.0022445542521570853|1.0
0.0022766409399944594|1.0
0.0020829757148538037|1.0
0.002335336368119602|1.0
0.0022852327708280293|1.0
