PredictedProbability|PredictedLabel
0.0020744874217050826|1.0
0.002202068320973756|1.0
0.002034830224364126|1.0
0.0019689334103553027|1.0
0.0020221534202338578|1.0
0.0020908454034139477|1.0
0.0020997809975574406|1.0
0.002089920243341198|1.0
0.002150511802565505|1.0
0.0021175706041712265|1.0
0.0021081317929431396|1.0
0.0020614722218514417|1.0
0.0020155312147287687|1.0
0.002042554736307029|1.0
0.002032941261127325|1.0
0.0020447199307689393|1.0
0.002067453871360907|1.0
0.002139337751053085|1.0
0.0021338201916311617|1.0
0.0020886619929475067|1.0
