PredictedProbability|PredictedLabel
0.004723430582251089|1.0
0.0018219821129303313|1.0
0.0012997838062991146|1.0
0.0014558083202622961|1.0
0.001530067022770703|1.0
0.001990988630815497|1.0
0.0027268704774220396|1.0
0.0036498937023211886|1.0
0.0032470933145121884|1.0
0.003234360951604907|1.0
0.002284712222396264|1.0
0.002590489654756919|1.0
0.002883379187079542|1.0
0.002876592630178046|1.0
0.002593391809157001|1.0
0.0028032947198078357|1.0
0.0030834976126452446|1.0
0.004074171312749285|1.0
0.0035165963312209143|1.0
0.0031722868276284353|1.0
0.0020738846598064463|1.0
0.0017985892206322483|1.0
0.002101856829743796|1.0
0.002732057787344089|1.0
0.0028860554422018405|1.0
0.0029729741457856606|1.0
0.003111142911703246|1.0
0.00333554600042066|1.0
0.003517797812567589|1.0
0.003489811985106575|1.0
0.003244256017904258|1.0
0.0032461535822110132|1.0
0.0034001139788799968|1.0
0.0030751086728363244|1.0
0.0031192776667314788|1.0
0.0033849510249343837|1.0
0.0030578445708998266|1.0
0.003037486165878368|1.0
0.00302892253007482|1.0
0.003991147593112945|1.0
0.005354311051500972|1.0
0.004311133358533441|1.0
0.004705034783945037|1.0
0.004653640110012|1.0
0.003648748434068073|1.0
0.004552741102429809|1.0
0.004705400571594934|1.0
0.004828175962578732|1.0
0.004610741384130981|1.0
