PredictedProbability|PredictedLabel
0.0028368330826873144|1.0
0.0028860831791720524|1.0
0.0028793040241622183|1.0
0.002851213486822704|1.0
0.0028325646534227977|1.0
0.0027390079875472917|1.0
0.002587199763492397|1.0
0.002567397624145169|1.0
0.002578471663991388|1.0
0.0025676128670724494|1.0
0.0025616797490418987|1.0
0.002549573112843748|1.0
0.0025336813933032184|1.0
0.0024737493835088726|1.0
0.0024816402296266617|1.0
0.0025058284818952636|1.0
0.00251581092438424|1.0
0.002504314255914146|1.0
0.002534279772013962|1.0
0.0025348181003401853|1.0
0.0025508444520095292|1.0
0.0025640630785627237|1.0
0.002529333223147937|1.0
0.0025069403168563667|1.0
0.0024995195981906003|1.0
0.0024606078172072303|1.0
0.002465086175562257|1.0
0.0024740208689194303|1.0
0.0024693972324745937|1.0
0.0024898853645715|1.0
0.002535159402613934|1.0
0.0025213383801463017|1.0
0.0025369810572350307|1.0
0.0025309702367423237|1.0
0.0025472122396440894|1.0
0.002474353286764828|1.0
0.002474353286764828|1.0
0.0025009343816054324|1.0
0.00253576398459224|1.0
0.0025297444298759512|1.0
0.0024843630071544327|1.0
0.0024980647649782105|1.0
0.0024964017184265757|1.0
0.002491414253626747|1.0
0.0024269814840588043|1.0
0.0024401595198880847|1.0
0.002451522297920924|1.0
0.002503400640288921|1.0
0.002459090285656894|1.0
0.0024399108544359894|1.0
0.002448767014249258|1.0
0.002448064810411503|1.0
0.002415365337990814|1.0
0.0023913800144983958|1.0
