PredictedProbability|PredictedLabel
0.0035012296099719326|1.0
0.0040813033419650055|1.0
0.0047953611921364835|1.0
0.005244947623323526|1.0
0.005229345654772843|1.0
0.005050110421029186|1.0
0.005099068794330491|1.0
0.005433686288606163|1.0
0.005035366067633002|1.0
0.0052411988198406215|1.0
0.004743018469463398|1.0
0.004777873134975383|1.0
0.004715368190108435|1.0
0.005257591423076194|1.0
0.004936488646606939|1.0
0.004581703645459323|1.0
0.004382119311472287|1.0
0.004564457079248767|1.0
0.004623586373745481|1.0
0.004556906616407643|1.0
0.004528863648003603|1.0
0.004448658330778509|1.0
0.004949093982628537|1.0
0.00497489752079786|1.0
0.004646693659229562|1.0
0.004702843249770922|1.0
0.004629863468095586|1.0
0.00435193975937662|1.0
0.004269340697738018|1.0
0.004148181872686279|1.0
0.0041842306692649696|1.0
0.00426526709215689|1.0
0.004314176687359809|1.0
0.004700376694248619|1.0
0.004740086097335217|1.0
0.004532436110475918|1.0
0.0046324449305374|1.0
0.004240462238887032|1.0
0.005102619422093361|1.0
0.005271296968049794|1.0
0.005563179479581361|1.0
0.005158206537865203|1.0
0.005124145791947417|1.0
