PredictedProbability|PredictedLabel
0.0041243809461764995|1.0
0.0021447895646230634|1.0
0.0021693547222208817|1.0
0.002079720283052706|1.0
0.001993586531700645|1.0
0.002036343359129206|1.0
0.0022340327231330542|1.0
0.003357268230795485|1.0
0.0041062059682570205|1.0
0.004683830477061803|1.0
0.004585592231997154|1.0
0.0039898016331074895|1.0
0.004428348778671853|1.0
0.0050177060902783415|1.0
0.00511755036898713|1.0
0.005674713503489583|1.0
0.00680172984054592|1.0
0.006981824206092354|1.0
0.006965927967602346|1.0
0.006747387993236964|1.0
0.006703295825565471|1.0
0.006340369224714839|1.0
0.0062391412359519595|1.0
0.005857152556077593|1.0
0.005504579001744008|1.0
0.006001577244147395|1.0
0.006283696722527285|1.0
0.006316585011929275|1.0
0.0063773549085062164|1.0
0.0059244293751222615|1.0
0.006541101731430766|1.0
0.006907047357232998|1.0
0.006850834546319222|1.0
0.006708659079951256|1.0
0.0067571178393765995|1.0
0.006573647475173623|1.0
0.0064818393810716956|1.0
0.006464074328607707|1.0
0.007194711112734416|1.0
0.006433747495391295|1.0
0.006374634556852305|1.0
0.004973922139535088|1.0
0.005650768843329963|1.0
0.005276038649816948|1.0
0.005070028966571438|1.0
0.0055582662432090875|1.0
0.00583032759630096|1.0
0.005515437644782674|1.0
0.005430062278930236|1.0
0.005293211191044313|1.0
0.005740271137709373|1.0
0.006662317000242859|1.0
0.006964395041273976|1.0
0.00709996879190266|1.0
0.0071090897072016365|1.0
0.006061445082450636|1.0
0.0032672202610290954|1.0
0.003386933928174174|1.0
0.004266135236319287|1.0
0.004429534464124|1.0
0.003979876358166225|1.0
0.003844652504403637|1.0
0.003771892121920301|1.0
0.0036229053093958146|1.0
0.00363024357707985|1.0
0.0037316708470620788|1.0
0.0038041396069357523|1.0
0.003974150205930493|1.0
0.003780948961661082|1.0
0.0036301881566071187|1.0
