PredictedProbability|PredictedLabel
0.0076180413439484035|1.0
0.007052244790103975|1.0
0.008118963117621208|1.0
0.008248564431237433|1.0
0.009869030309906303|1.0
0.007741954297116237|1.0
0.009282433445012176|1.0
0.010587097095823436|1.0
0.00978564133363233|1.0
0.00992906376988156|1.0
0.00815016013545543|1.0
0.007495169655916776|1.0
0.007394227641326661|1.0
0.007368505595258708|1.0
0.006148232075357859|1.0
0.005413615018479191|1.0
0.0044305325895000695|1.0
0.003896664228904455|1.0
0.004251734330638427|1.0
0.005723532816058226|1.0
0.004828138893893977|1.0
0.0038837880779263863|1.0
0.004386018218982029|1.0
0.006097227758298239|1.0
0.006685334561377833|1.0
0.0070208860225206135|1.0
0.006677079868094146|1.0
