PredictedProbability|PredictedLabel
0.0035781347063339537|1.0
0.004078038525966544|1.0
0.004416086323943054|1.0
0.005381682945745924|1.0
0.00456019282251564|1.0
0.004071166880164826|1.0
0.0033371590748767065|1.0
0.002975838739698536|1.0
0.004496256292764662|1.0
0.004756896080671142|1.0
0.004451701566719498|1.0
0.003605280884735898|1.0
0.003202551067669151|1.0
0.0029610687953160156|1.0
0.0031358730740870355|1.0
0.003286119206726413|1.0
0.003591470336033545|1.0
0.004081833055832694|1.0
0.004327482994537185|1.0
0.0037499548802414633|1.0
0.0031668081825445373|1.0
0.002751508625999276|1.0
0.0027000582919630345|1.0
0.003381499496069845|1.0
0.003025548347587542|1.0
0.0025964319390133694|1.0
0.0021454570172467122|1.0
0.0026368743189656625|1.0
0.002428425739779606|1.0
0.0027822363110165576|1.0
0.0031848147058147445|1.0
