PredictedProbability|PredictedLabel
0.002861472321649612|1.0
0.0030064173756645172|1.0
0.0022955140714829066|1.0
0.002725748860109162|1.0
0.0028229852225910793|1.0
0.002826609694108452|1.0
0.002634781421751673|1.0
0.0023903427627626865|1.0
0.0023463436571372854|1.0
0.002498789975724927|1.0
0.002263013209897789|1.0
0.002110216511198266|1.0
0.0019637563140031517|1.0
0.0021303703712552925|1.0
0.0019860060988132577|1.0
0.0022228546369039864|1.0
0.0024953472705936883|1.0
0.002293921572081698|1.0
0.0022233156365241407|1.0
0.0024238428010494107|1.0
0.0021321896627875415|1.0
0.002462014793522376|1.0
