PredictedProbability|PredictedLabel
0.004555196213340199|1.0
0.007838333944398992|1.0
0.007229449961786449|1.0
0.006080899594644535|1.0
0.0026451439273788516|1.0
0.0031918617194460533|1.0
0.0036511719467872215|1.0
0.003142043345129769|1.0
0.0045348065796783086|1.0
0.004414209054409012|1.0
0.003560769093708913|1.0
0.0037242872639759277|1.0
0.004531345274186035|1.0
0.004961309177178321|1.0
0.004987525199780361|1.0
0.004955340435255959|1.0
0.0037368923795941924|1.0
0.00362893242927176|1.0
0.0036652947583905933|1.0
0.0035512985337067225|1.0
0.003583354220173125|1.0
0.0036482477623358705|1.0
0.002877253903321423|1.0
0.0027756975167831694|1.0
0.0027722807972824994|1.0
0.0027745977492799083|1.0
0.002775468682273066|1.0
0.00277220809568497|1.0
0.0027717221974944114|1.0
0.0027711685861431324|1.0
0.0027717502766005596|1.0
0.002774703451241978|1.0
0.0027763546404165657|1.0
0.002776414081245062|1.0
0.002775821564790859|1.0
0.0027763689755485772|1.0
