PredictedProbability|PredictedLabel
0.001948736327339356|1.0
0.0020255352648276517|1.0
0.0019098153181030739|1.0
0.0019306294688516737|1.0
0.00212765779371291|1.0
0.0022753976424818526|1.0
0.002259633977846983|1.0
0.001971736495636647|1.0
0.0021529724077367835|1.0
0.0021265775280185305|1.0
0.0022605622025316362|1.0
0.002412418018580133|1.0
0.0021510477316893043|1.0
0.0020682825345426387|1.0
0.0019967726215066243|1.0
0.002172104343561339|1.0
0.0022641929532991|1.0
0.002042181840412357|1.0
0.0021225813762935693|1.0
0.0021604108730391555|1.0
0.0020880941384239433|1.0
0.0020261465114950745|1.0
0.0021342692807942154|1.0
