PredictedProbability|PredictedLabel
0.4167708156918973|0.0
0.4347643127725841|0.0
0.4771490258671591|0.0
0.4667836024200168|0.0
0.19451623963616377|0.0
0.2826526292414865|0.0
0.286814520549144|0.0
0.23800635360482664|0.0
0.40327093654329965|0.0
0.44388776616398457|0.0
0.4258706976034822|0.0
0.453694709986371|0.0
0.4160170888772171|0.0
0.42535515097594945|0.0
0.4256345528056148|0.0
0.417763791354563|0.0
0.46012407968863556|0.0
0.4694378000858623|0.0
0.4363011443870998|0.0
0.4578276972168036|0.0
0.3023746617495506|0.0
0.22225031082528843|0.0
0.2995765347927798|0.0
0.3401309929059373|0.0
0.48310679317301136|0.0
0.45881838648439055|0.0
0.47611365128946453|0.0
0.4653009109709091|0.0
