PredictedProbability|PredictedLabel
0.4462391191258596|0.0
0.5087770540539743|1.0
0.5420020580428079|1.0
0.48677040804121363|0.0
0.4432196002103921|0.0
0.3887228170565546|0.0
0.3400738915017196|0.0
0.3407151614180929|0.0
0.3668714195323814|0.0
0.3828161798197886|0.0
0.43861264680352463|0.0
0.43564547541647836|0.0
0.44686907426256195|0.0
0.40102456948759463|0.0
0.39985566287597607|0.0
0.380460628295563|0.0
0.4292264167364312|0.0
0.43384550091411506|0.0
0.42943218125533883|0.0
0.38509616300030103|0.0
0.3605297432189017|0.0
0.3564949374820339|0.0
0.38803075635876705|0.0
