PredictedProbability|PredictedLabel
0.46352050593692257|0.0
0.46952220137403233|0.0
0.47371527838579963|0.0
0.47148108546741496|0.0
0.46820029408910147|0.0
0.4664077495854689|0.0
0.45957076344800396|0.0
0.49334877683002565|0.0
0.4846477972239069|0.0
0.47170442882885616|0.0
0.4705462513020427|0.0
0.4729204009793795|0.0
0.4415572147114924|0.0
0.45866276850291776|0.0
0.4337645407559632|0.0
0.37213438447566133|0.0
0.4090127894677048|0.0
0.42983445722590047|0.0
0.4633100161446938|0.0
0.4328828489707852|0.0
0.44612958033196787|0.0
0.4570721562320739|0.0
0.45561091326604164|0.0
0.43942680449609345|0.0
0.449131012542501|0.0
0.45981729893545026|0.0
0.45689192763201175|0.0
0.449201397170215|0.0
0.4541214125776367|0.0
0.45932090943947074|0.0
0.4555513486453098|0.0
0.44142908082166216|0.0
0.45320260952389646|0.0
0.4647245205609213|0.0
0.4646762388223065|0.0
0.47799308124486406|0.0
