PredictedProbability|PredictedLabel
0.4753498237404029|0.0
0.47230210889222884|0.0
0.4754749995280869|0.0
0.4721068894608014|0.0
0.49892469830106256|0.0
0.48880056717310244|0.0
0.4876983679407274|0.0
0.48049323543887873|0.0
0.466535631954179|0.0
0.48989957223492475|0.0
0.49383595861145324|0.0
0.5000978263712847|1.0
0.4887665561251282|0.0
0.4874957798197578|0.0
0.4831688590431336|0.0
0.459695718584614|0.0
0.45137838003159303|0.0
0.44783364894414085|0.0
0.46342727460183275|0.0
0.44252989614714155|0.0
0.4587777715216841|0.0
0.4293243140105897|0.0
0.4282590552732438|0.0
0.4189594492516982|0.0
0.4315648068596264|0.0
0.42658372471054684|0.0
0.4466639762566746|0.0
0.46871967308914747|0.0
0.4850009373376801|0.0
0.4508640382007066|0.0
0.439982850566966|0.0
0.4364139323830034|0.0
0.43563660346728816|0.0
0.4417331731190397|0.0
0.45233302503227935|0.0
0.45454568610047424|0.0
0.45021470216072024|0.0
0.4532580270756117|0.0
0.46434841062092713|0.0
0.4625865298026371|0.0
0.48835651057224116|0.0
0.47260956702374507|0.0
0.4727260642831806|0.0
0.48197090045225505|0.0
0.46864887820613693|0.0
0.4463615785385615|0.0
0.4387497716274558|0.0
0.42618581395352817|0.0
0.43204687634975536|0.0
0.46880384412794623|0.0
0.4411558815810449|0.0
0.4535857525855244|0.0
0.4839547775145848|0.0
0.49725167349465416|0.0
