PredictedProbability|PredictedLabel
0.4547713583985578|0.0
0.43458388354040617|0.0
0.4094715697512343|0.0
0.4199325458141931|0.0
0.42428935047291816|0.0
0.4550647023700764|0.0
0.4602913138648867|0.0
0.47244392100890875|0.0
0.4750637889021428|0.0
0.4652781523445234|0.0
0.4690282409750497|0.0
0.4755353483634342|0.0
0.47339910185526385|0.0
0.4659494607794512|0.0
0.47088120596660354|0.0
0.47295622167983326|0.0
0.46324568190365795|0.0
0.4644950479454393|0.0
0.49133124166125036|0.0
0.48393358517468155|0.0
0.48765279640732656|0.0
0.481760815103801|0.0
0.4583899041926375|0.0
0.44221204506752515|0.0
0.44926802209693095|0.0
0.44332005755256104|0.0
0.4407522790990939|0.0
0.4233119451781999|0.0
0.42000252192519155|0.0
0.40742605669199794|0.0
0.39945749133817665|0.0
0.42890249925199886|0.0
0.40790964914370903|0.0
0.3667159403382858|0.0
0.4044859751397754|0.0
0.39670440936701573|0.0
0.44447456122533097|0.0
0.45676488171123475|0.0
0.45047082955178774|0.0
0.44124518353051223|0.0
0.4505588279783463|0.0
0.4601178779193191|0.0
0.48846042159390246|0.0
0.49383020288527846|0.0
0.4780009397578834|0.0
0.4535085952180252|0.0
0.44545853991527995|0.0
0.44006945994275254|0.0
0.43490608680393866|0.0
0.39955509925820865|0.0
0.4070258514734158|0.0
0.41050530037930666|0.0
0.4214813150684542|0.0
0.4293672573583434|0.0
0.4424706613571871|0.0
0.4329450534258265|0.0
