PredictedProbability|PredictedLabel
0.45722751128259304|0.0
0.46288284799999696|0.0
0.4557161614868559|0.0
0.4382563217832659|0.0
0.434936608178319|0.0
0.4239609398283991|0.0
0.42917184258444085|0.0
0.4360361890337068|0.0
0.43798036586150496|0.0
0.4486917451845832|0.0
0.4408569965379145|0.0
0.42119472498655763|0.0
0.38740480705186287|0.0
0.3958030335145621|0.0
0.4087429275690465|0.0
0.4174024438643962|0.0
0.44733527216641117|0.0
0.44232715974705267|0.0
0.47223563035303473|0.0
0.4687994760841646|0.0
0.4844987010418738|0.0
0.5023584156290469|1.0
0.48806765811996033|0.0
0.4527682324892507|0.0
0.4258526310377838|0.0
0.4210630037400148|0.0
0.4216476962648214|0.0
0.44247217725588117|0.0
0.45171043511724096|0.0
0.44912459810854033|0.0
0.4742205420586392|0.0
0.4495043807727947|0.0
0.4587390324412292|0.0
0.4384588179064648|0.0
0.4273721048174723|0.0
0.3943922796191414|0.0
0.36843229476696815|0.0
