PredictedProbability|PredictedLabel
0.44984533926861703|0.0
0.42513306443363796|0.0
0.4211416989607407|0.0
0.412300489988098|0.0
0.42579790883341595|0.0
0.4218503082407121|0.0
0.4247883311435636|0.0
0.3897712834647768|0.0
0.4134263352677026|0.0
0.43422092048764716|0.0
0.44818221788024687|0.0
0.46187959036216963|0.0
0.4311296561732387|0.0
0.41524887679766415|0.0
0.4464622402480628|0.0
0.4332075740365555|0.0
0.4612308927471291|0.0
0.47408730563318524|0.0
0.481842316265831|0.0
0.4618531735458142|0.0
0.43451372427977064|0.0
0.4280598053566625|0.0
0.4641990394945915|0.0
0.4379265449452451|0.0
0.44242447493893305|0.0
0.4316421132232656|0.0
0.41472234416283055|0.0
0.3956108141343735|0.0
0.38822195754548044|0.0
0.36818276390438315|0.0
0.3758398192831676|0.0
0.3605063678926687|0.0
0.3644855891231363|0.0
0.3567443414709283|0.0
0.3657477687479794|0.0
0.3674238094450991|0.0
0.3502428692691304|0.0
0.3474480466812921|0.0
0.3638468319699656|0.0
0.4006984511339048|0.0
