PredictedProbability|PredictedLabel
0.4857370841538416|0.0
0.5191940329170176|1.0
0.541865837524167|1.0
0.5609983765623252|1.0
0.5328522441641189|1.0
0.52954550560516|1.0
0.5081266193723362|1.0
0.5285532468571842|1.0
0.5613724807082219|1.0
0.5431775103532059|1.0
0.5341521228027076|1.0
0.4822142448231849|0.0
0.4607268847084365|0.0
0.47616269650214316|0.0
0.4708137942866421|0.0
0.49426564537439704|0.0
0.4854250219875445|0.0
0.4987967179160767|0.0
0.5101389449728655|1.0
0.5110650464924473|1.0
0.48388264203620784|0.0
0.4661220717385365|0.0
