PredictedProbability|PredictedLabel
0.4649244444815709|0.0
0.4419424809182127|0.0
0.4433067902767975|0.0
0.4311033389615193|0.0
0.43291213668073636|0.0
0.4280288730216971|0.0
0.47178697724365654|0.0
0.4607959532105246|0.0
0.4669119420602294|0.0
0.44038208566257253|0.0
0.47530485400656997|0.0
0.4471473494015259|0.0
0.4495257352622512|0.0
0.4501886600561837|0.0
0.4921137320677456|0.0
0.4787984685387622|0.0
0.4615722670972918|0.0
0.4444311744884746|0.0
0.43245199351250635|0.0
0.418004674235995|0.0
0.248097050283623|0.0
0.28826034246919896|0.0
0.42189886218211176|0.0
0.4279877381178647|0.0
0.43949052973518804|0.0
0.48410429909977637|0.0
0.4892403142233503|0.0
0.48600245214812016|0.0
0.49574454591691663|0.0
0.467080472905231|0.0
0.4542634688709502|0.0
0.4385449865003256|0.0
0.4471061244906054|0.0
0.46099070371968015|0.0
0.43750653275122825|0.0
0.46890180332418496|0.0
0.473938589065328|0.0
0.4635870574950106|0.0
0.4758695765127629|0.0
