PredictedProbability|PredictedLabel
0.4868784579588832|0.0
0.48187972388102734|0.0
0.48150870643734517|0.0
0.5193326134144336|1.0
0.5521400442807575|1.0
0.552506561569508|1.0
0.5923872221097014|1.0
0.5757301011611083|1.0
0.5713753460845432|1.0
0.575983643605092|1.0
0.5799342298524194|1.0
0.5642621645996054|1.0
0.5332552700670058|1.0
0.5391755991825347|1.0
0.5108800095639418|1.0
0.5167910586850607|1.0
0.5368554998621505|1.0
0.5279357868568451|1.0
0.5008170188119825|1.0
0.49532269702044585|0.0
0.5249006101665717|1.0
0.5341442711784863|1.0
0.49966996096910055|0.0
0.4896149360556938|0.0
0.46178113776497964|0.0
0.4703050137939632|0.0
0.49325965325297705|0.0
0.47649562334598683|0.0
0.49172103641319653|0.0
0.48413929641023007|0.0
0.4664413378616573|0.0
0.4556746404470006|0.0
0.443032338431139|0.0
0.4647406003057593|0.0
0.4954036272561427|0.0
0.48015161059013617|0.0
0.47056416713787813|0.0
0.4799344710280584|0.0
0.48093550275100744|0.0
0.4704958745728608|0.0
0.4646256783639434|0.0
0.4471231761005585|0.0
0.4503869483709658|0.0
0.47938469837582504|0.0
0.48486145318190005|0.0
0.451107021253724|0.0
0.4509660485838683|0.0
