PredictedProbability|PredictedLabel
0.47885670947065484|0.0
0.48363317079868207|0.0
0.4875443541178991|0.0
0.49172548179314013|0.0
0.4692295277065939|0.0
0.4607710855202697|0.0
0.4594739889163857|0.0
0.46856672744884265|0.0
0.4813215443621918|0.0
0.469976213618964|0.0
0.4578287618381238|0.0
0.4419202452822433|0.0
0.4365383194742526|0.0
0.4475024271492675|0.0
0.4652603076664153|0.0
0.4550742884452178|0.0
0.44192124216397827|0.0
0.4606350866449591|0.0
0.45712876604887187|0.0
0.45072874347337355|0.0
0.4765358815542396|0.0
0.4881731598146303|0.0
0.4974554281491822|0.0
0.5021282998507263|1.0
0.4556450080054489|0.0
0.47413532797919583|0.0
0.43700046571458895|0.0
0.457865502067023|0.0
0.4685644325405366|0.0
0.4695116494724056|0.0
0.49720524752650985|0.0
0.4800842156552864|0.0
0.5013749551748817|1.0
0.49164050614805477|0.0
0.5046615025772262|1.0
0.5112742947356843|1.0
0.508145833721936|1.0
0.5351348284621342|1.0
0.5340848816836613|1.0
