PredictedProbability|PredictedLabel
0.3227019044243248|0.0
0.3962089939732941|0.0
0.4335317460772423|0.0
0.24101824460026983|0.0
0.2779438802703778|0.0
0.306045666510139|0.0
0.3595155595775245|0.0
0.44683585132971876|0.0
0.44683585132971876|0.0
0.3532278841166578|0.0
0.41178104536102267|0.0
0.3169477678495625|0.0
0.28790225948318865|0.0
0.3945957141978998|0.0
0.44487830746965135|0.0
0.4529052794550267|0.0
0.37147368819402715|0.0
0.42066087095555105|0.0
0.43590812304674875|0.0
0.4410482614207873|0.0
0.38871920522516423|0.0
0.3633323023804512|0.0
0.42362685705974257|0.0
0.45140269668090527|0.0
0.3443716371516508|0.0
0.41074731876311865|0.0
0.43259649922453625|0.0
0.4440388991344633|0.0
0.3519595008034291|0.0
0.4140346916874806|0.0
0.419601354833351|0.0
0.4262521065743047|0.0
0.35626924700148527|0.0
0.41403106187723426|0.0
