PredictedProbability|PredictedLabel
0.5078915225759724|1.0
0.5473153770601576|1.0
0.5553001272493948|1.0
0.5699320675492484|1.0
0.5450162281371811|1.0
0.550450000625054|1.0
0.5408638125335701|1.0
0.5533550147857456|1.0
0.5470868585138888|1.0
0.5390506003066592|1.0
0.5380862738382312|1.0
0.5060522635512259|1.0
0.5175447761816013|1.0
0.4870990282875132|0.0
0.5431261127974063|1.0
0.5093630661491557|1.0
0.5133834654759046|1.0
0.5534436814031405|1.0
0.4961473872257814|0.0
0.4920488752144021|0.0
0.5220839678106444|1.0
0.49658662874135484|0.0
0.5390170672953166|1.0
0.5432701032559004|1.0
0.5180330191723275|1.0
0.4897845931902707|0.0
0.5199545564326742|1.0
0.5625833764583567|1.0
0.5534550769717412|1.0
0.5398137528691445|1.0
0.5643931473133639|1.0
0.5916686414456371|1.0
0.5594238491127058|1.0
0.5522367153676541|1.0
0.5543673592865782|1.0
0.5462414118499698|1.0
0.5191733705851621|1.0
0.5408638882488246|1.0
0.5385543728509128|1.0
0.5206674037634139|1.0
0.5566963391283803|1.0
0.5161346221571806|1.0
0.4983939017457094|0.0
0.5229433730830189|1.0
0.537666675521021|1.0
0.5717828430846245|1.0
0.5788549814739107|1.0
0.5410312546853117|1.0
0.5046068644146924|1.0
0.571190436822151|1.0
0.5493611165727994|1.0
0.5816884569291073|1.0
0.5522607572313389|1.0
0.4785374861868731|0.0
