PredictedProbability|PredictedLabel
0.4698065037965162|0.0
0.526296683024728|1.0
0.5252295938109476|1.0
0.5235119405313919|1.0
0.4911511243626807|0.0
0.4272979488892585|0.0
0.4095649742786841|0.0
0.4031320031944643|0.0
0.4138252201147242|0.0
0.4231590564623716|0.0
0.4226043844790237|0.0
0.4218774647316329|0.0
0.4443085709369279|0.0
0.4314806975877575|0.0
0.4353132351269383|0.0
0.42164081877024107|0.0
0.44139805207737576|0.0
0.4518729631489445|0.0
0.4548537843878413|0.0
0.45515984877898963|0.0
0.4477517283178655|0.0
0.4686553018375456|0.0
0.45626774782647944|0.0
0.46205798111200397|0.0
