PredictedProbability|PredictedLabel
0.4226462171050265|0.0
0.41167086085322674|0.0
0.38791888169549354|0.0
0.5009396216479324|1.0
0.2876349616964145|0.0
0.25623507477714025|0.0
0.24389197211006639|0.0
0.2593710213336922|0.0
0.3428594592213691|0.0
0.32040716159137617|0.0
0.3409438680099319|0.0
0.32230289134330753|0.0
0.3314571046511862|0.0
0.37883841699659765|0.0
0.43996646187377814|0.0
0.47714652588815765|0.0
0.4832680784243198|0.0
0.4488901933392115|0.0
0.41795134782173005|0.0
0.43379741906253105|0.0
0.44081764728328|0.0
0.46441349776524593|0.0
0.44760390392248345|0.0
0.45746597115024723|0.0
0.45001726220572624|0.0
0.4102445842163455|0.0
0.4130369912750073|0.0
0.41255390328836283|0.0
0.2625267328382832|0.0
0.2548500698232484|0.0
0.2717771686043634|0.0
0.2663744525519528|0.0
0.4375614532630731|0.0
0.4253241752004109|0.0
0.44678676598901057|0.0
0.4498709903118158|0.0
0.4436499418969898|0.0
