PredictedProbability|PredictedLabel
0.5174904387051699|1.0
0.4928890172881052|0.0
0.5064740862750047|1.0
0.7120045557146863|1.0
0.519615438048549|1.0
0.310158293298493|0.0
0.2504989210208891|0.0
0.8678493998986414|1.0
0.9172602385972259|1.0
0.8701229198661143|1.0
0.7689599854448982|1.0
0.816459869376913|1.0
0.8347101090505166|1.0
0.7781301634955601|1.0
0.7043128058045951|1.0
0.3915955554492083|0.0
0.3707170529045339|0.0
0.33705290113922404|0.0
0.3916148199857528|0.0
0.3081757045250983|0.0
0.4555107396355523|0.0
0.31473120423152423|0.0
0.36025745667059134|0.0
0.4740116879551321|0.0
0.48551066294085127|0.0
0.41388769662454816|0.0
0.49760393986163204|0.0
0.43711950831391483|0.0
0.3759609893694696|0.0
0.456326514472782|0.0
0.40888445536688206|0.0
0.49319360122751565|0.0
0.4280048864456136|0.0
0.4016021694513431|0.0
0.4534843625923931|0.0
0.8143873960297451|1.0
0.862001527950133|1.0
0.8352031353313739|1.0
0.8260786399352263|1.0
0.4817514874398948|0.0
0.47712620209534296|0.0
0.47547265517231047|0.0
0.47269140448164304|0.0
0.5021220535777842|1.0
0.5373838675463815|1.0
0.5427289438048057|1.0
0.5002541907480926|1.0
