PredictedProbability|PredictedLabel
0.5327260873495967|1.0
0.3289986151097357|0.0
0.3649220203361847|0.0
0.4024104240607637|0.0
0.41090658190689694|0.0
0.5125220714485668|1.0
0.4936421109658285|0.0
0.461272361120719|0.0
0.470931411973234|0.0
0.4571209376089412|0.0
0.4741901331650733|0.0
0.47020896147781105|0.0
0.45850413976596277|0.0
0.4633132930863988|0.0
0.46140607482454|0.0
0.4749997344495753|0.0
0.4652744994549729|0.0
0.4339361456376159|0.0
0.4649566670988817|0.0
0.46492660776880096|0.0
0.4470489597906779|0.0
0.4637661667617371|0.0
0.4923126104281614|0.0
0.484995951898587|0.0
0.4818288185027556|0.0
0.4791252364200587|0.0
0.47857044405703164|0.0
0.5056441299481474|1.0
0.4620293149165258|0.0
0.5093699795692995|1.0
0.5760470407297458|1.0
0.30087818253514875|0.0
0.3903469810004821|0.0
0.43191243196489176|0.0
0.539308991930095|1.0
0.6494148351999286|1.0
0.67988285154524|1.0
0.7794797828492327|1.0
0.7843746372779391|1.0
0.8392911120160704|1.0
0.8253762439075495|1.0
0.7913297942383524|1.0
0.7908709561966564|1.0
0.7410941910127219|1.0
0.7658060714800219|1.0
0.7385579200710197|1.0
0.7039773518524884|1.0
0.7121032791799444|1.0
