PredictedProbability|PredictedLabel
0.3973929829383477|0.0
0.4161922566300656|0.0
0.38439813502899595|0.0
0.17983613370422186|0.0
0.07084498882222204|0.0
0.26838159716466076|0.0
0.10595304730214335|0.0
0.18442912791920685|0.0
0.6062623223168797|1.0
0.538969521523013|1.0
0.5385816654847174|1.0
0.5039016624569941|1.0
0.5111093021689683|1.0
0.5143989111076656|1.0
0.5164045194100308|1.0
0.5346505104705719|1.0
0.5432087778201039|1.0
0.3924255500795459|0.0
0.3636390585133802|0.0
0.3878170323104923|0.0
0.3593453065457806|0.0
0.5148779595449345|1.0
0.4688577208049393|0.0
0.784038101989409|1.0
0.716919041870062|1.0
0.5991538411513876|1.0
0.6581529248192853|1.0
0.5108792764547191|1.0
0.48245039470519935|0.0
0.4606335682607425|0.0
0.451350278229857|0.0
0.4872308024907552|0.0
0.3985035425113396|0.0
0.370656271319409|0.0
0.3620864143941924|0.0
0.3192986286632179|0.0
0.4137253809479389|0.0
0.40776832397604107|0.0
0.3860037151649075|0.0
