PredictedProbability|PredictedLabel
0.4224401786388574|0.0
0.41459484780306294|0.0
0.3108611859676952|0.0
0.42958417107334274|0.0
0.46414179835315467|0.0
0.50067642264063|1.0
0.4313160051193066|0.0
0.41128906026598905|0.0
0.4059567235601479|0.0
0.40365131768755497|0.0
0.3999955567725399|0.0
0.40900931691817743|0.0
0.37981065581964424|0.0
0.4010616004910207|0.0
0.4080821162149469|0.0
0.37473310528085435|0.0
0.3615969135539764|0.0
0.37452599290334476|0.0
0.3711203453635492|0.0
0.34122595260411437|0.0
