PredictedProbability|PredictedLabel
0.4765832191007149|0.0
0.3129156543256897|0.0
0.30607432396631634|0.0
0.3618700329053594|0.0
0.39324937587447295|0.0
0.5516805256255611|1.0
0.609500272375702|1.0
0.49221894552350687|0.0
0.43043152232523507|0.0
0.37199789102042563|0.0
0.4276853969890919|0.0
0.44492387398316463|0.0
0.43185688639136993|0.0
0.4576889287726936|0.0
0.49779221705107257|0.0
0.5772477113461574|1.0
0.6287922236951751|1.0
0.6269425234534542|1.0
0.5470714584478881|1.0
0.4758113169259387|0.0
0.5602381605778911|1.0
0.53883532490746|1.0
