PredictedProbability|PredictedLabel
0.5606956411336821|1.0
0.5442924745126662|1.0
0.534707836265031|1.0
0.5499984714533009|1.0
0.5732374502747705|1.0
0.6115123896668271|1.0
0.619890122964937|1.0
0.648187405838411|1.0
0.6543284490870519|1.0
0.6479974121021197|1.0
0.6521794863957655|1.0
0.6446870007295509|1.0
0.6333304776429253|1.0
0.6335520138120098|1.0
0.6687380895044577|1.0
0.5814689864567057|1.0
0.597909724430201|1.0
0.5837662936951041|1.0
0.5617824840600412|1.0
0.6215628119906675|1.0
0.6228208048829085|1.0
0.6331033929382889|1.0
0.6356250249725507|1.0
0.6550184095086073|1.0
0.6506066155360862|1.0
0.6487312249397265|1.0
0.6282498590579042|1.0
0.6147931515806689|1.0
0.6387833399264156|1.0
0.6241971285775166|1.0
0.6697060233429646|1.0
0.6838373140251098|1.0
0.7026555394902791|1.0
0.7053543700142257|1.0
0.6887259520770154|1.0
0.647920206797973|1.0
0.6263827700477609|1.0
0.6172404116453558|1.0
0.593989354789744|1.0
0.6167771164368177|1.0
0.6238115713274278|1.0
0.6110400811793788|1.0
0.6313584968618401|1.0
0.5996928379492846|1.0
