PredictedProbability|PredictedLabel
0.429485441996135|0.0
0.44399012807825217|0.0
0.4391928304633845|0.0
0.45204483713122173|0.0
0.4543428240563093|0.0
0.4253394721891122|0.0
0.4127857473757065|0.0
0.3570582519981932|0.0
0.3375470012535497|0.0
0.3339574692730729|0.0
0.376996980090659|0.0
0.405693525049823|0.0
0.3863442948309346|0.0
0.3937277532276779|0.0
0.3819873120917069|0.0
0.40205948967116856|0.0
0.403347400972475|0.0
0.38397544532207845|0.0
0.4098211256528263|0.0
0.4172654055687506|0.0
0.4080301593601343|0.0
0.40929801174162517|0.0
0.41220034415290674|0.0
0.4139139728653718|0.0
0.4183206595877988|0.0
0.39448594754609684|0.0
0.3792850068818293|0.0
0.38502691666703925|0.0
0.3785054559881974|0.0
0.3760606874539204|0.0
0.3254076849220566|0.0
0.33655139252307276|0.0
0.3211900277170657|0.0
0.346198830182945|0.0
0.3754634944355|0.0
0.3966956832447336|0.0
0.40847538907409914|0.0
0.44961990093939|0.0
0.44518006329819476|0.0
0.46263828956886544|0.0
0.44205021538369826|0.0
0.42780239153341804|0.0
0.4396425796207071|0.0
