PredictedProbability|PredictedLabel
0.498776768196249|0.0
0.5282487378215369|1.0
0.5295288412078216|1.0
0.530045674276217|1.0
0.519336147088862|1.0
0.521703870119697|1.0
0.503560238228914|1.0
0.49754259309522475|0.0
0.48159018538176057|0.0
0.4816002907437721|0.0
0.46936395742533105|0.0
0.4712540333443611|0.0
0.49235332515781627|0.0
0.4963288502244958|0.0
0.5344447175903625|1.0
0.5531527621720254|1.0
0.5559983080849302|1.0
0.588435436038008|1.0
0.584118512078332|1.0
0.5971820498903837|1.0
0.584800604531969|1.0
0.5516814821644294|1.0
0.5394573863188372|1.0
0.5125956278460679|1.0
0.5022646581927609|1.0
0.4825011690474385|0.0
0.4808526760402261|0.0
0.4951556841850693|0.0
0.5024317871743822|1.0
0.5095070565134062|1.0
0.5114478010014827|1.0
0.5375730519157867|1.0
0.5427545962476691|1.0
0.5506880392046505|1.0
0.5562991401273176|1.0
0.49608351423455244|0.0
0.49988455673692134|0.0
0.48115293938486653|0.0
0.5097574834700742|1.0
0.5395400913819055|1.0
0.5047134260550643|1.0
0.5160513174538846|1.0
0.5009217220122256|1.0
