PredictedProbability|PredictedLabel
0.5080886790024826|1.0
0.47933175568597736|0.0
0.49327905059306804|0.0
0.4745736255599436|0.0
0.4369541974260936|0.0
0.46230422607205357|0.0
0.48026792356599957|0.0
0.5036727974945086|1.0
0.5102853002203223|1.0
0.48667782840429497|0.0
0.522964362286023|1.0
0.5336524832857227|1.0
0.542700949509205|1.0
0.5315349917486883|1.0
0.4823959124317415|0.0
0.5120353877969425|1.0
0.5374735154847136|1.0
0.5449749623969854|1.0
0.5646634007116713|1.0
0.5569293974969983|1.0
0.5330372599555476|1.0
0.5036046121234334|1.0
0.5109604918006148|1.0
0.5191667532385217|1.0
0.5263190381422745|1.0
0.5497162414230508|1.0
0.5469560162480432|1.0
0.5504164458682406|1.0
0.5381779327835549|1.0
0.5339919610412703|1.0
0.5163770883946635|1.0
0.5354836391820917|1.0
0.5452039130540053|1.0
0.5650017101716408|1.0
0.5372175015641639|1.0
0.5679181908193575|1.0
0.5890200521850558|1.0
0.6320103592862991|1.0
0.6352061096895704|1.0
0.5952910279119559|1.0
0.603920210498283|1.0
0.5908430915132941|1.0
0.5841729416678519|1.0
0.5806600286234728|1.0
0.5761463616863933|1.0
0.5531206635487862|1.0
0.5172713403005219|1.0
0.5155784183511338|1.0
0.5072224322338478|1.0
0.5250435317535103|1.0
0.5158628768815601|1.0
0.5020654040144944|1.0
0.5189500098917381|1.0
0.5451399449629751|1.0
0.5055001462960503|1.0
0.5012526559093091|1.0
