PredictedProbability|PredictedLabel
0.008748833203342719|1.0
0.005709721837963665|1.0
0.0024723285808584006|1.0
0.00395350185494091|1.0
0.005320415121463252|1.0
0.005799578535551151|1.0
0.005083999353243943|1.0
0.004156673272390791|1.0
0.00376679547686627|1.0
0.005418020266927467|1.0
0.004496630032351653|1.0
0.005407147574226502|1.0
0.0062044620127704505|1.0
0.007702547671895907|1.0
0.005779217799204761|1.0
0.005628414365549843|1.0
0.009215922774111377|1.0
0.008509544989631058|1.0
0.0075969254398933405|1.0
0.008028677212690363|1.0
0.006736153636116461|1.0
0.0070192305241761664|1.0
0.006359349494419344|1.0
0.008026189779152959|1.0
0.01034392586088045|1.0
0.011993327605959074|1.0
0.012185444311786807|1.0
0.013298905501638437|1.0
0.011626681871974583|1.0
0.009338406368850128|1.0
0.009530325648981154|1.0
0.013051530014493634|1.0
0.013580690862328108|1.0
0.012553243667241044|1.0
0.010713530992150194|1.0
0.011998527288777691|1.0
0.011534532473487966|1.0
0.010416646344947867|1.0
0.010074760983081852|1.0
0.009461826903892072|1.0
0.008736646828809124|1.0
0.00913034135267765|1.0
0.00845177378056823|1.0
0.008512045283551203|1.0
0.006329064888987072|1.0
0.007994389835495335|1.0
0.008346692304188911|1.0
0.00935110509895872|1.0
0.008516106622904163|1.0
0.009165653799090036|1.0
0.0069240846295867756|1.0
0.005736867074489499|1.0
0.005825851921442689|1.0
0.005253638479404175|1.0
0.008928032876090657|1.0
0.0066871030233344765|1.0
