PredictedProbability|PredictedLabel
0.00472726800311412|1.0
0.005127089065630392|1.0
0.006158604247770054|1.0
0.005685178229061099|1.0
0.0045339579946530335|1.0
0.0043802682581231015|1.0
0.005434638120637704|1.0
0.006228201023946266|1.0
0.006150262546660358|1.0
0.006082970433790898|1.0
0.005703388682428396|1.0
0.005759598125212881|1.0
0.005432663043828587|1.0
0.006303772066650409|1.0
0.005953772827899904|1.0
0.005404756253090543|1.0
0.006166906285914384|1.0
0.005752520722143442|1.0
0.006223672247936416|1.0
0.006346225701699238|1.0
0.005868925913677497|1.0
0.0061848135066471166|1.0
0.00599026365859553|1.0
0.005907581601012102|1.0
0.00603102481636013|1.0
0.00590440267604973|1.0
0.005688188871336592|1.0
0.005110631228280116|1.0
0.005580994456446368|1.0
0.005335214500742705|1.0
0.005394597614085604|1.0
0.005490687021964209|1.0
0.00443103362934756|1.0
0.004777606884515769|1.0
0.004985609850604098|1.0
0.00460250811028766|1.0
0.004513999098541614|1.0
0.004675928491585329|1.0
0.004363648802608706|1.0
0.004972175887390734|1.0
0.005456527443968526|1.0
0.005358438363475353|1.0
0.00533332516797264|1.0
0.005205751552601651|1.0
0.00539867602129071|1.0
0.004639383795781392|1.0
0.004803926717220433|1.0
0.004490329291517785|1.0
0.0045272979663566115|1.0
0.005316209292823591|1.0
0.005117814401155714|1.0
0.0047682657437380285|1.0
0.00494924422280862|1.0
0.005022456006916502|1.0
