PredictedProbability|PredictedLabel
0.010430737852708824|1.0
0.008423223240419393|1.0
0.006732361689234157|1.0
0.006732241886477496|1.0
0.006994371453065449|1.0
0.007835829691660991|1.0
0.011184036020740985|1.0
0.010353203073639185|1.0
0.010037148318914703|1.0
0.009482216905904515|1.0
0.009482216905904515|1.0
0.009482216905904515|1.0
0.009402997003928187|1.0
0.00820006099971804|1.0
0.00791921715537109|1.0
0.008787292020400983|1.0
0.009013559298492884|1.0
0.009412097402071464|1.0
0.009249264296002301|1.0
0.009249264296002301|1.0
0.009352107937811651|1.0
0.009342501560703891|1.0
0.009414873748440328|1.0
0.009414873748440328|1.0
0.00946947612832441|1.0
0.009537254091508936|1.0
0.009602923273236103|1.0
0.009758964142603455|1.0
0.00926984212226073|1.0
0.008845203418478779|1.0
0.008844407390227045|1.0
0.008753341248354677|1.0
0.010202925543697889|1.0
0.011264520703249596|1.0
0.0105314284380229|1.0
0.0105314284380229|1.0
0.0105314284380229|1.0
0.009496823546812347|1.0
0.008728424014570408|1.0
0.007790683312949586|1.0
0.008725892470005922|1.0
0.008965814655590303|1.0
0.008742693079740897|1.0
0.00865960335145116|1.0
0.008519863112086102|1.0
0.00850146511501371|1.0
0.009073812145389654|1.0
0.009073812145389654|1.0
0.009247413640838637|1.0
0.010090631223673258|1.0
0.009832363527577638|1.0
0.009832363527577638|1.0
0.009626143196679794|1.0
0.009503968244189037|1.0
