PredictedProbability|PredictedLabel
0.005733554436649349|1.0
0.0055654882960263115|1.0
0.005307360006700069|1.0
0.006107152355123901|1.0
0.0064152179896884935|1.0
0.006218725293604222|1.0
0.005643332883789861|1.0
0.005997843265579135|1.0
0.005620892270760384|1.0
0.007005625195392347|1.0
0.007116909953533172|1.0
0.006781577986654762|1.0
0.004916492523727334|1.0
0.0051564697981463705|1.0
0.005304221077171781|1.0
0.00583703490347507|1.0
0.006815505776398892|1.0
0.007455705991425127|1.0
0.006818746093292292|1.0
0.006969214075509825|1.0
0.007126120616565802|1.0
0.007057790445243598|1.0
0.006748800218127493|1.0
0.00654791261298407|1.0
0.006417117418422741|1.0
0.0059993531321353745|1.0
0.006209772482986504|1.0
0.006006764929539956|1.0
0.005682412508249354|1.0
0.00598152934992182|1.0
0.006110253289052622|1.0
0.006096205450273717|1.0
0.005980758039946003|1.0
0.005522971234699908|1.0
0.005489120471229806|1.0
0.005566791398806084|1.0
0.005851776319979719|1.0
0.005658516815846875|1.0
0.006075059603780764|1.0
0.0056998983669312945|1.0
0.006462339945912097|1.0
0.0065921123563240066|1.0
