PredictedProbability|PredictedLabel
0.005795418047438934|1.0
0.007584549806980934|1.0
0.008619212025230203|1.0
0.007575134871384827|1.0
0.008312214385129205|1.0
0.008621647253100868|1.0
0.007375182617717256|1.0
0.007324944279257983|1.0
0.006233946800633138|1.0
0.005676528557099785|1.0
0.0042364299118045415|1.0
0.004425155938519327|1.0
0.006077079672917568|1.0
0.007550202569757687|1.0
0.005280707276098416|1.0
0.005879272646212142|1.0
0.006659789554664795|1.0
0.005998654940459572|1.0
0.006295279833350059|1.0
0.005925707701347229|1.0
0.005965296275327994|1.0
0.005284191545602551|1.0
0.004982950123639429|1.0
0.004928968642649374|1.0
0.0046442416551232745|1.0
0.00435882856828376|1.0
0.00427375553443664|1.0
0.004394263533404324|1.0
0.004556688695700982|1.0
0.004284222696630325|1.0
0.004867190016367726|1.0
0.0045479863116233135|1.0
0.005002082473874897|1.0
0.0040397320595796414|1.0
0.005131818562317876|1.0
0.004806801992604064|1.0
0.004816857509612607|1.0
0.004959493415308329|1.0
0.005023069086596379|1.0
0.005700766821042884|1.0
0.004785292472581702|1.0
0.004926344869198222|1.0
