PredictedProbability|PredictedLabel
0.008122168239291516|1.0
0.007471837202544517|1.0
0.0073703358806961865|1.0
0.00813437499630788|1.0
0.00832902603094837|1.0
0.007769817505640999|1.0
0.008967607160354728|1.0
0.008011403762025452|1.0
0.009645911097001698|1.0
0.007715325412420461|1.0
0.008322212153969565|1.0
0.007651753757184655|1.0
0.007689104660405589|1.0
0.008356250879906222|1.0
0.009248461228818988|1.0
0.009009325670340382|1.0
0.009706401543731289|1.0
0.007458515450966401|1.0
0.008490886151399082|1.0
0.006289447957901613|1.0
0.008243787714271212|1.0
