PredictedProbability|PredictedLabel
0.005471890372627847|1.0
0.005472155518876895|1.0
0.004824224097568604|1.0
0.005003038050416367|1.0
0.004422911114016243|1.0
0.004590387212165954|1.0
0.0043219603066618|1.0
0.005186056846551327|1.0
0.004947040174675748|1.0
0.005030535419909521|1.0
0.004757792309071749|1.0
0.005151536493660314|1.0
0.005404586641388871|1.0
0.0052346813430226785|1.0
0.004768946758253414|1.0
0.005655795245511724|1.0
0.006008577522425933|1.0
0.006157481367365802|1.0
0.005922062519432206|1.0
0.005207254301971463|1.0
0.005880389534732241|1.0
0.00628763924693992|1.0
0.0057710741462406985|1.0
0.005796303772572425|1.0
0.0055807631696152445|1.0
0.006297354524061302|1.0
0.006597343325236772|1.0
0.006689275298371673|1.0
0.006406759605321669|1.0
0.006745336182863702|1.0
0.006118970320103493|1.0
0.006857593476237513|1.0
0.006733078140785341|1.0
0.007056994405789658|1.0
0.006412266474146198|1.0
0.007232418516390798|1.0
0.00695317018862099|1.0
0.006421538739002146|1.0
0.007025975427312458|1.0
0.005944646618457727|1.0
0.00573954534455782|1.0
0.006887006020127996|1.0
0.0072791491860538255|1.0
0.007566884891879548|1.0
0.007472215770559096|1.0
0.00928844092664019|1.0
0.008651261967246023|1.0
