PredictedProbability|PredictedLabel
0.006050359314203342|1.0
0.006556833867170945|1.0
0.006688603737794538|1.0
0.007984702624228613|1.0
0.005700174329523389|1.0
0.0057669345336741175|1.0
0.005673807239839099|1.0
0.006592208925494795|1.0
0.009278457839693215|1.0
0.009372684123078238|1.0
0.009203044797757182|1.0
0.007769327484637622|1.0
0.007191958028989464|1.0
0.006980614967470334|1.0
0.005988063798186979|1.0
0.0039378839492730695|1.0
0.004619637876618676|1.0
0.003410258308874041|1.0
0.006418381333318205|1.0
0.005034641434096452|1.0
0.006371069849699778|1.0
0.00543010633501962|1.0
0.006459169826616853|1.0
0.007517608287291599|1.0
0.006728327185753511|1.0
0.006861704488368397|1.0
0.0058388032305162285|1.0
0.004566423141661297|1.0
0.004329267763041485|1.0
0.004508840689638304|1.0
0.005260160843891491|1.0
0.0045526414249873895|1.0
0.004593166952312066|1.0
0.004869870958359678|1.0
0.004611617618592011|1.0
0.004562821609028586|1.0
0.005420280522552944|1.0
0.00591056662898547|1.0
0.006149296065278259|1.0
0.005811525544500019|1.0
0.005463928294329624|1.0
0.004505232651693026|1.0
0.004425587486571071|1.0
0.003224071730925742|1.0
0.004287483894654228|1.0
0.0035315910849069354|1.0
0.006018926012693086|1.0
