PredictedProbability|PredictedLabel
0.0059967855372315805|1.0
0.007037166912855483|1.0
0.0077529474032268|1.0
0.009976815551295554|1.0
0.007950936583990981|1.0
0.006490868974573081|1.0
0.00678258512253104|1.0
0.008008913801246267|1.0
0.008548882951928348|1.0
0.00842716518633387|1.0
0.008924475459173527|1.0
0.0088693623009785|1.0
0.007650330133002149|1.0
0.00785029771513442|1.0
0.006390095842133142|1.0
0.005256479500629024|1.0
0.00548005285468968|1.0
0.00558291404231177|1.0
0.005126512857127659|1.0
0.0050500843450925455|1.0
0.005313622935378041|1.0
0.007119159629024437|1.0
0.007356190949097718|1.0
0.005407394169674862|1.0
0.006637191007573484|1.0
0.007733930768426772|1.0
0.006931051937827275|1.0
0.006675567413139048|1.0
0.006129455645468418|1.0
0.006109813160582093|1.0
0.005337999175747796|1.0
0.005227559390339147|1.0
0.005183775638479384|1.0
0.005361554430865541|1.0
0.005793867924079346|1.0
0.006169000829325197|1.0
0.006774057204337108|1.0
0.006932711295707176|1.0
0.0066798541176657025|1.0
0.0068001007308658755|1.0
0.005604367322979205|1.0
0.005264344693765027|1.0
0.005840744733902694|1.0
0.0064567646739519865|1.0
0.006670986728888869|1.0
0.006773411366860629|1.0
0.006897376217454412|1.0
