PredictedProbability|PredictedLabel
0.0019093554945604292|1.0
0.002100846567134766|1.0
0.002539952969246768|1.0
0.0022369066043562203|1.0
0.002100955196985774|1.0
0.002136118220453482|1.0
0.0019670527416344318|1.0
0.001947681673302715|1.0
0.0017458651944904017|1.0
0.0018710445703135447|1.0
0.0019640772274322703|1.0
0.0019035508752326456|1.0
0.0021533680390314618|1.0
0.002104211416781572|1.0
0.0022236909208295623|1.0
0.0020268053303964546|1.0
0.0019860949811768267|1.0
0.002189156484058238|1.0
0.0021576800835675027|1.0
0.00212254696047797|1.0
0.002375942054409248|1.0
0.0022928042267424125|1.0
0.001961559840133039|1.0
0.0018598797743394524|1.0
0.0020192500510036932|1.0
0.002046825203299701|1.0
0.0020423467911160754|1.0
0.0019926953765669153|1.0
0.0019736443495238848|1.0
0.002018078838919534|1.0
0.0020217851825423|1.0
0.0019481005913741397|1.0
0.001970652981362578|1.0
0.0018833675336350163|1.0
0.0017788986671019027|1.0
0.0017867516725540193|1.0
0.0017539023095108715|1.0
0.0018338870503925118|1.0
0.0017742135311430963|1.0
0.0019566030503416266|1.0
0.001976836574655355|1.0
0.0018506315486601797|1.0
0.001945931455049826|1.0
0.0019772488269479025|1.0
0.002156177257056309|1.0
