PredictedProbability|PredictedLabel
0.013974783591444485|1.0
0.008705386887284684|1.0
0.005646085273732266|1.0
0.005290375183277113|1.0
0.005059182215658476|1.0
0.005351120978885612|1.0
0.005476952840836303|1.0
0.005545311503659035|1.0
0.00578351072528526|1.0
0.005601623640191416|1.0
0.007611341514179526|1.0
0.009914795795390351|1.0
0.014416366266767084|1.0
0.014164283094559435|1.0
0.004724063506820573|1.0
0.003397741039148844|1.0
0.00444136701662908|1.0
0.009353284441213246|1.0
0.008788591146563619|1.0
0.007834940996368|1.0
0.0076191832734571535|1.0
0.008638687242515737|1.0
0.008251620378167523|1.0
0.012134936495820588|1.0
0.011420657932730557|1.0
0.01256526544153124|1.0
0.012717848895965674|1.0
0.012543184420037826|1.0
0.013200481232910883|1.0
0.012317737789115196|1.0
0.011648117466502754|1.0
0.010562893428339134|1.0
0.010845347734112061|1.0
0.011958926836907607|1.0
0.013301816482102963|1.0
0.014087876238244455|1.0
0.013086185894423254|1.0
0.011887037640420452|1.0
0.011548229354471118|1.0
0.01149344691093139|1.0
0.010292626933336596|1.0
0.010384983912134332|1.0
0.008822682037146473|1.0
0.009298353517958866|1.0
0.003011935225752552|1.0
0.004460052473026087|1.0
0.002779995891399126|1.0
0.007918240677994084|1.0
0.007368903494646926|1.0
0.007513390079134895|1.0
0.006693907296909464|1.0
0.0072463480417408405|1.0
0.008219630553107631|1.0
