PredictedProbability|PredictedLabel
0.0060354575535201465|1.0
0.0064866124275802396|1.0
0.009820150078206951|1.0
0.007341197287934244|1.0
0.0059706772573477115|1.0
0.00640952986433466|1.0
0.006575609459074615|1.0
0.006540744368449101|1.0
0.006303561109966971|1.0
0.0060705203856477935|1.0
0.006322030883178936|1.0
0.00472257293872736|1.0
0.004875788900896009|1.0
0.004948583974474823|1.0
0.00501421135805325|1.0
0.005010705472377043|1.0
0.004820477974630548|1.0
0.0062172253070012255|1.0
0.006444311469532784|1.0
0.005718974077042062|1.0
0.006340728361985789|1.0
0.007897069993154803|1.0
0.006661845230792328|1.0
0.006381188565570681|1.0
0.0063867579024977856|1.0
0.005801027715979672|1.0
0.0054570601992373294|1.0
0.005353126781601666|1.0
0.005375754783190576|1.0
0.004558171838599351|1.0
0.0051670348670132165|1.0
0.006205701017395923|1.0
0.005996492460731661|1.0
0.005367104008955159|1.0
0.0059716930029916114|1.0
0.006195210103815839|1.0
0.005627452397926993|1.0
0.005633647285672783|1.0
0.0062232267014630084|1.0
0.006185373028206053|1.0
0.005477957218308097|1.0
0.005228872894068439|1.0
0.0051029904878218445|1.0
0.004823739337551872|1.0
0.005000761625378256|1.0
0.0050001789451979955|1.0
0.004817882857766937|1.0
0.004748962228939842|1.0
0.004389049217561609|1.0
0.0044879781168872205|1.0
0.004083692519852332|1.0
0.0046888481497815064|1.0
0.005132419776630287|1.0
