PredictedProbability|PredictedLabel
0.0025368612271750015|1.0
0.0021754458733233635|1.0
0.0022795593990761567|1.0
0.002318005407984907|1.0
0.0023367841867281487|1.0
0.002369296723178828|1.0
0.002342588891085606|1.0
0.002346305141150219|1.0
0.002342467231781205|1.0
0.002312982357164821|1.0
0.0023480715028800993|1.0
0.002363337432966654|1.0
0.002331183535699227|1.0
0.002344048049313305|1.0
0.002373586062947127|1.0
0.002400028544933708|1.0
0.0023001953957597424|1.0
0.002303101194234474|1.0
0.0023625461582984747|1.0
0.0023273917331627625|1.0
0.0023192621794239383|1.0
0.002359944815065588|1.0
0.00234327964811307|1.0
0.0023112075775656984|1.0
0.0023219908104517802|1.0
0.0023916982460812615|1.0
0.0024210959794427607|1.0
0.0023728082670156983|1.0
0.0023500892394428823|1.0
0.0023440443701666152|1.0
0.002334120147114504|1.0
0.0023721862995114288|1.0
0.0023719863388341794|1.0
0.0023182487532404615|1.0
0.002354735176814582|1.0
0.0023513046251758866|1.0
0.0023962624504018956|1.0
0.002442671216178556|1.0
0.002367598661726409|1.0
0.002279530160690507|1.0
0.002279530160690507|1.0
0.0022670016163724503|1.0
0.002259765688481899|1.0
0.0023527176243902355|1.0
0.0023527176243902355|1.0
