PredictedProbability|PredictedLabel
0.008243695138576992|1.0
0.008221798860808878|1.0
0.006991146885335542|1.0
0.008037172458348736|1.0
0.00876868171743908|1.0
0.008373703486552883|1.0
0.009206103580923691|1.0
0.00815281221080884|1.0
0.008221546593781253|1.0
0.007470376685001012|1.0
0.007693697761483265|1.0
0.008680595393348105|1.0
0.00878966161698952|1.0
0.009048555098076|1.0
0.00971425883800915|1.0
0.009017204966714015|1.0
0.008151655090220672|1.0
0.007298470821428085|1.0
0.0074717711951151344|1.0
0.007859536006574795|1.0
0.008242617167774038|1.0
0.008384699955210094|1.0
0.009883007277200869|1.0
0.009014687275902971|1.0
0.009014687275902971|1.0
0.007874723825575303|1.0
0.005665508154936507|1.0
0.007182335114052437|1.0
0.009735320505435472|1.0
0.010720480356979619|1.0
0.010819083410045475|1.0
0.010114945842196148|1.0
0.009938124573134578|1.0
0.009063472439338008|1.0
0.010111606439052394|1.0
0.01101016872351804|1.0
0.010170318735226462|1.0
0.010247814498514267|1.0
0.009227127591758227|1.0
0.008562170934687027|1.0
0.00868332413153851|1.0
0.009062202488621189|1.0
0.008903695871222474|1.0
0.009219105336963497|1.0
0.009118873786559461|1.0
0.008736022563059463|1.0
0.009992841173597562|1.0
0.011474289670803235|1.0
