PredictedProbability|PredictedLabel
0.008197052021597543|1.0
0.009374773310482563|1.0
0.012336594355144214|1.0
0.011600715841350537|1.0
0.010376873779455306|1.0
0.010376107876975274|1.0
0.009185552768475056|1.0
0.008632583849393664|1.0
0.008758420658338428|1.0
0.009023816628528589|1.0
0.009747793203533105|1.0
0.009955724115943875|1.0
0.009382299527387838|1.0
0.007942074478050799|1.0
0.007327876777876398|1.0
0.007162816185822309|1.0
0.0062431986362744005|1.0
0.006103035938280284|1.0
0.00682728776279226|1.0
0.006812748968293758|1.0
0.006645722738858994|1.0
0.007033180763954985|1.0
0.007482888679262958|1.0
0.007139791876837223|1.0
0.0075464853407298475|1.0
0.0071042373310315435|1.0
0.006832548051238968|1.0
0.007165140332686082|1.0
0.006711288262208464|1.0
0.007464601013003331|1.0
0.007756986475769854|1.0
0.006042756787313727|1.0
0.00648177734671193|1.0
0.006702676696826205|1.0
0.007198006707665384|1.0
0.008199753433127305|1.0
0.009407485175655718|1.0
0.01046148970407535|1.0
0.010432690127012118|1.0
0.00980184095679331|1.0
0.00904493915567086|1.0
0.007387025750539383|1.0
0.010234210358490287|1.0
