PredictedProbability|PredictedLabel
0.006164106561002556|1.0
0.0047810596683776265|1.0
0.005249353393989234|1.0
0.005228006681182159|1.0
0.005291108842069653|1.0
0.005314518846732089|1.0
0.005420890798633416|1.0
0.006441094504847428|1.0
0.005842787295469361|1.0
0.005468495093684746|1.0
0.006803967000613343|1.0
0.006590913700444648|1.0
0.008126602440079515|1.0
0.006765522666681655|1.0
0.005712685144081445|1.0
0.006367287155881207|1.0
0.005177460391306065|1.0
0.007349136954455879|1.0
0.007229470613097207|1.0
0.006325002873823845|1.0
0.007197161646556496|1.0
0.007172641192287664|1.0
0.004011752082216442|1.0
0.003212139863323768|1.0
0.0027274235128829905|1.0
0.0025809652478570163|1.0
0.00254704498286698|1.0
0.0023124331628767425|1.0
0.00231965516357684|1.0
0.0024090465165801564|1.0
0.002382508425041795|1.0
0.0024394920297061804|1.0
