PredictedProbability|PredictedLabel
0.004423128733069978|1.0
0.003869759180995661|1.0
0.004242125335215206|1.0
0.004781973924872934|1.0
0.004575551771454993|1.0
0.004865449007599611|1.0
0.004571379339357055|1.0
0.005082514508995572|1.0
0.004425988242820226|1.0
0.004509134393207151|1.0
0.004501781287144844|1.0
0.004326116688783091|1.0
0.004254749803573603|1.0
0.004319680390690949|1.0
0.0052584117173205365|1.0
0.007012250937440152|1.0
0.008961781863180847|1.0
0.008308758940717934|1.0
0.008810651762112367|1.0
0.006893217063191834|1.0
0.00767217623626955|1.0
0.007765489883356122|1.0
0.008734589561760178|1.0
0.008051455341789727|1.0
0.006499892010441037|1.0
0.005431193582432732|1.0
0.006144151853161891|1.0
0.006032600540796662|1.0
0.006034328274799988|1.0
0.005418583981057906|1.0
0.005849609376093653|1.0
0.007683084227847969|1.0
0.008026038698416296|1.0
0.007145286532366828|1.0
0.005054602604886772|1.0
0.0057327256721290834|1.0
0.005278377318705658|1.0
