PredictedProbability|PredictedLabel
0.0021534152193609705|1.0
0.0021420802153798045|1.0
0.002141783214749368|1.0
0.0021417831332268705|1.0
0.002141782469840736|1.0
0.002141959719389894|1.0
0.0021446348720754187|1.0
0.0037071996777220295|1.0
0.004359401871293895|1.0
0.004656192128594183|1.0
0.004664757129747153|1.0
0.004278617648001409|1.0
0.0038898171312131058|1.0
0.003548857141506653|1.0
0.0033174287453036143|1.0
0.0035202523692837136|1.0
0.0036855293302992|1.0
0.0036056762802686745|1.0
0.0036144932168220944|1.0
0.003392500802181172|1.0
0.003525918581073845|1.0
0.0038958780754614433|1.0
0.004284908049622377|1.0
0.0038306350009916197|1.0
0.0033186890276523857|1.0
0.0038547840442493685|1.0
0.0045094764334239115|1.0
0.004578488245227228|1.0
0.004608808201198356|1.0
0.004709020289488175|1.0
0.004168575046641065|1.0
0.003928899223042553|1.0
0.003709367837559875|1.0
0.003830483475501989|1.0
0.0029920071503965404|1.0
0.0025345420970746073|1.0
0.002534105314219476|1.0
0.0029104952952083694|1.0
0.00317608832800148|1.0
0.0029654591424259627|1.0
0.002820014538138956|1.0
0.003134047965850853|1.0
0.0033328288895156316|1.0
0.003492422684991503|1.0
0.0032462441123975276|1.0
0.0030885039380371755|1.0
0.003383918636879296|1.0
0.0032802080723212694|1.0
