PredictedProbability|PredictedLabel
0.003006982898336533|1.0
0.002495816242408668|1.0
0.002574709388583269|1.0
0.00273221414006272|1.0
0.0022957977950197293|1.0
0.002521416104926908|1.0
0.0025708086520036715|1.0
0.00261660988183132|1.0
0.0029744451294882097|1.0
0.0028248220767555913|1.0
0.0025820460471871194|1.0
0.0028861877083347647|1.0
0.0029700812818299178|1.0
0.003265706026519665|1.0
0.002601102985220434|1.0
0.0029889716457237392|1.0
0.003257924566184737|1.0
0.003098064022828397|1.0
0.0027545311945364583|1.0
0.002795216341801729|1.0
0.0029481516457894917|1.0
0.0026372509589426404|1.0
0.002625240502049891|1.0
0.002578011970207282|1.0
0.0029246378051606785|1.0
0.002965752065815881|1.0
0.0025507845935171304|1.0
0.002707229734453227|1.0
0.0027029786798966103|1.0
0.0026812075305143114|1.0
0.0029083334924243096|1.0
0.002777561053636918|1.0
0.0025492778153048123|1.0
