PredictedProbability|PredictedLabel
0.009813310933591902|0.0
0.010073598472098004|0.0
0.009893509529297144|0.0
0.010282530726663006|0.0
0.011817789685579755|0.0
0.011371352058915585|0.0
0.011817789685579755|0.0
0.011234545514805275|0.0
0.01149244501287662|0.0
0.01149244501287662|0.0
0.011058160313659625|0.0
0.011058160313659625|0.0
0.011058160313659625|0.0
0.0107032329648254|0.0
0.01112373546763857|0.0
0.011081774992558855|0.0
0.010927243592911801|0.0
0.0251754546269311|0.0
0.01096862543405722|0.0
0.0251754546269311|0.0
0.017501121953163074|0.0
0.007591291457542948|0.0
0.007591291457542948|0.0
0.007591291457542948|0.0
0.006945837076734629|0.0
0.006945837076734629|0.0
0.006945837076734629|0.0
0.006945837076734629|0.0
0.006682201417505373|0.0
0.006945837076734629|0.0
0.006945837076734629|0.0
0.006945837076734629|0.0
0.006682201417505373|0.0
0.006682201417505373|0.0
0.006945837076734629|0.0
0.006682201417505373|0.0
0.00704446505393288|0.0
0.007192457140335965|0.0
0.006945837076734629|0.0
0.016026685151436047|0.0
0.006682201417505373|0.0
0.005784811058231058|0.0
0.006325950171586062|0.0
0.007023576357657775|0.0
0.007023576357657775|0.0
0.007223334321835121|0.0
0.00686526529736896|0.0
0.007325873575312065|0.0
0.007325873575312065|0.0
0.007585884201828386|0.0
0.00747973303719964|0.0
0.007223334321835121|0.0
0.007351531483643795|0.0
0.007351531483643795|0.0
0.007351531483643795|0.0
0.007223334321835121|0.0
0.007325873575312065|0.0
0.005532848826271929|0.0
0.005267898210211572|0.0
0.005267898210211572|0.0
0.004697801523368501|0.0
0.005135433474069573|0.0
0.005135433474069573|0.0
0.004940171514170621|0.0
0.004940171514170621|0.0
0.005135433474069573|0.0
0.005135433474069573|0.0
0.004940171514170621|0.0
0.005904880339927805|0.0
0.0061380375363208235|0.0
0.005833451807173953|0.0
0.006979427792609818|0.0
0.006519905420978799|0.0
0.006296200038873715|0.0
0.006296200038873715|0.0
0.006385662759261379|0.0
0.006519905420978799|0.0
0.006296200038873715|0.0
0.00605707155589328|0.0
0.006356834018085689|0.0
0.006920870247087743|0.0
0.006482874480381078|0.0
0.006529804910139902|0.0
0.006281860245957628|0.0
0.006100938467605171|0.0
0.006100938467605171|0.0
0.006100938467605171|0.0
0.00605707155589328|0.0
0.00605707155589328|0.0
0.00605707155589328|0.0
0.00605707155589328|0.0
0.006296200038873715|0.0
0.005923178585415001|0.0
0.005923178585415001|0.0
0.005923178585415001|0.0
0.005851530010378312|0.0
0.005923178585415001|0.0
0.005923178585415001|0.0
0.006028441163412796|0.0
0.005923178585415001|0.0
0.005923178585415001|0.0
0.005923178585415001|0.0
0.006157053822324563|0.0
0.006157053822324563|0.0
0.005923178585415001|0.0
0.006207559236352444|0.0
0.006207559236352444|0.0
0.006207559236352444|0.0
0.006207559236352444|0.0
0.006207559236352444|0.0
0.00638449703792147|0.0
0.00638449703792147|0.0
0.00638449703792147|0.0
0.006430719909332212|0.0
0.006430719909332212|0.0
0.006430719909332212|0.0
0.006430719909332212|0.0
0.006430719909332212|0.0
0.006430719909332212|0.0
0.006261369397433547|0.0
0.006261369397433547|0.0
0.006261369397433547|0.0
0.005966081629371683|0.0
0.005966081629371683|0.0
0.005966081629371683|0.0
0.005923178585415001|0.0
0.005923178585415001|0.0
0.006157053822324563|0.0
0.005629194339800727|0.0
0.005629194339800727|0.0
0.005629194339800727|0.0
0.005629194339800727|0.0
0.005629194339800727|0.0
0.005629194339800727|0.0
0.005629194339800727|0.0
0.005923178585415001|0.0
0.006157053822324563|0.0
0.005851530010378312|0.0
0.006244551838322219|0.0
0.006375847029779505|0.0
0.005851530010378312|0.0
0.005629194339800727|0.0
0.005923178585415001|0.0
0.005629194339800727|0.0
0.005629194339800727|0.0
0.005629194339800727|0.0
0.005629194339800727|0.0
0.005629194339800727|0.0
0.005629194339800727|0.0
0.005629194339800727|0.0
0.005629194339800727|0.0
0.005629194339800727|0.0
0.006051260712019696|0.0
0.006051260712019696|0.0
0.027245072643248314|0.0
0.029509540787442157|0.0
0.04855843343132112|0.0
0.027035134838234845|0.0
0.010065619005518495|0.0
0.021465224076781583|0.0
0.020661958059771487|0.0
0.017290645984129275|0.0
0.02414545590463912|0.0
0.012088603682340623|0.0
0.005783631866670287|0.0
0.008314207647178705|0.0
0.023189321532213307|0.0
0.023189321532213307|0.0
0.030370872799967762|0.0
0.03018895164919096|0.0
0.008582576062191573|0.0
0.008641818933685468|0.0
0.008886790394325403|0.0
0.009355808663451903|0.0
0.008445226550828192|0.0
0.008413283869556018|0.0
0.00806941610511574|0.0
0.008327151294280157|0.0
0.008011509552372148|0.0
0.008327151294280157|0.0
0.008327151294280157|0.0
0.008248618615391506|0.0
0.008248618615391506|0.0
0.008573521368559975|0.0
0.008635454735888021|0.0
0.008635454735888021|0.0
0.008387319990735269|0.0
0.008387319990735269|0.0
0.014106095641653783|0.0
0.014005481206755953|0.0
0.014005481206755953|0.0
0.014005481206755953|0.0
0.013477526870887931|0.0
0.014005481206755953|0.0
0.014005481206755953|0.0
0.014005481206755953|0.0
0.01403114347413731|0.0
0.01403114347413731|0.0
0.014005481206755953|0.0
0.013477526870887931|0.0
0.013477526870887931|0.0
0.013477526870887931|0.0
0.015609147035380602|0.0
0.015609147035380602|0.0
0.016550653724424498|0.0
0.015606605922351528|0.0
0.015288150214239824|0.0
0.014363205627488686|0.0
0.013973830193273118|0.0
0.014905857136180936|0.0
0.014905857136180936|0.0
0.014905857136180936|0.0
0.00936320490284853|0.0
0.009206844465718119|0.0
0.009206844465718119|0.0
0.009270356176166046|0.0
0.009464664676115262|0.0
0.008794639288892913|0.0
0.009140850884291564|0.0
0.0098075843650928|0.0
0.007437134154604713|0.0
0.006250205870458133|0.0
0.007154985217945305|0.0
0.008794639288892913|0.0
0.009140850884291564|0.0
0.009140850884291564|0.0
0.009140850884291564|0.0
0.008794639288892913|0.0
0.008794639288892913|0.0
0.008794639288892913|0.0
0.008794639288892913|0.0
0.008794639288892913|0.0
0.009140850884291564|0.0
0.009411066897109964|0.0
0.009411066897109964|0.0
0.006394948754408961|0.0
0.006167624464525447|0.0
0.004004120185691509|0.0
0.006670128003825808|0.0
0.005762407441956205|0.0
0.005089107885004588|0.0
0.005720960622029302|0.0
0.0059468990989229665|0.0
0.005720960622029302|0.0
0.008421892910191187|0.0
0.008421892910191187|0.0
0.008421892910191187|0.0
0.006851252545159642|0.0
0.005720960622029302|0.0
0.006851042930660216|0.0
0.010080091342252833|0.0
0.010080091342252833|0.0
0.008525875691351562|0.0
0.008202763583174828|0.0
0.006851252545159642|0.0
0.008421892910191187|0.0
0.006851252545159642|0.0
0.004895598671591072|0.0
0.005720960622029302|0.0
0.003975269496386134|0.0
0.006621993125756989|0.0
0.006851042930660216|0.0
0.004950432060199536|0.0
0.004602634115007629|0.0
0.004602634115007629|0.0
0.004602634115007629|0.0
0.00473161344873302|0.0
0.004895598671591072|0.0
0.004895598671591072|0.0
0.003975269496386134|0.0
0.003841993019753717|0.0
