PredictedProbability|PredictedLabel
0.00781683004280205|0.0
0.008268650390190417|0.0
0.014366607826333772|0.0
0.022895232530984754|0.0
0.041560890867232685|0.0
0.09143342853580784|0.0
0.11313618153492963|0.0
0.06042133038933744|0.0
0.01752324871477428|0.0
0.021386802474163986|0.0
0.017834296309494267|0.0
0.01586798311630991|0.0
0.012583820173441802|0.0
0.006969414580382241|0.0
0.006926521584691934|0.0
0.007243323299365663|0.0
0.007396805436218825|0.0
0.007176187443469298|0.0
0.007176187443469298|0.0
0.006903868027311647|0.0
