PredictedProbability|PredictedLabel
0.006211248839651349|0.0
0.007542707029691905|0.0
0.006712022121744227|0.0
0.007021066663664109|0.0
0.008003784275112835|0.0
0.008003784275112835|0.0
0.0072816495215494775|0.0
0.007961688165660437|0.0
0.008503248095798359|0.0
0.009052627754130314|0.0
0.007942162473179151|0.0
0.007459666661440842|0.0
0.007459666661440842|0.0
0.007459666661440842|0.0
0.007459666661440842|0.0
0.007459666661440842|0.0
0.011228194721431505|0.0
0.011614732482576428|0.0
0.006259808121893784|0.0
0.0040836151281626355|0.0
0.0040836151281626355|0.0
0.0040836151281626355|0.0
0.0040836151281626355|0.0
0.004424735399870052|0.0
0.0042049688773529185|0.0
0.0042049688773529185|0.0
0.004113227490106063|0.0
0.004113227490106063|0.0
0.004041407772317991|0.0
0.00401231037898546|0.0
0.00401231037898546|0.0
0.00401231037898546|0.0
0.0038128261828895755|0.0
0.0038128261828895755|0.0
0.00401231037898546|0.0
0.003668356014698973|0.0
0.0034336571864167988|0.0
0.0034336571864167988|0.0
0.004071471937082075|0.0
0.004627016381204289|0.0
