PredictedProbability|PredictedLabel
0.585238236983204|1.0
0.0072029277009768656|0.0
0.007279423646275781|0.0
0.006645003493462905|0.0
0.04720159202849932|0.0
0.054542236755780606|0.0
0.020389337619653926|0.0
0.02809072722788423|0.0
0.5552081283624315|1.0
0.6624732724581083|1.0
0.7219563458139839|1.0
0.7369247410769142|1.0
0.036739281892751684|0.0
0.04738959770625709|0.0
0.042786766164260415|0.0
0.0627888273412701|0.0
0.07363910819055168|0.0
0.08514445518951812|0.0
0.05470831252966517|0.0
0.05470831252966517|0.0
0.7720526930627853|1.0
0.755176993605732|1.0
0.7556395801473381|1.0
0.7556395801473381|1.0
0.018851674315309253|0.0
0.020185815468837257|0.0
0.019459763387225482|0.0
0.02226683288624313|0.0
0.025572635001809473|0.0
0.022358349336655262|0.0
0.021622086263616464|0.0
0.021622086263616464|0.0
0.7583907673245925|1.0
0.767289002987474|1.0
0.02040222453594299|0.0
0.021237981464862853|0.0
0.019832978761848582|0.0
0.022115737740011628|0.0
0.023540815627399084|0.0
0.02505415058606242|0.0
0.03178939950423662|0.0
0.03061186520301778|0.0
0.04041066117388346|0.0
0.04203087682280079|0.0
0.08892518328590077|0.0
0.08876673801560472|0.0
0.0675037055603497|0.0
0.06352255757196715|0.0
0.024992929487467258|0.0
0.019997920139769164|0.0
0.0200594452370051|0.0
0.020881459867439014|0.0
