PredictedProbability|PredictedLabel
0.012964994276713642|0.0
0.009814521144920802|0.0
0.006569049877784168|0.0
0.005120852320861034|0.0
0.09365526933857227|0.0
0.047532690568685476|0.0
0.17412121014215567|0.0
0.03968979145979159|0.0
0.018234044421791107|0.0
0.013028561231002461|0.0
0.010662287262085533|0.0
0.011377041323982054|0.0
0.011842398366560555|0.0
0.009868465680777507|0.0
0.00749824234325656|0.0
0.008809729300150003|0.0
0.022451317054776456|0.0
0.009491558046961382|0.0
0.0086835730976557|0.0
