PredictedProbability|PredictedLabel
0.002805287175245461|0.0
0.002805287175245461|0.0
0.0030878214613076272|0.0
0.005191338869205352|0.0
0.003083049705398447|0.0
0.003083049705398447|0.0
0.0032444956115131687|0.0
0.003083049705398447|0.0
0.0032444956115131687|0.0
0.0032444956115131687|0.0
0.005191338869205352|0.0
0.0032444956115131687|0.0
0.003083049705398447|0.0
0.003083049705398447|0.0
0.003083049705398447|0.0
0.003083049705398447|0.0
0.003083049705398447|0.0
0.003083049705398447|0.0
0.0032444956115131687|0.0
0.0032444956115131687|0.0
0.0032444956115131687|0.0
0.0032444956115131687|0.0
0.003400708654762596|0.0
0.003231514797847649|0.0
0.003231514797847649|0.0
0.003400708654762596|0.0
0.0032444956115131687|0.0
0.0032444956115131687|0.0
0.0032443718086986153|0.0
0.005446327880814509|0.0
0.005446535249499858|0.0
0.005207911411190573|0.0
0.004956896953005817|0.0
0.004956896953005817|0.0
0.004956896953005817|0.0
0.0053433624406021936|0.0
0.0053433624406021936|0.0
0.006212478463085562|0.0
0.006084024985374854|0.0
0.006084024985374854|0.0
