PredictedProbability|PredictedLabel
0.03181185295883615|0.0
0.028297777521144787|0.0
0.028297777521144787|0.0
0.028297777521144787|0.0
0.027244117201638256|0.0
0.027244117201638256|0.0
0.027244117201638256|0.0
0.006970811905026498|0.0
0.006970811905026498|0.0
0.007545959661952585|0.0
0.037091391278788494|0.0
0.043259118280244306|0.0
0.037301946074738065|0.0
0.034594921666145556|0.0
0.011044788271115925|0.0
0.00949948993520465|0.0
0.008695559726253584|0.0
0.005526493747901374|0.0
0.005377443806222069|0.0
0.005377443806222069|0.0
0.005647267533834249|0.0
0.006287889406711732|0.0
0.005833507153375281|0.0
0.005833507153375281|0.0
0.005833507153375281|0.0
0.00622574766672498|0.0
0.005750642481017442|0.0
0.005750642481017442|0.0
0.005750642481017442|0.0
0.005750642481017442|0.0
0.006651575603101073|0.0
0.0064411948491644895|0.0
0.00622574766672498|0.0
0.005791582004580571|0.0
0.005791582004580571|0.0
0.005791582004580571|0.0
0.005791582004580571|0.0
0.005791582004580571|0.0
0.005791582004580571|0.0
0.005791582004580571|0.0
0.004892108253437284|0.0
