PredictedProbability|PredictedLabel
0.004873189772472509|0.0
0.004873189772472509|0.0
0.004788164400960145|0.0
0.004559200001213802|0.0
0.007271408690881144|0.0
0.007578650766369687|0.0
0.007391857209457116|0.0
0.006941302476406256|0.0
0.005164940646354471|0.0
0.005074850887200123|0.0
0.005742240034463472|0.0
0.005074850887200123|0.0
0.004869311725849778|0.0
0.004869311725849778|0.0
0.004928963870563537|0.0
0.004964675725959587|0.0
0.0053947230193338355|0.0
0.00500455866693738|0.0
0.005202353287239049|0.0
0.00511161430906854|0.0
0.005164940646354471|0.0
0.005074850887200123|0.0
0.0056421378081199635|0.0
0.0054049472616629415|0.0
0.004861391994002723|0.0
0.005136580978782712|0.0
0.006597715160210205|0.0
0.00600755122887177|0.0
0.00600755122887177|0.0
0.0063209290655137145|0.0
0.00600755122887177|0.0
0.00600755122887177|0.0
0.00600755122887177|0.0
