PredictedProbability|PredictedLabel
0.0034848218801522756|0.0
0.00434374260908368|0.0
0.004127982134338178|0.0
0.004127982134338178|0.0
0.005025346776047623|0.0
0.005025346776047623|0.0
0.005025346776047623|0.0
0.004834249278576069|0.0
0.004834249278576069|0.0
0.005025346776047623|0.0
0.005287761469936097|0.0
0.005025346776047623|0.0
0.005025346776047623|0.0
0.012004462779938765|0.0
0.012004462779938765|0.0
0.012004462779938765|0.0
0.011412544024380812|0.0
0.010049793657474545|0.0
0.010049793657474545|0.0
0.010049793657474545|0.0
0.010192036545048447|0.0
0.01040546563272543|0.0
0.010049793657474545|0.0
0.010049793657474545|0.0
0.010049793657474545|0.0
0.010049793657474545|0.0
0.010049793657474545|0.0
0.0105717883493407|0.0
0.0105717883493407|0.0
0.010171934053229687|0.0
0.0105717883493407|0.0
0.0105717883493407|0.0
0.0105717883493407|0.0
0.0105717883493407|0.0
0.0105717883493407|0.0
0.0105717883493407|0.0
0.014296723564368863|0.0
0.013757940938929025|0.0
0.013757940938929025|0.0
0.013757940938929025|0.0
0.014847277433571757|0.0
0.014847277433571757|0.0
0.014847277433571757|0.0
0.014847277433571757|0.0
0.014847277433571757|0.0
0.014847277433571757|0.0
0.015614527036366318|0.0
0.015614527036366318|0.0
0.015614527036366318|0.0
0.015614527036366318|0.0
