PredictedProbability|PredictedLabel
0.006906040180775754|0.0
0.006822624782619762|0.0
0.0072834069950251275|0.0
0.006955976425971296|0.0
0.006403655119648318|0.0
0.006403655119648318|0.0
0.006656376150248047|0.0
0.006357658547704763|0.0
0.00643053131220374|0.0
0.00643053131220374|0.0
0.007148272758971096|0.0
0.007797294564751296|0.0
0.006653017759858181|0.0
0.00643053131220374|0.0
0.00426181090447104|0.0
0.0047386458654626595|0.0
0.004503212969758813|0.0
0.004049972472986706|0.0
0.004503212969758813|0.0
0.0047386458654626595|0.0
0.00426181090447104|0.0
0.0047386458654626595|0.0
0.0047386458654626595|0.0
0.004399282222652121|0.0
0.004413553799584395|0.0
0.004822796177503402|0.0
0.004158007648010029|0.0
0.004194204575634061|0.0
0.004049972472986706|0.0
0.004049972472986706|0.0
0.004099628545313643|0.0
0.004172478567917523|0.0
0.004758695800235369|0.0
0.004522271278293861|0.0
0.004522271278293861|0.0
0.004793179953594814|0.0
0.004905363846336364|0.0
0.0061454437289103405|0.0
0.006187996316904401|0.0
0.005764048258216147|0.0
0.0055079512091272915|0.0
0.005913175253788153|0.0
0.005913175253788153|0.0
0.005913175253788153|0.0
0.00507491156292701|0.0
0.00507491156292701|0.0
0.005340073154302196|0.0
0.00507491156292701|0.0
0.00564220522795592|0.0
0.005210144505872656|0.0
0.00505564912287909|0.0
0.00488193852664824|0.0
0.00507491156292701|0.0
0.00507491156292701|0.0
0.00507491156292701|0.0
