PredictedProbability|PredictedLabel
0.003996716500177074|0.0
0.004067745254654402|0.0
0.007154676017929595|0.0
0.007513002234477834|0.0
0.008598707482125306|0.0
0.008189026734627772|0.0
0.007945356353258624|0.0
0.00769437195029965|0.0
0.0074373218610266556|0.0
0.007307887128710721|0.0
0.007411612140455354|0.0
0.007307887128710721|0.0
0.006945695959812547|0.0
0.007411612140455354|0.0
0.007567262136473357|0.0
0.007307887128710721|0.0
0.007307887128710721|0.0
0.007307887128710721|0.0
0.007307887128710721|0.0
0.007673827279403175|0.0
0.0076104723135161775|0.0
0.008303396083320619|0.0
0.008100895836912763|0.0
0.007873459389203022|0.0
0.009463091179082107|0.0
0.009342117300152875|0.0
0.009030521040190444|0.0
0.009095678300077063|0.0
0.010552998051052503|0.0
0.008781904397601651|0.0
0.009380917638851056|0.0
0.009468142567828965|0.0
0.009806190074534168|0.0
0.008168997084592462|0.0
0.008168997084592462|0.0
0.00808490690135929|0.0
0.008937642399845892|0.0
0.007769655341507179|0.0
