PredictedProbability|PredictedLabel
0.012353364538148379|0.0
0.016062724704725147|0.0
0.0623368141653871|0.0
0.0828624045252414|0.0
0.03127192297465247|0.0
0.021796120603180494|0.0
0.021531849290769855|0.0
0.023280233881243464|0.0
0.015015476140187538|0.0
0.014908550194581868|0.0
0.04475657224550214|0.0
0.06068272971336848|0.0
0.18734588079775405|0.0
0.24781239751904902|0.0
0.034332323794575674|0.0
0.034332323794575674|0.0
0.028968870591573548|0.0
0.028119580210499654|0.0
0.007447653286338653|0.0
0.00854327598361666|0.0
0.007327529882243054|0.0
0.006559316174770793|0.0
0.006362388931854167|0.0
0.005665196835461838|0.0
0.005415507789823006|0.0
0.007435619480486474|0.0
0.007647712356125017|0.0
0.007647712356125017|0.0
0.0077266285508485666|0.0
0.007647712356125017|0.0
0.1438808468902048|0.0
0.16367395664663553|0.0
0.02529555774605085|0.0
0.025475054046255777|0.0
0.02471929179553804|0.0
0.02390718380794165|0.0
0.019391695759335775|0.0
0.011623269421585309|0.0
0.026521943794581553|0.0
0.033362301961521706|0.0
0.027437210971749604|0.0
0.02882140150129072|0.0
0.01171088622133283|0.0
0.0266527509743402|0.0
0.03224508399006384|0.0
0.038211358113269214|0.0
0.030899745221409956|0.0
0.03369442435697405|0.0
0.03369442435697405|0.0
0.03552532941924412|0.0
0.01119295896680908|0.0
0.009151349034656534|0.0
0.008201115098328434|0.0
0.008142313421322177|0.0
0.010475491255588975|0.0
0.012177605447505022|0.0
0.013305540280037309|0.0
0.013720711576644735|0.0
0.014907797461721259|0.0
0.014413264805815305|0.0
0.011421413063276604|0.0
0.00980519612363507|0.0
0.00747079740346792|0.0
0.007700795793831409|0.0
0.006965751305744448|0.0
0.007743541825475409|0.0
0.0062398589436266855|0.0
0.0062398589436266855|0.0
0.0062398589436266855|0.0
0.007382769959755465|0.0
0.007767324119869572|0.0
