PredictedProbability|PredictedLabel
0.008454017869002885|0.0
0.018651964053519664|0.0
0.022876659001145376|0.0
0.030671744509538964|0.0
0.010710848636438525|0.0
0.01115149780461649|0.0
0.009031446577176654|0.0
0.009031446577176654|0.0
0.008001309120612808|0.0
0.008285092290852565|0.0
0.007423113656358495|0.0
0.006896608098925077|0.0
0.006896608098925077|0.0
0.007168641785711722|0.0
0.005710030192936421|0.0
0.005540759862074038|0.0
0.0065059730301947494|0.0
0.005561857615759594|0.0
0.005710030192936421|0.0
0.00611009449427669|0.0
0.006818142598864536|0.0
0.00691496999393996|0.0
0.006777405752871913|0.0
0.007533566509739843|0.0
0.0071888782556965075|0.0
0.0071888782556965075|0.0
0.0071888782556965075|0.0
0.007789509558298735|0.0
0.007219219989394926|0.0
0.007451834604529439|0.0
0.006923306140787578|0.0
0.006973402537876242|0.0
0.007217979575365685|0.0
0.005912928785745104|0.0
0.00635653873852591|0.0
0.006138404020010104|0.0
0.00571783822798541|0.0
0.0067916566303895245|0.0
0.005521499736951407|0.0
0.00571783822798541|0.0
0.007007592995175434|0.0
0.0060532901979589515|0.0
0.0060532901979589515|0.0
0.007284079673041962|0.0
0.0060532901979589515|0.0
0.005741703273634851|0.0
0.005876841632338173|0.0
0.007358616883956673|0.0
