PredictedProbability|PredictedLabel
0.005790729200461231|0.0
0.0055034919275175525|0.0
0.0055034919275175525|0.0
0.0055034919275175525|0.0
0.0055034919275175525|0.0
0.0055034919275175525|0.0
0.0055034919275175525|0.0
0.0055034919275175525|0.0
0.0055034919275175525|0.0
0.00701177353244183|0.0
0.006664159728620846|0.0
0.006664159728620846|0.0
0.00701177353244183|0.0
0.00701177353244183|0.0
0.00701177353244183|0.0
0.00701177353244183|0.0
0.00701177353244183|0.0
0.00701177353244183|0.0
0.00701177353244183|0.0
0.00701177353244183|0.0
0.00701177353244183|0.0
0.00701177353244183|0.0
0.00701177353244183|0.0
0.00701177353244183|0.0
0.007136001306072874|0.0
0.007136001306072874|0.0
0.00701177353244183|0.0
0.00701177353244183|0.0
0.00701177353244183|0.0
0.00701177353244183|0.0
0.00701177353244183|0.0
0.00701177353244183|0.0
0.00826318606916612|0.0
0.00826318606916612|0.0
0.008643030060231484|0.0
0.008643030060231484|0.0
0.0070299324528491835|0.0
0.0070299324528491835|0.0
0.006839603132212694|0.0
0.006839603132212694|0.0
0.006839603132212694|0.0
0.006839603132212694|0.0
0.006839603132212694|0.0
0.0067205003088694265|0.0
0.006839603132212694|0.0
0.0067205003088694265|0.0
0.0067205003088694265|0.0
0.0067205003088694265|0.0
0.0067205003088694265|0.0
