PredictedProbability|PredictedLabel
0.007424250709593558|0.0
0.007424250709593558|0.0
0.007424250709593558|0.0
0.007424250709593558|0.0
0.007424250709593558|0.0
0.006788531026175914|0.0
0.006788531026175914|0.0
0.007093024140129914|0.0
0.0077761958453028265|0.0
0.0077761958453028265|0.0
0.008174166554891322|0.0
0.008174166554891322|0.0
0.008174166554891322|0.0
0.008174166554891322|0.0
0.008174166554891322|0.0
0.008174166554891322|0.0
0.008174166554891322|0.0
0.008174166554891322|0.0
0.008174166554891322|0.0
0.008174166554891322|0.0
0.009631022787550349|0.0
0.009631022787550349|0.0
0.010073105159637661|0.0
0.010073105159637661|0.0
0.010073105159637661|0.0
