PredictedProbability|PredictedLabel
0.011989673722074221|0.0
0.012973649154608318|0.0
0.011383570207124528|0.0
0.012037180229196778|0.0
0.010596319954410958|0.0
0.010092431246107631|0.0
0.008977251118071997|0.0
0.00891288843061197|0.0
0.00891288843061197|0.0
0.00891288843061197|0.0
0.00891288843061197|0.0
0.00891288843061197|0.0
0.00891288843061197|0.0
0.00891288843061197|0.0
0.00891288843061197|0.0
0.00891288843061197|0.0
0.00891288843061197|0.0
0.00891288843061197|0.0
0.00891288843061197|0.0
0.00891288843061197|0.0
0.010710108493623348|0.0
0.010710108493623348|0.0
0.010710108493623348|0.0
0.010787308195968228|0.0
0.01201360399288985|0.0
0.00812461298470879|0.0
0.00812461298470879|0.0
0.00812461298470879|0.0
0.006914406455630774|0.0
0.007157770230021252|0.0
0.007157770230021252|0.0
0.007157770230021252|0.0
0.007157770230021252|0.0
0.007157770230021252|0.0
0.007157770230021252|0.0
0.007157770230021252|0.0
0.007157770230021252|0.0
0.007157770230021252|0.0
0.007157770230021252|0.0
0.007157770230021252|0.0
0.005953066646117517|0.0
0.005953066646117517|0.0
0.005953066646117517|0.0
0.0059102566385023595|0.0
0.0059102566385023595|0.0
0.0059102566385023595|0.0
0.0059102566385023595|0.0
0.0059102566385023595|0.0
0.0069664584015182345|0.0
