PredictedProbability|PredictedLabel
0.00765588054216886|0.0
0.007707548049531198|0.0
0.006241041216930429|0.0
0.005090466067431507|0.0
0.004269390249386058|0.0
0.004406316491394616|0.0
0.005325047558141739|0.0
0.004187404209430709|0.0
0.004187404209430709|0.0
0.004158551395001036|0.0
0.004524331094717618|0.0
0.004524331094717618|0.0
0.0041269982576735064|0.0
0.004887939435011156|0.0
0.00501468960137439|0.0
0.004821243504692941|0.0
0.004499558512347707|0.0
0.00465972685967865|0.0
0.005546133691963783|0.0
0.004758505856241235|0.0
0.005298618131730104|0.0
0.005079803013256947|0.0
0.004775763544863612|0.0
0.0053750726055906695|0.0
0.004475929020866137|0.0
0.004635260158448079|0.0
0.00491448766275802|0.0
0.004813137598457527|0.0
0.004270537567546118|0.0
0.004422589797740185|0.0
0.0045772753659704115|0.0
0.004513036353723862|0.0
0.004745604197801002|0.0
0.004813137598457527|0.0
0.005035194185455603|0.0
0.005796794965786197|0.0
0.004623928502495336|0.0
0.004721313299192556|0.0
0.0052457886159839795|0.0
0.004419928530825007|0.0
0.0043832286977963245|0.0
0.00469787490457529|0.0
