PredictedProbability|PredictedLabel
0.008795259560999882|0.0
0.009252701743278883|0.0
0.009361954604643372|0.0
0.008638900163951376|0.0
0.008823612167874736|0.0
0.008874818665098382|0.0
0.008847675637992037|0.0
0.009558573457672706|0.0
0.010055312920984756|0.0
0.008767947799130005|0.0
0.008767947799130005|0.0
0.0076742057257275665|0.0
0.007294227893459703|0.0
0.007294227893459703|0.0
0.007241881083925702|0.0
0.007115823302156701|0.0
0.007241881083925702|0.0
0.007241881083925702|0.0
0.007241881083925702|0.0
0.007241881083925702|0.0
0.007115823302156701|0.0
0.007115823302156701|0.0
0.007241881083925702|0.0
0.007241881083925702|0.0
0.007241881083925702|0.0
0.007241881083925702|0.0
0.007241881083925702|0.0
0.007241881083925702|0.0
0.007241881083925702|0.0
0.007241881083925702|0.0
0.007241881083925702|0.0
0.007241881083925702|0.0
0.007241881083925702|0.0
0.007241881083925702|0.0
0.009507168362864887|0.0
0.009507168362864887|0.0
0.009507168362864887|0.0
0.009507168362864887|0.0
0.007380290399511008|0.0
0.007380290399511008|0.0
0.007380290399511008|0.0
0.007380290399511008|0.0
0.007380290399511008|0.0
0.007380290399511008|0.0
0.007380290399511008|0.0
0.007764716414458451|0.0
0.007764716414458451|0.0
