PredictedProbability|PredictedLabel
0.0071005025742915|0.0
0.0064968730738158955|0.0
0.005578344813944718|0.0
0.00599527363146316|0.0
0.005578344813944718|0.0
0.0071557091138904775|0.0
0.006395478015959438|0.0
0.006110565516434388|0.0
0.006110565516434388|0.0
0.006988911573043555|0.0
0.007727164034916154|0.0
0.014420482663913898|0.0
0.01455940215079678|0.0
0.01455940215079678|0.0
0.01455940215079678|0.0
0.01455940215079678|0.0
0.012858159826728156|0.0
0.011635440834883395|0.0
0.0062266424656918975|0.0
