PredictedProbability|PredictedLabel
0.004966691750481198|0.0
0.005538176628345993|0.0
0.004861551797164042|0.0
0.004861551797164042|0.0
0.005081700522176175|0.0
0.005228236893518811|0.0
0.006208862497657531|0.0
0.006208862497657531|0.0
0.006208862497657531|0.0
0.006208862497657531|0.0
0.006208862497657531|0.0
0.006208862497657531|0.0
0.006208862497657531|0.0
0.006208862497657531|0.0
0.005538176628345993|0.0
0.005538176628345993|0.0
0.005538176628345993|0.0
0.005538176628345993|0.0
0.005538176628345993|0.0
0.005538176628345993|0.0
0.005538176628345993|0.0
0.005538176628345993|0.0
0.005538176628345993|0.0
0.005538176628345993|0.0
0.005538176628345993|0.0
0.005538176628345993|0.0
0.004861551797164042|0.0
0.004861551797164042|0.0
0.004861551797164042|0.0
0.004861551797164042|0.0
0.005538176628345993|0.0
0.005538176628345993|0.0
0.005538176628345993|0.0
0.005328407962773239|0.0
0.005328407962773239|0.0
0.005328407962773239|0.0
0.005328407962773239|0.0
0.005328407962773239|0.0
0.005244271444382241|0.0
0.005244271444382241|0.0
0.005244271444382241|0.0
0.005244271444382241|0.0
0.005973842967868439|0.0
