PredictedProbability|PredictedLabel
0.02608670434225872|0.0
0.008067891091889162|0.0
0.007224283378636227|0.0
0.007807170388912879|0.0
0.009047834345539673|0.0
0.009016634137554337|0.0
0.010070536807718057|0.0
0.010631611107076722|0.0
0.010631611107076722|0.0
0.010631611107076722|0.0
0.012956587494128351|0.0
0.012183606586636152|0.0
0.011993890011817956|0.0
0.010046313238991033|0.0
0.009618728429482186|0.0
0.009216814207621058|0.0
0.009216814207621058|0.0
0.009587630680541451|0.0
0.009587630680541451|0.0
0.009587630680541451|0.0
0.01236323191903024|0.0
0.013633075312489406|0.0
0.013764752241979273|0.0
0.013488909914771807|0.0
0.018818696811220063|0.0
0.017142476827482486|0.0
0.017142476827482486|0.0
0.019017749143008418|0.0
0.010959497012815745|0.0
0.01161234460967125|0.0
0.006799393072291336|0.0
0.006939399970398602|0.0
0.007093691636686669|0.0
0.007809380335438335|0.0
0.006826633401097262|0.0
0.0060039536426245415|0.0
0.0060039536426245415|0.0
0.005770933812992217|0.0
0.005770933812992217|0.0
0.005770933812992217|0.0
0.005770933812992217|0.0
0.005770933812992217|0.0
0.005770933812992217|0.0
0.005770933812992217|0.0
0.0051590039458965535|0.0
0.005367448550545601|0.0
0.005367448550545601|0.0
0.005367448550545601|0.0
0.005367448550545601|0.0
0.0051590039458965535|0.0
0.0051590039458965535|0.0
0.0051590039458965535|0.0
0.005770933812992217|0.0
