PredictedProbability|PredictedLabel
0.0034612406580311283|0.0
0.0036664295441866082|0.0
0.004571532920979887|0.0
0.005813693503569231|0.0
0.00542020671860576|0.0
0.006610476622593247|0.0
0.006869655602808073|0.0
0.0058309702394420855|0.0
0.006408343862537064|0.0
0.0058309702394420855|0.0
0.0058309702394420855|0.0
0.005015043866993209|0.0
0.004534722920587098|0.0
0.004534722920587098|0.0
0.004044142913935059|0.0
0.004013320401394295|0.0
0.0037718496420303237|0.0
0.0037718496420303237|0.0
0.003718870813255742|0.0
0.003718870813255742|0.0
0.004959374015310518|0.0
0.004959374015310518|0.0
0.004959374015310518|0.0
0.004959374015310518|0.0
0.004959374015310518|0.0
0.005333397860209493|0.0
0.005333397860209493|0.0
0.005035389868114358|0.0
0.006792442785265691|0.0
0.005333397860209493|0.0
0.005333397860209493|0.0
0.005333397860209493|0.0
0.005791977355649087|0.0
0.005333397860209493|0.0
0.005640422922089384|0.0
0.006723658093114965|0.0
0.007391006973578977|0.0
0.0061627125589575164|0.0
0.005779629581247747|0.0
