PredictedProbability|PredictedLabel
0.009970985954191922|0.0
0.010933455273817548|0.0
0.005316208895677657|0.0
0.0047778106468921696|0.0
0.005544984570145782|0.0
0.005467237234817983|0.0
0.006227633078998952|0.0
0.006227633078998952|0.0
0.006227633078998952|0.0
0.006227633078998952|0.0
0.005544984570145782|0.0
0.005467237234817983|0.0
0.005467237234817983|0.0
0.006227633078998952|0.0
0.007852113595878644|0.0
0.007852113595878644|0.0
0.007852113595878644|0.0
0.006894744338802301|0.0
0.007246157093077502|0.0
0.006542284826806513|0.0
0.006542284826806513|0.0
0.006542284826806513|0.0
