PredictedProbability|PredictedLabel
0.0062375425511963685|0.0
0.003958784877859577|0.0
0.0038235620108522366|0.0
0.0034436364323295484|0.0
0.0040229692800325435|0.0
0.06623940353404555|0.0
0.003711406784374869|0.0
0.003711406784374869|0.0
0.003711406784374869|0.0
0.004782022242035674|0.0
0.004782022242035674|0.0
0.004782022242035674|0.0
0.004995683747334919|0.0
0.004995683747334919|0.0
0.004995683747334919|0.0
0.004995683747334919|0.0
0.005493850394420092|0.0
0.004955718397271654|0.0
0.004955718397271654|0.0
0.004743758029731995|0.0
0.004743758029731995|0.0
0.005493850394420092|0.0
0.005493850394420092|0.0
0.005493850394420092|0.0
0.005493850394420092|0.0
0.005493850394420092|0.0
0.0037081621202448563|0.0
0.0037081621202448563|0.0
0.0037081621202448563|0.0
0.0039257338164457875|0.0
0.0039257338164457875|0.0
0.004093037617291117|0.0
0.003875679270083666|0.0
0.004093037617291117|0.0
0.003875679270083666|0.0
0.004093037617291117|0.0
0.004093037617291117|0.0
