PredictedProbability|PredictedLabel
0.003477304056880727|0.0
0.0034284481331007866|0.0
0.006019935192892831|0.0
0.005935568227681808|0.0
0.006790916502574702|0.0
0.006790916502574702|0.0
0.007089718866942092|0.0
0.006238401837142738|0.0
0.005935568227681808|0.0
0.006019935192892831|0.0
0.006019935192892831|0.0
0.005935568227681808|0.0
0.006019935192892831|0.0
0.006314680480353956|0.0
0.005935568227681808|0.0
0.005935568227681808|0.0
0.005935568227681808|0.0
0.005935568227681808|0.0
0.005935568227681808|0.0
0.005935568227681808|0.0
0.006626965590651008|0.0
0.007484319695784287|0.0
0.007267445947607147|0.0
0.006964827247890398|0.0
0.0074117189693299855|0.0
0.0070086861835227336|0.0
0.0070086861835227336|0.0
0.0070086861835227336|0.0
0.0070086861835227336|0.0
0.006519228674896261|0.0
0.007785981149178036|0.0
0.007560432718349656|0.0
0.007344622175770718|0.0
0.006988466438480902|0.0
0.006717494845409954|0.0
0.006717494845409954|0.0
0.0070086861835227336|0.0
0.005514667305778677|0.0
