PredictedProbability|PredictedLabel
0.0039423106792424315|0.0
0.005047286991163957|0.0
0.007489030090767401|0.0
0.006239746973600996|0.0
0.004078357099639069|0.0
0.00985601949416447|0.0
0.00985601949416447|0.0
0.003162108910302815|0.0
0.003162108910302815|0.0
0.003162108910302815|0.0
0.003162108910302815|0.0
0.003207181672708027|0.0
0.003162108910302815|0.0
0.003162108910302815|0.0
0.003162108910302815|0.0
0.008136210795583467|0.0
0.009270950714198901|0.0
0.008645502090125845|0.0
0.008645502090125845|0.0
0.008862607873067549|0.0
0.0076416517059091195|0.0
0.008080475393341164|0.0
0.007534729321682171|0.0
0.007534729321682171|0.0
0.008396801897785924|0.0
0.007534729321682171|0.0
0.0076416517059091195|0.0
0.0076416517059091195|0.0
0.007534729321682171|0.0
0.007534729321682171|0.0
0.007534729321682171|0.0
0.007534729321682171|0.0
0.007534729321682171|0.0
0.007534729321682171|0.0
0.007534729321682171|0.0
0.007534729321682171|0.0
0.007534729321682171|0.0
0.007534729321682171|0.0
0.005304300417334298|0.0
0.005304300417334298|0.0
0.005304300417334298|0.0
0.005304300417334298|0.0
0.005304300417334298|0.0
0.00611523722676687|0.0
0.00611523722676687|0.0
0.00611523722676687|0.0
0.006558847892630744|0.0
