PredictedProbability|PredictedLabel
0.396520216111291|0.0
0.396520216111291|0.0
0.4318643678344517|0.0
0.44909505096910296|0.0
0.44909505096910296|0.0
0.46711615472907386|0.0
0.4564707918423747|0.0
0.43924010870772345|0.0
0.43924010870772345|0.0
0.3993314010106973|0.0
0.3993314010106973|0.0
0.4396986423164644|0.0
0.4396986423164644|0.0
0.4396986423164644|0.0
0.3993314010106973|0.0
0.46300911081945806|0.0
0.4092970405043844|0.0
0.3993314010106973|0.0
0.46300911081945806|0.0
0.4396986423164644|0.0
0.4396986423164644|0.0
0.46300911081945806|0.0
0.46300911081945806|0.0
0.46300911081945806|0.0
0.40518131094339527|0.0
0.40518131094339527|0.0
0.422641869513691|0.0
0.3818708424404016|0.0
0.3818708424404016|0.0
0.3818708424404016|0.0
0.3818708424404016|0.0
0.39556010588797863|0.0
0.39556010588797863|0.0
0.3818708424404016|0.0
0.3818708424404016|0.0
0.3818708424404016|0.0
0.3818708424404016|0.0
0.3818708424404016|0.0
0.3818708424404016|0.0
0.4396986423164644|0.0
0.4396986423164644|0.0
