PredictedProbability|PredictedLabel
0.44351119686670176|0.0
0.5003595769107327|1.0
0.4652516874057361|0.0
0.45705322685852234|0.0
0.45562962643154836|0.0
0.45562962643154836|0.0
0.45562962643154836|0.0
0.44351119686670176|0.0
0.44351119686670176|0.0
0.44351119686670176|0.0
0.44351119686670176|0.0
0.4279652816481435|0.0
0.4279652816481435|0.0
0.45972428394441867|0.0
0.4400837112129901|0.0
0.45562962643154836|0.0
0.45562962643154836|0.0
0.44351119686670176|0.0
0.44351119686670176|0.0
0.4279652816481435|0.0
0.44351119686670176|0.0
0.44351119686670176|0.0
