PredictedProbability|PredictedLabel
0.4078741759384461|0.0
0.4078741759384461|0.0
0.4078741759384461|0.0
0.4078741759384461|0.0
0.4480267076962682|0.0
0.43337733402537876|0.0
0.3635160265665637|0.0
0.4480267076962682|0.0
0.4078741759384461|0.0
0.45923396487023005|0.0
0.506557273670091|1.0
0.380026469324059|0.0
0.5674337398052332|1.0
0.534426783248206|1.0
0.42330594767689966|0.0
0.44765001612489747|0.0
0.573928618499284|1.0
0.5468380270319388|1.0
0.4369952111244767|0.0
0.46967690627885245|0.0
0.4352387723411647|0.0
0.5893482555099818|1.0
0.5676326761930509|1.0
0.5059400376053818|1.0
0.42510485907309736|0.0
0.4104554854022079|0.0
0.3932248022675567|0.0
0.39556010588797863|0.0
0.39556010588797863|0.0
0.3818708424404016|0.0
0.3818708424404016|0.0
0.3818708424404016|0.0
0.396520216111291|0.0
0.4205104080072967|0.0
0.42510485907309736|0.0
0.4078741759384461|0.0
0.44909505096910296|0.0
0.4104554854022079|0.0
0.42156343938602314|0.0
0.396520216111291|0.0
0.42156343938602314|0.0
0.41020947955886805|0.0
0.43419967145487376|0.0
0.42510485907309736|0.0
0.43397468316975585|0.0
0.4318643678344517|0.0
0.44892803578874174|0.0
0.42510485907309736|0.0
0.4078741759384461|0.0
0.4352387723411647|0.0
0.44909505096910296|0.0
0.48353318490679065|0.0
0.4449698190393808|0.0
0.5108476397646926|1.0
0.498983035339696|0.0
