PredictedProbability|PredictedLabel
0.46321156223774906|0.0
0.46321156223774906|0.0
0.448427147202992|0.0
0.43833240687556624|0.0
0.4248677652304315|0.0
0.43833240687556624|0.0
0.45311682191032343|0.0
0.448427147202992|0.0
0.45311682191032343|0.0
0.46321156223774906|0.0
0.46321156223774906|0.0
0.46321156223774906|0.0
0.46321156223774906|0.0
0.46321156223774906|0.0
0.448427147202992|0.0
0.43833240687556624|0.0
0.4248677652304315|0.0
0.4248677652304315|0.0
0.4248677652304315|0.0
0.4248677652304315|0.0
0.4248677652304315|0.0
0.4396521802651886|0.0
0.46321156223774906|0.0
0.46321156223774906|0.0
0.46321156223774906|0.0
0.5800505728344779|1.0
0.5359165645902385|1.0
0.6245927992212392|1.0
0.5760254496105519|1.0
0.5001629438702031|1.0
0.5760254496105519|1.0
0.4147550305305495|0.0
0.4644975100866081|0.0
0.5893701481418403|1.0
0.45326750539503396|0.0
0.48524322905513423|0.0
0.5033204472580626|1.0
0.5104067934990021|1.0
0.46321156223774906|0.0
0.46321156223774906|0.0
0.46321156223774906|0.0
0.5421749168805874|1.0
0.5359165645902385|1.0
0.5077537886245105|1.0
0.4885360322233055|0.0
0.6042380452611279|1.0
0.5224519229451038|1.0
0.5077537886245105|1.0
0.607246439347614|1.0
0.5831117958514914|1.0
0.5077537886245105|1.0
0.5033204472580626|1.0
0.5893701481418403|1.0
0.5359165645902385|1.0
0.48524322905513423|0.0
0.5033204472580626|1.0
0.5104067934990021|1.0
0.46321156223774906|0.0
