PredictedProbability|PredictedLabel
0.44776819626594155|0.0
0.5234889929558203|1.0
0.42506770956477213|0.0
0.5815682996895946|1.0
0.5975018228685817|1.0
0.4673712385046772|0.0
0.5596148533482992|1.0
0.453368019647987|0.0
0.46437735363399824|0.0
0.5530839947139452|1.0
0.46437735363399824|0.0
0.6326710647665996|1.0
0.5376640422498441|1.0
0.6146857055725896|1.0
0.47287231477816294|0.0
0.6085668461646082|1.0
0.4692457227264666|0.0
0.5527589567710726|1.0
0.6150584168864686|1.0
0.4692457227264666|0.0
0.5462673860492122|1.0
0.3910870395981051|0.0
0.4692457227264666|0.0
0.4692457227264666|0.0
0.3037157426737707|0.0
