PredictedProbability|PredictedLabel
0.4078741759384461|0.0
0.4078741759384461|0.0
0.48439320975554623|0.0
0.49718132763993406|0.0
0.5229673955223383|1.0
0.49718132763993406|0.0
0.49718132763993406|0.0
0.49718132763993406|0.0
0.49718132763993406|0.0
0.47916022387996315|0.0
0.47916022387996315|0.0
0.5049462917623674|1.0
0.44909505096910296|0.0
0.49768483264090113|0.0
0.4796073500134905|0.0
0.4796073500134905|0.0
0.41903170148076524|0.0
0.4569025120763174|0.0
0.4569025120763174|0.0
0.4601979259200517|0.0
0.4396986423164644|0.0
0.43688745741705814|0.0
0.4643136554810409|0.0
0.43118464444143967|0.0
0.4601979259200517|0.0
0.4198306846142847|0.0
0.43688745741705814|0.0
0.37255786143185754|0.0
0.43688745741705814|0.0
0.4715518857472068|0.0
0.45838987625750177|0.0
0.4663188998716238|0.0
0.396520216111291|0.0
0.41881572999468586|0.0
0.42510485907309736|0.0
0.3818708424404016|0.0
0.4078741759384461|0.0
