PredictedProbability|PredictedLabel
0.4078741759384461|0.0
0.5347642413273843|1.0
0.4346740843289349|0.0
0.453156943646131|0.0
0.593888688653574|1.0
0.4716205492361678|0.0
0.415286666121088|0.0
0.43118464444143967|0.0
0.47437436413790746|0.0
0.43924010870772345|0.0
0.4564707918423747|0.0
0.43924010870772345|0.0
0.4564707918423747|0.0
0.43924010870772345|0.0
0.44937402197579085|0.0
0.4666047051104421|0.0
0.4666047051104421|0.0
0.4666047051104421|0.0
0.4564707918423747|0.0
0.42459073503683403|0.0
0.4139807746815867|0.0
0.396520216111291|0.0
0.4139807746815867|0.0
0.4482414172442131|0.0
0.43924010870772345|0.0
0.4482414172442131|0.0
0.4198306846142847|0.0
0.396520216111291|0.0
0.43118464444143967|0.0
0.4476504047109503|0.0
0.396520216111291|0.0
0.44709611690633694|0.0
0.4078741759384461|0.0
0.4078741759384461|0.0
0.4078741759384461|0.0
0.425895279698417|0.0
0.4078741759384461|0.0
0.4078741759384461|0.0
0.4078741759384461|0.0
0.4078741759384461|0.0
0.4078741759384461|0.0
0.4078741759384461|0.0
0.4078741759384461|0.0
0.4078741759384461|0.0
0.4078741759384461|0.0
0.4078741759384461|0.0
0.4796073500134905|0.0
0.4078741759384461|0.0
