PredictedProbability|PredictedLabel
0.712699113649261|1.0
0.7074790068662244|1.0
0.6963078284234308|1.0
0.6291166413011209|1.0
0.6479957220362843|1.0
0.6044103639755195|1.0
0.5703366486385028|1.0
0.47360560422771714|0.0
0.5771052386745316|1.0
0.6507116038574379|1.0
0.6507116038574379|1.0
0.5171819160951492|1.0
0.4088748713296506|0.0
0.4338439891860344|0.0
0.4088748713296506|0.0
0.4088748713296506|0.0
0.4088748713296506|0.0
0.4088748713296506|0.0
0.4088748713296506|0.0
0.4248677652304315|0.0
0.4088748713296506|0.0
0.4088748713296506|0.0
0.4088748713296506|0.0
0.4088748713296506|0.0
0.42851794686104194|0.0
0.4101608191785098|0.0
0.4088748713296506|0.0
0.4088748713296506|0.0
0.4088748713296506|0.0
0.4088748713296506|0.0
0.41151982809209453|0.0
0.45937571054396154|0.0
0.4088748713296506|0.0
0.4088748713296506|0.0
0.42851794686104194|0.0
0.4101608191785098|0.0
