PredictedProbability|PredictedLabel
0.396520216111291|0.0
0.3818708424404016|0.0
0.3932248022675567|0.0
0.3818708424404016|0.0
0.3818708424404016|0.0
0.396520216111291|0.0
0.3818708424404016|0.0
0.3818708424404016|0.0
0.396520216111291|0.0
0.3818708424404016|0.0
0.4078741759384461|0.0
0.396520216111291|0.0
0.4078741759384461|0.0
0.3818708424404016|0.0
0.42459073503683403|0.0
0.3818708424404016|0.0
0.3818708424404016|0.0
0.396520216111291|0.0
0.3818708424404016|0.0
0.3932248022675567|0.0
0.396520216111291|0.0
0.3993314010106973|0.0
0.3932248022675567|0.0
0.3993314010106973|0.0
0.396520216111291|0.0
0.3818708424404016|0.0
0.3818708424404016|0.0
0.39428208622413435|0.0
0.396520216111291|0.0
0.396520216111291|0.0
0.4482414172442131|0.0
0.49025271290018974|0.0
0.47437436413790746|0.0
0.5029178185164842|1.0
0.43118464444143967|0.0
0.4895729895071777|0.0
