PredictedProbability|PredictedLabel
0.41111474946590565|0.0
0.41111474946590565|0.0
0.3774599605533239|0.0
0.3885552867451718|0.0
0.43878922920547464|0.0
0.42465677945772623|0.0
0.42465677945772623|0.0
0.41004338283147357|0.0
0.42465677945772623|0.0
0.41004338283147357|0.0
0.41004338283147357|0.0
0.37990010701927923|0.0
0.3774599605533239|0.0
0.41270168057344103|0.0
0.4080552139903545|0.0
0.44328388763248894|0.0
0.3902808070579213|0.0
0.4679722093480829|0.0
0.368540316518887|0.0
0.3820823465107076|0.0
