PredictedProbability|PredictedLabel
0.40150282344788224|0.0
0.4233385950697775|0.0
0.4328070164871257|0.0
0.40043145681345005|0.0
0.4458579646442778|0.0
0.42591356210542647|0.0
0.42809580159685484|0.0
0.41455377160503426|0.0
0.41455377160503426|0.0
0.4344981741438856|0.0
0.422379744579039|0.0
0.41704873866644043|0.0
0.43699314120529176|0.0
0.40243534204018766|0.0
0.43699314120529176|0.0
0.422379744579039|0.0
0.4189522589253274|0.0
0.4362211228874747|0.0
0.40150282344788224|0.0
0.40243534204018766|0.0
0.3868894268216294|0.0
0.3868894268216294|0.0
0.40243534204018766|0.0
0.3868894268216294|0.0
0.3868894268216294|0.0
0.4068338293604808|0.0
0.4068338293604808|0.0
0.41704873866644043|0.0
0.40606181104266376|0.0
0.3868894268216294|0.0
0.40150282344788224|0.0
0.422379744579039|0.0
0.4068338293604808|0.0
0.42144722598673356|0.0
0.4406196102077679|0.0
0.4150188217267374|0.0
0.40606181104266376|0.0
0.4382130059434921|0.0
0.3867579452441382|0.0
0.40150282344788224|0.0
0.42054372609142526|0.0
0.42950073677549894|0.0
0.40150282344788224|0.0
0.40150282344788224|0.0
0.40150282344788224|0.0
0.4068338293604808|0.0
