PredictedProbability|PredictedLabel
0.396520216111291|0.0
0.3818708424404016|0.0
0.4078741759384461|0.0
0.396520216111291|0.0
0.4078741759384461|0.0
0.4078741759384461|0.0
0.3818708424404016|0.0
0.42510485907309736|0.0
0.4205104080072967|0.0
0.44909505096910296|0.0
0.42510485907309736|0.0
0.396520216111291|0.0
0.3932248022675567|0.0
0.3932248022675567|0.0
0.3818708424404016|0.0
0.396520216111291|0.0
0.3818708424404016|0.0
0.3932248022675567|0.0
0.3818708424404016|0.0
0.3818708424404016|0.0
0.3818708424404016|0.0
0.396520216111291|0.0
0.396520216111291|0.0
0.4205104080072967|0.0
0.40761204884252517|0.0
0.4078741759384461|0.0
0.4078741759384461|0.0
0.3932248022675567|0.0
0.3818708424404016|0.0
0.3818708424404016|0.0
0.396520216111291|0.0
0.3818708424404016|0.0
0.3818708424404016|0.0
0.3818708424404016|0.0
0.3818708424404016|0.0
0.3818708424404016|0.0
