PredictedProbability|PredictedLabel
0.4524075941271712|0.0
0.4248677652304315|0.0
0.4248677652304315|0.0
0.4248677652304315|0.0
0.4088748713296506|0.0
0.4748624140155878|0.0
0.4761483618644469|0.0
0.5925676611516539|1.0
0.5253972305761707|1.0
0.5144660342739958|1.0
0.5932537588576577|1.0
0.4248677652304315|0.0
0.4088748713296506|0.0
0.4088748713296506|0.0
0.4088748713296506|0.0
0.4088748713296506|0.0
0.4088748713296506|0.0
0.4088748713296506|0.0
0.4088748713296506|0.0
0.4088748713296506|0.0
0.4088748713296506|0.0
0.4748624140155878|0.0
0.4761483618644469|0.0
0.4950491537873799|0.0
0.4761483618644469|0.0
0.4101608191785098|0.0
0.4748624140155878|0.0
0.4761483618644469|0.0
0.4950491537873799|0.0
0.4761483618644469|0.0
0.4101608191785098|0.0
0.4248677652304315|0.0
0.4088748713296506|0.0
0.4248677652304315|0.0
0.591288456240366|1.0
0.5413901244769516|1.0
0.5144660342739958|1.0
0.5322288522562534|1.0
0.4088748713296506|0.0
0.4088748713296506|0.0
0.4088748713296506|0.0
0.4088748713296506|0.0
