PredictedProbability|PredictedLabel
0.4078741759384461|0.0
0.4078741759384461|0.0
0.45981622954011503|0.0
0.5005603449465372|1.0
0.4615062947528357|0.0
0.48157354266042685|0.0
0.45990120428258774|0.0
0.44909505096910296|0.0
0.44909505096910296|0.0
0.42510485907309736|0.0
0.4104554854022079|0.0
0.3932248022675567|0.0
0.3818708424404016|0.0
0.396520216111291|0.0
0.396520216111291|0.0
0.396520216111291|0.0
0.396520216111291|0.0
0.3932248022675567|0.0
0.3932248022675567|0.0
0.396520216111291|0.0
0.396520216111291|0.0
0.4078741759384461|0.0
0.396520216111291|0.0
0.4078741759384461|0.0
0.3932248022675567|0.0
0.3932248022675567|0.0
0.3818708424404016|0.0
0.3818708424404016|0.0
0.396520216111291|0.0
0.3818708424404016|0.0
0.4078741759384461|0.0
0.3818708424404016|0.0
0.3818708424404016|0.0
0.3818708424404016|0.0
0.3818708424404016|0.0
0.3859865720013908|0.0
0.3818708424404016|0.0
