PredictedProbability|PredictedLabel
0.48506394310081147|0.0
0.4174952077711184|0.0
0.33426147907626097|0.0
0.41378560381071|0.0
0.41265004339814376|0.0
0.41265004339814376|0.0
0.41265004339814376|0.0
0.41265004339814376|0.0
0.41265004339814376|0.0
0.41265004339814376|0.0
0.41265004339814376|0.0
0.41265004339814376|0.0
0.41265004339814376|0.0
0.41265004339814376|0.0
0.41265004339814376|0.0
0.41265004339814376|0.0
0.41265004339814376|0.0
0.41265004339814376|0.0
0.41265004339814376|0.0
0.41265004339814376|0.0
0.41265004339814376|0.0
0.41265004339814376|0.0
0.41265004339814376|0.0
0.41265004339814376|0.0
0.5671928020655822|1.0
0.6157253610611362|1.0
0.6239985080100685|1.0
0.6239985080100685|1.0
0.6239985080100685|1.0
0.6239985080100685|1.0
0.6239985080100685|1.0
0.6239985080100685|1.0
0.6239985080100685|1.0
0.6239985080100685|1.0
0.6239985080100685|1.0
0.6239985080100685|1.0
0.6239985080100685|1.0
0.6393800778004325|1.0
0.731433028348162|1.0
0.5906082331667751|1.0
0.6253257548133092|1.0
0.6393800778004325|1.0
0.6393800778004325|1.0
