PredictedProbability|PredictedLabel
0.3665225045160653|0.0
0.40771744928962966|0.0
0.4096093146346978|0.0
0.435274333819052|0.0
0.4270768736477842|0.0
0.4270768736477842|0.0
0.4270768736477842|0.0
0.3577151155770408|0.0
0.307033510274808|0.0
0.29020100370912183|0.0
0.2727334446960355|0.0
0.25223087216341344|0.0
0.23910766299676686|0.0
0.2312259030245632|0.0
0.2312259030245632|0.0
0.27782732565008905|0.0
0.27782732565008905|0.0
0.27782732565008905|0.0
0.27782732565008905|0.0
0.27782732565008905|0.0
0.30522885430177915|0.0
0.3346392813900604|0.0
0.34693431485233456|0.0
0.42944017047551564|0.0
0.33888673569627026|0.0
