PredictedProbability|PredictedLabel
0.29144029579207126|0.0
0.29144029579207126|0.0
0.26278395615804157|0.0
0.21987718504284218|0.0
0.21987718504284218|0.0
0.21987718504284218|0.0
0.21987718504284218|0.0
0.21987718504284218|0.0
0.21987718504284218|0.0
0.21987718504284218|0.0
0.21987718504284218|0.0
0.21987718504284218|0.0
0.21987718504284218|0.0
0.21987718504284218|0.0
0.2485335246768718|0.0
0.33046786483415796|0.0
0.29144029579207126|0.0
0.29144029579207126|0.0
0.29144029579207126|0.0
0.29144029579207126|0.0
0.29144029579207126|0.0
0.29144029579207126|0.0
0.29144029579207126|0.0
0.29144029579207126|0.0
0.3074443094524843|0.0
0.3074443094524843|0.0
0.3074443094524843|0.0
0.3074443094524843|0.0
0.3074443094524843|0.0
0.3074443094524843|0.0
0.3074443094524843|0.0
