PredictedProbability|PredictedLabel
0.2531095709072057|0.0
0.23944070369338596|0.0
0.28176591054123534|0.0
0.3522280806660751|0.0
0.257451701419305|0.0
0.23634471291483616|0.0
0.30247790503542377|0.0
0.35234592497668527|0.0
0.21385571661457795|0.0
0.2531095709072057|0.0
0.2531095709072057|0.0
0.2531095709072057|0.0
0.2531095709072057|0.0
0.23944070369338596|0.0
0.2531095709072057|0.0
0.2371236723698696|0.0
0.20478937171059308|0.0
0.20478937171059308|0.0
0.20478937171059308|0.0
0.2531095709072057|0.0
0.2371236723698696|0.0
0.2371236723698696|0.0
0.23944070369338596|0.0
0.23944070369338596|0.0
0.2531095709072057|0.0
0.2371236723698696|0.0
0.20478937171059308|0.0
0.20478937171059308|0.0
0.2371236723698696|0.0
0.241833663182604|0.0
0.28335883248136107|0.0
0.30712087705506297|0.0
0.2747865763957865|0.0
0.30710276193198605|0.0
0.30712087705506297|0.0
0.2747865763957865|0.0
0.2747865763957865|0.0
0.2747865763957865|0.0
0.2747865763957865|0.0
