PredictedProbability|PredictedLabel
0.33894693429629136|0.0
0.36022218691072705|0.0
0.3491572140803032|0.0
0.347047046960762|0.0
0.3504229584566523|0.0
0.2837587227278185|0.0
0.2818668573827503|0.0
0.2778322366903614|0.0
0.2778322366903614|0.0
0.30890144255783303|0.0
0.28606635305109884|0.0
0.32579607241673164|0.0
0.28606635305109884|0.0
0.27641271493562714|0.0
0.31614243430125993|0.0
0.27641271493562714|0.0
0.32397816603989654|0.0
0.32397816603989654|0.0
0.27641271493562714|0.0
0.27641271493562714|0.0
0.26147207371500913|0.0
0.27641271493562714|0.0
0.2585867803626375|0.0
0.2585867803626375|0.0
0.2585867803626375|0.0
0.29831649972827023|0.0
0.29831649972827023|0.0
0.2585867803626375|0.0
