PredictedProbability|PredictedLabel
0.2319400346681379|0.0
0.2319400346681379|0.0
0.25488392656967057|0.0
0.23410470201670108|0.0
0.23410470201670108|0.0
0.23410470201670108|0.0
0.23410470201670108|0.0
0.23410470201670108|0.0
0.23410470201670108|0.0
0.23410470201670108|0.0
0.23410470201670108|0.0
0.23410470201670108|0.0
0.23410470201670108|0.0
0.23410470201670108|0.0
0.23410470201670108|0.0
0.23410470201670108|0.0
0.23410470201670108|0.0
0.23410470201670108|0.0
0.23410470201670108|0.0
0.23410470201670108|0.0
0.23410470201670108|0.0
0.23410470201670108|0.0
0.23410470201670108|0.0
0.23410470201670108|0.0
0.23410470201670108|0.0
0.23410470201670108|0.0
0.23914311591912796|0.0
0.255147129579541|0.0
0.2645375383372849|0.0
0.28501975733713236|0.0
0.28501975733713236|0.0
0.2690157436767193|0.0
0.2690157436767193|0.0
0.2690157436767193|0.0
0.2690157436767193|0.0
0.3013500443359958|0.0
0.2690157436767193|0.0
0.2690157436767193|0.0
