PredictedProbability|PredictedLabel
0.4810625524756242|0.0
0.4635736732477939|0.0
0.3590941439116956|0.0
0.4733281308760998|0.0
0.36519286318563604|0.0
0.36519286318563604|0.0
0.38315731603204867|0.0
0.38315731603204867|0.0
0.38315731603204867|0.0
0.38315731603204867|0.0
0.38315731603204867|0.0
0.3493872908988538|0.0
0.2778233913603698|0.0
0.2778233913603698|0.0
0.2778233913603698|0.0
0.2778233913603698|0.0
0.2778233913603698|0.0
0.2778233913603698|0.0
0.2778233913603698|0.0
0.2778233913603698|0.0
