PredictedProbability|PredictedLabel
0.30656475086506496|0.0
0.3088817821885813|0.0
0.3388990515243414|0.0
0.29842092164356854|0.0
0.29842092164356854|0.0
0.2758749993879657|0.0
0.29842092164356854|0.0
0.29842092164356854|0.0
0.29842092164356854|0.0
0.27156124008639965|0.0
0.27156124008639965|0.0
0.26829932287052694|0.0
0.28448364826256156|0.0
0.3070295705181644|0.0
0.2764431520920233|0.0
0.2764431520920233|0.0
0.2764431520920233|0.0
0.2764431520920233|0.0
0.2764431520920233|0.0
0.2764431520920233|0.0
0.2764431520920233|0.0
0.2764431520920233|0.0
0.2764431520920233|0.0
0.2764431520920233|0.0
0.2764431520920233|0.0
0.2764431520920233|0.0
0.2764431520920233|0.0
0.27970506930789607|0.0
0.27970506930789607|0.0
0.27970506930789607|0.0
0.27970506930789607|0.0
0.27970506930789607|0.0
0.27970506930789607|0.0
0.27970506930789607|0.0
0.27970506930789607|0.0
0.27970506930789607|0.0
