PredictedProbability|PredictedLabel
0.4023726766622085|0.0
0.3464130608349404|0.0
0.30108510881686756|0.0
0.3407967623689858|0.0
0.328564681505329|0.0
0.35923878698899764|0.0
0.40422366301591595|0.0
0.3848394455996657|0.0
0.34247513729940693|0.0
0.3348960123273593|0.0
0.29247579841827986|0.0
0.29247579841827986|0.0
0.29068870614874387|0.0
0.3288283784811418|0.0
0.3895250746742513|0.0
0.3691483723087635|0.0
0.3587616766163347|0.0
0.3603336578360549|0.0
0.38348067325387813|0.0
0.3895250746742513|0.0
0.4149044272812549|0.0
0.3841410292233383|0.0
0.39847333016845293|0.0
0.38348067325387813|0.0
0.29068870614874387|0.0
0.29068870614874387|0.0
0.29068870614874387|0.0
0.3288283784811418|0.0
0.2922755724573299|0.0
0.2922755724573299|0.0
0.2922755724573299|0.0
0.3372901287742698|0.0
0.3380912652330726|0.0
0.37110005923548783|0.0
0.4024894895438183|0.0
0.4024894895438183|0.0
0.4024894895438183|0.0
0.41102585796964053|0.0
0.4024894895438183|0.0
