PredictedProbability|PredictedLabel
0.5347927974036704|1.0
0.3949288327224366|0.0
0.4329634242240938|0.0
0.5294419679695759|1.0
0.5160483728858146|1.0
0.5160483728858146|1.0
0.5160483728858146|1.0
0.5160483728858146|1.0
0.4980543089270005|0.0
0.4980543089270005|0.0
0.4754864194970466|0.0
0.4754864194970466|0.0
0.4754864194970466|0.0
0.4754864194970466|0.0
0.4754864194970466|0.0
0.42895086623778844|0.0
0.46377154840468676|0.0
0.43866536868794703|0.0
0.4704914363818805|0.0
0.4576441962584424|0.0
0.4704914363818805|0.0
0.4704914363818805|0.0
0.4704914363818805|0.0
0.4704914363818805|0.0
0.4704914363818805|0.0
0.4704914363818805|0.0
0.4704914363818805|0.0
0.4704914363818805|0.0
0.4704914363818805|0.0
0.4704914363818805|0.0
0.4576441962584424|0.0
0.4704914363818805|0.0
0.4704914363818805|0.0
0.4704914363818805|0.0
0.4704914363818805|0.0
0.4704914363818805|0.0
0.4704914363818805|0.0
0.4704914363818805|0.0
0.41657168190503713|0.0
0.4560807452279943|0.0
0.4400948466906581|0.0
0.4560807452279943|0.0
0.44099293189574523|0.0
0.4403307683992872|0.0
0.38747387431534547|0.0
0.4417042378451065|0.0
0.4417042378451065|0.0
0.4417042378451065|0.0
0.40322385114405257|0.0
0.4560807452279943|0.0
0.4560807452279943|0.0
0.49190773864068016|0.0
0.49190773864068016|0.0
0.49190773864068016|0.0
0.49190773864068016|0.0
0.49190773864068016|0.0
0.49190773864068016|0.0
0.49190773864068016|0.0
0.49190773864068016|0.0
0.49190773864068016|0.0
0.49190773864068016|0.0
0.48640819243991035|0.0
0.45642666078248817|0.0
0.49274234308043463|0.0
0.4987921154108905|0.0
0.4987921154108905|0.0
0.4987921154108905|0.0
0.4987921154108905|0.0
0.5155580049282557|1.0
0.464181294518277|0.0
