PredictedProbability|PredictedLabel
0.21647201587973552|0.0
0.21647201587973552|0.0
0.2229730151966586|0.0
0.2229730151966586|0.0
0.2229730151966586|0.0
0.2229730151966586|0.0
0.2229730151966586|0.0
0.2229730151966586|0.0
0.25805732584167324|0.0
0.2126752442348076|0.0
0.2126752442348076|0.0
0.2126752442348076|0.0
0.2126752442348076|0.0
0.2126752442348076|0.0
0.2126752442348076|0.0
0.2126752442348076|0.0
0.2126752442348076|0.0
0.2126752442348076|0.0
0.2126752442348076|0.0
0.2126752442348076|0.0
0.22848081652158986|0.0
0.22848081652158986|0.0
0.2126752442348076|0.0
