PredictedProbability|PredictedLabel
0.25429366804140907|0.0
0.22152709224780134|0.0
0.24060042835077855|0.0
0.2733670041443863|0.0
0.22656426439453944|0.0
0.22656426439453944|0.0
0.22656426439453944|0.0
0.22656426439453944|0.0
0.22656426439453944|0.0
0.22656426439453944|0.0
0.22656426439453944|0.0
0.22656426439453944|0.0
0.22815113070312548|0.0
0.22815113070312548|0.0
0.22815113070312548|0.0
0.24309177192374348|0.0
0.24309177192374348|0.0
0.24309177192374348|0.0
0.24309177192374348|0.0
0.24309177192374348|0.0
0.24309177192374348|0.0
0.24309177192374348|0.0
0.22815113070312548|0.0
0.24309177192374348|0.0
0.24150490561515753|0.0
0.22656426439453944|0.0
0.24150490561515753|0.0
0.24150490561515753|0.0
0.24150490561515753|0.0
0.24150490561515753|0.0
0.24150490561515753|0.0
0.24150490561515753|0.0
0.24150490561515753|0.0
0.24150490561515753|0.0
0.24150490561515753|0.0
0.24150490561515753|0.0
0.24150490561515753|0.0
0.24150490561515753|0.0
0.24150490561515753|0.0
0.24150490561515753|0.0
0.24150490561515753|0.0
0.24150490561515753|0.0
0.24150490561515753|0.0
0.24150490561515753|0.0
0.24150490561515753|0.0
0.22367897104216777|0.0
