PredictedProbability|PredictedLabel
0.50533275290782|1.0
0.49551591440897613|0.0
0.4739991717025782|0.0
0.4857696574843194|0.0
0.5070920521341984|1.0
0.4727909113837301|0.0
0.4427586207557201|0.0
0.4262461207578021|0.0
0.42046166319502426|0.0
0.4471347693842583|0.0
0.4541251343824429|0.0
0.43949433975226093|0.0
0.4205207718141031|0.0
0.4167929334931683|0.0
0.4275413034459651|0.0
0.4450013067457678|0.0
0.475191999634857|0.0
0.5138923911736896|1.0
0.4604525302537379|0.0
0.431779118042552|0.0
0.43113516508610894|0.0
0.431215112068059|0.0
0.4225603057587659|0.0
0.4193314920080741|0.0
0.4197026257699246|0.0
0.44605479234664713|0.0
0.4807688840269698|0.0
0.47292712954854343|0.0
0.489524321740115|0.0
0.5192189053057247|1.0
0.5323350647219891|1.0
0.5081715618765765|1.0
0.47587634888570907|0.0
0.4597710440022091|0.0
0.44980291110823745|0.0
0.45406902014701117|0.0
0.45822606640810387|0.0
0.45284487965198805|0.0
0.4809948659992377|0.0
0.5015812487915889|1.0
0.5168062602635429|1.0
0.5368825557115752|1.0
0.5233365027392551|1.0
0.5271940883795818|1.0
0.5226679789827177|1.0
0.4990990546672954|0.0
