PredictedProbability|PredictedLabel
0.5372174753379059|1.0
0.5824383001684291|1.0
0.5752440647439089|1.0
0.4605528791304958|0.0
0.38971455936153593|0.0
0.34331169608346834|0.0
0.3216861425732608|0.0
0.3421627485932629|0.0
0.39725331743800446|0.0
0.43018679226713075|0.0
0.4263558949107755|0.0
0.4143032951004339|0.0
0.3979003385764897|0.0
0.3834693797373001|0.0
0.39507318123920093|0.0
0.3755331168299808|0.0
0.42612612069772987|0.0
0.4314759787879377|0.0
0.4343174509524713|0.0
0.4140219739919686|0.0
0.4052264623559784|0.0
0.42123975704123495|0.0
0.4357169568932315|0.0
