PredictedProbability|PredictedLabel
0.6114643757864923|1.0
0.7180067612688903|1.0
0.7369459523775771|1.0
0.6993785220335578|1.0
0.6897955531679533|1.0
0.6976713833885468|1.0
0.6563490695242805|1.0
0.6717802658945938|1.0
0.6666633327586454|1.0
0.3632695695272024|0.0
0.38507390630475613|0.0
0.5921462286948324|1.0
0.6399074875792726|1.0
0.7531491575916784|1.0
0.7165319804531062|1.0
0.635849506583276|1.0
0.6389609753200906|1.0
0.7147735559187588|1.0
0.6486875175273444|1.0
0.6031201017572253|1.0
0.6472011433147474|1.0
0.6511839348380696|1.0
0.6626054906651151|1.0
0.6400455045324264|1.0
0.6586810232899528|1.0
0.6866143414058594|1.0
0.6702526035616336|1.0
0.6248026331468606|1.0
0.6474777821089898|1.0
0.6819256681139826|1.0
0.7029779645273088|1.0
0.7116126803820056|1.0
0.6447533461109775|1.0
0.640116118825897|1.0
0.6038518765648923|1.0
0.5337722729492148|1.0
0.6029901213044628|1.0
0.5789319777259426|1.0
0.47856565634163556|0.0
0.49770821468231063|0.0
0.663452037069045|1.0
0.6134163670163799|1.0
0.5414280282369334|1.0
0.6128601072134237|1.0
0.6191824110480466|1.0
