PredictedProbability|PredictedLabel
0.18175265569783272|0.0
0.16794238953868207|0.0
0.17054631788848457|0.0
0.2501786191736945|0.0
0.29596135314608196|0.0
0.30944867188883557|0.0
0.30879191339901507|0.0
0.30640688796170545|0.0
0.3023548182267161|0.0
0.3023548182267161|0.0
0.3023548182267161|0.0
0.27359547688793634|0.0
0.25287501914377863|0.0
0.2313459836976101|0.0
0.2313459836976101|0.0
0.1768367133836094|0.0
0.1576036190862014|0.0
0.1560921399621258|0.0
0.1560921399621258|0.0
0.18663292568656378|0.0
0.20150017009601207|0.0
0.20956436546809137|0.0
0.20956436546809137|0.0
0.2024734431563951|0.0
0.2031167869394839|0.0
0.2085857551419118|0.0
0.19439943621753814|0.0
0.20367305559481882|0.0
0.21243782759810162|0.0
0.21211078672524028|0.0
0.21211078672524028|0.0
0.20526541129782122|0.0
0.19736954934345413|0.0
0.19082052566618107|0.0
0.19082052566618107|0.0
0.19082052566618107|0.0
0.1992171138312678|0.0
0.20460911171608226|0.0
0.2087219674889508|0.0
0.2542215040861822|0.0
0.28501487015152827|0.0
0.28302989884823043|0.0
