PredictedProbability|PredictedLabel
0.4694519063571427|0.0
0.4338280813517179|0.0
0.4232261756647147|0.0
0.37023259573431155|0.0
0.4419667118149479|0.0
0.4952075105475214|0.0
0.5137804364079624|1.0
0.5207125001653192|1.0
0.5228239192212608|1.0
0.5311178935332415|1.0
0.5458552504349286|1.0
0.5395231482087828|1.0
0.5580159555709268|1.0
0.5484395636491188|1.0
0.5368164402711615|1.0
0.582760843729305|1.0
0.5938031228492267|1.0
0.593353277120739|1.0
0.5953114104725659|1.0
0.6199280516184916|1.0
0.6277547619819014|1.0
0.6213753883976478|1.0
0.6162162471297126|1.0
0.5949708339909922|1.0
0.5898653845658041|1.0
0.6111573488276801|1.0
0.6283561698749309|1.0
0.5826570775186933|1.0
0.5543722595128435|1.0
0.5588555947082132|1.0
0.5717382721347788|1.0
0.5701951426055286|1.0
0.5750151220594184|1.0
0.5895320195913218|1.0
0.5824933424203852|1.0
0.5856044889360785|1.0
0.6320666594124624|1.0
0.6387616816080663|1.0
0.5866423408586146|1.0
0.5743675086819614|1.0
0.5693200379223177|1.0
0.5613677956054056|1.0
0.5409419695842809|1.0
0.5686356959190029|1.0
0.5979621405179194|1.0
0.5936767681433536|1.0
0.5951688271605078|1.0
0.5699581368763205|1.0
0.5546165217025436|1.0
0.5548595157199182|1.0
0.5597020303658174|1.0
0.5632880340474711|1.0
0.5523217770528152|1.0
0.5437042282628024|1.0
