PredictedProbability|PredictedLabel
0.2357224337063048|0.0
0.23170142546584002|0.0
0.2830011657621391|0.0
0.3056013958167078|0.0
0.2828127590407824|0.0
0.29586404544907713|0.0
0.2881370642872685|0.0
0.25038211815274264|0.0
0.23001769035971653|0.0
0.23626945415541128|0.0
0.23887751237902863|0.0
0.22717149583303578|0.0
0.23160127520974702|0.0
0.2305254011131703|0.0
0.22286401359233515|0.0
0.22490469548216527|0.0
0.21884412175095366|0.0
0.21338047342187594|0.0
0.22362803461831643|0.0
0.22387329053770075|0.0
0.23092731422578727|0.0
0.24611168600782563|0.0
