PredictedProbability|PredictedLabel
0.3437907392863184|0.0
0.3301698290885761|0.0
0.35853405031533836|0.0
0.3703267264175548|0.0
0.37973908947458107|0.0
0.3895849311164909|0.0
0.3935105352161081|0.0
0.3994308196571768|0.0
0.41017193721299183|0.0
0.41950224907599676|0.0
0.4124745080957121|0.0
0.3907962247291285|0.0
0.38335314260276127|0.0
0.3896344112782623|0.0
0.38508833856404784|0.0
0.3912227977472055|0.0
0.40847358169969566|0.0
0.4177852786719121|0.0
0.4561505290388504|0.0
0.4908101153780386|0.0
0.49394837432228145|0.0
0.479878710173675|0.0
0.44519009919801106|0.0
0.4107368541679889|0.0
0.39444485952635017|0.0
0.3795914425879865|0.0
