PredictedProbability|PredictedLabel
0.42003171644727916|0.0
0.5665418686693398|1.0
0.32282809203552126|0.0
0.48762166782034577|0.0
0.4626012253677652|0.0
0.5086640136265028|1.0
0.45521471380483947|0.0
0.321300899533072|0.0
0.611542819490247|1.0
0.6918524784267247|1.0
0.6508377125164825|1.0
0.6183224880577308|1.0
0.7002548803890571|1.0
0.6964884207166149|1.0
0.662779395814479|1.0
0.6747563771517016|1.0
0.6861384086337471|1.0
0.6745525243291379|1.0
0.6564194937122793|1.0
0.652905484749792|1.0
0.6548377285472803|1.0
0.515171578980943|1.0
