PredictedProbability|PredictedLabel
0.3583892058424424|0.0
0.3511370322043009|0.0
0.38916161647022784|0.0
0.39404081596931634|0.0
0.3128573389237282|0.0
0.28189061312351543|0.0
0.27365580696035396|0.0
0.2729757530151431|0.0
0.25519143489399343|0.0
0.259870406815516|0.0
0.24342905145820884|0.0
0.23973525634502554|0.0
0.2563419337488752|0.0
0.2631396048814652|0.0
0.28637273397496293|0.0
0.3145284206107251|0.0
0.3291468481484527|0.0
0.3333719654848423|0.0
0.3204341235253848|0.0
0.3083228522502816|0.0
0.25274902767331664|0.0
0.4649406003477545|0.0
0.5614011122854441|1.0
0.5968762433983923|1.0
0.4980820975420279|0.0
0.4595720937664732|0.0
0.4779358590590446|0.0
0.43922182996431847|0.0
0.4534100320477799|0.0
0.44076203856076723|0.0
0.41639592724042374|0.0
0.4214525458888351|0.0
0.4463982183021632|0.0
0.45220287941789405|0.0
0.4596788647385656|0.0
0.4697369736850832|0.0
0.4693033855244327|0.0
