PredictedProbability|PredictedLabel
0.24091252734664456|0.0
0.2828056324672273|0.0
0.3157751253086726|0.0
0.3017016024334126|0.0
0.28586024497535023|0.0
0.3132986686088167|0.0
0.3304569403648899|0.0
0.33380784010515374|0.0
0.35134825017133253|0.0
0.366501901685345|0.0
0.3420389834995195|0.0
0.34641312982553546|0.0
0.32142552580009354|0.0
0.2745815521097327|0.0
0.26092407409205687|0.0
0.2766404078911209|0.0
0.28137243093589276|0.0
0.30891279464486643|0.0
0.3058392712152533|0.0
0.302111563097686|0.0
0.31437865989956915|0.0
0.3110178175779946|0.0
0.3079328572704848|0.0
0.4138480071120378|0.0
0.3887359185601488|0.0
0.34494244507061655|0.0
0.34130818183993433|0.0
0.34376434969179964|0.0
0.3337799846394719|0.0
0.3304932964879566|0.0
0.3072905683314313|0.0
0.3283290136512227|0.0
0.388596580151662|0.0
0.34876655749288993|0.0
0.2862028286695416|0.0
0.331463426309789|0.0
0.3534937292972332|0.0
