PredictedProbability|PredictedLabel
0.00421979812058286|1.0
0.003957324148428419|1.0
0.003463515784494579|1.0
0.003930018565485984|1.0
0.004062223581366092|1.0
0.004029935384942388|1.0
0.0033712926717103836|1.0
0.003563970355251201|1.0
0.0036977960887677017|1.0
0.0028274866187942022|1.0
0.0026616964788412525|1.0
0.0027228305332045394|1.0
0.0027814240389453866|1.0
0.0023964117015686744|1.0
0.0023301335197049443|1.0
0.0023847147077494172|1.0
0.0020761352839779117|1.0
0.00207519600969631|1.0
0.0018164854152156208|1.0
0.001949982045203115|1.0
0.002350895061143861|1.0
0.002793633724068699|1.0
0.002958161157792785|1.0
0.0033397732680301323|1.0
0.003642730758650567|1.0
0.003650623084179595|1.0
0.0037597307196661654|1.0
0.003963800710634267|1.0
0.004295729851544163|1.0
0.0037242868466517702|1.0
0.0033968957501534984|1.0
0.003515077917018021|1.0
0.0032779528235143906|1.0
0.002912245776613673|1.0
0.00270578352438289|1.0
0.0033967016590729904|1.0
0.0037409881183370283|1.0
0.004093776090923876|1.0
0.003519561393822298|1.0
0.003237498158886418|1.0
0.003173358323819437|1.0
