PredictedProbability|PredictedLabel
0.006801962352446107|1.0
0.005258044955176798|1.0
0.00451638746075043|1.0
0.0043302989336340735|1.0
0.0032029637014835866|1.0
0.0033404554282530008|1.0
0.003272793090136468|1.0
0.004149440353339463|1.0
0.0041904738844883585|1.0
0.004303166555998415|1.0
0.0043459712576321904|1.0
0.004104117189124655|1.0
0.004110765682868136|1.0
0.0038393354631163653|1.0
0.003175739561806627|1.0
0.0042670480581547925|1.0
0.00465678694027405|1.0
0.004469753694563418|1.0
0.004543875745349022|1.0
0.005462807932976866|1.0
0.005285318919820935|1.0
