PredictedProbability|PredictedLabel
0.01077648677483873|1.0
0.010403817882830166|1.0
0.008896578448655101|1.0
0.007183951183128554|1.0
0.004499162949605907|1.0
0.004583030751958208|1.0
0.002655337801645188|1.0
0.0027196973560890286|1.0
0.0035211416019417193|1.0
0.0036340396070534504|1.0
0.004812120140768056|1.0
0.004953169323381655|1.0
0.005150331439574843|1.0
0.00517062609403091|1.0
0.004534360734824049|1.0
0.006114477745416557|1.0
0.004083923020370435|1.0
0.0039003977384140963|1.0
0.006030412126684305|1.0
0.00733357544350608|1.0
0.006736889854743388|1.0
0.009371895764086697|1.0
0.009687883903114041|1.0
0.008905290714560414|1.0
0.006577563741850039|1.0
0.006293620425125564|1.0
0.007914865509128973|1.0
0.0061566323748649615|1.0
0.0056569166007542585|1.0
0.008685619656562671|1.0
0.01250728280891789|1.0
0.006862255849635028|1.0
0.006115253756593277|1.0
0.00789254529071007|1.0
0.006352309069143896|1.0
0.007976222450648657|1.0
0.008866141959707814|1.0
0.009834083465456925|1.0
0.009354056264491003|1.0
0.008672549521263161|1.0
