PredictedProbability|PredictedLabel
0.003084623264183983|1.0
0.0008851295246504093|0.0
0.0006210153699381996|0.0
0.0006093416967618336|0.0
0.00043753398107900735|0.0
0.00038477954739014663|0.0
0.00031422542860846025|0.0
0.00048332961179848753|0.0
0.0005988955476606585|0.0
0.0006738661412134539|0.0
0.0009105761432525491|0.0
0.0011525315358296955|0.0
0.001156697507463308|0.0
0.0008908598256436482|0.0
0.0012327506988660546|0.0
0.0012458019794350903|0.0
0.001835243278267274|0.0
0.0023784668987599693|1.0
0.0032776066484828527|1.0
0.004071124072424987|1.0
0.004420961190098751|1.0
0.004606707080197974|1.0
0.003300189606253814|1.0
0.0025471640763790903|1.0
0.003935890095902052|1.0
0.003910878148784619|1.0
0.001773830229859059|0.0
0.002173298566750799|0.0
0.0026005423464715294|1.0
0.0022977623228205603|0.0
0.001379023652725412|0.0
0.0010489410491065546|0.0
0.0015745414556173382|0.0
0.001512827778803471|0.0
0.0011632307537920899|0.0
0.0010905547140282333|0.0
0.0011707455678980942|0.0
0.0010282345978777775|0.0
0.0012868966347825937|0.0
0.001376986279829878|0.0
