PredictedProbability|PredictedLabel
0.009704619572509758|1.0
0.007354113032691645|1.0
0.006710677309640961|1.0
0.007309651884675214|1.0
0.006686170732630339|1.0
0.005244671929407118|1.0
0.003999464209682868|1.0
0.005338498383291911|1.0
0.005980049295141032|1.0
0.005788557418160285|1.0
0.0059020794032634966|1.0
0.00777057474765267|1.0
0.008099704711991725|1.0
0.006846821818790785|1.0
0.007235950516689329|1.0
0.007138724210436499|1.0
0.0076615969958907385|1.0
0.00866562639660564|1.0
0.009296057509894987|1.0
0.008673053976104562|1.0
0.005236082019827381|1.0
0.005205129723150713|1.0
0.004621251220880774|1.0
0.004421663688934592|1.0
0.0050021225619664815|1.0
0.005416305514789799|1.0
0.00923081742365628|1.0
0.009043802413980728|1.0
0.008230169763822157|1.0
0.007958728730049098|1.0
