PredictedProbability|PredictedLabel
0.005609418661132706|1.0
0.0055980869708402116|1.0
0.005752100331227494|1.0
0.004647858444193948|1.0
0.005143066607436209|1.0
0.004634653425673867|1.0
0.00485235937007929|1.0
0.003690277733714452|1.0
0.003073572521237458|1.0
0.005480229321061828|1.0
0.005627335001016875|1.0
0.004156017265344948|1.0
0.004575235418955543|1.0
0.003814343048367111|1.0
0.00445071873948187|1.0
0.004888023556309802|1.0
0.00458132450506373|1.0
0.004592454687657873|1.0
0.005116033955873816|1.0
0.0050204080993843|1.0
0.004363833135727634|1.0
