PredictedProbability|PredictedLabel
0.008707903493965666|1.0
0.0075863998797731655|1.0
0.007702238350900989|1.0
0.005622799686106599|1.0
0.005814083586163547|1.0
0.006139603021166469|1.0
0.005613287009259745|1.0
0.00523959976090924|1.0
0.0059509087859311565|1.0
0.00816063551459226|1.0
0.0047184624987574265|1.0
0.003937298254398375|1.0
0.003327668256473492|1.0
0.004882555536064128|1.0
0.004247786317044691|1.0
0.003718172807659027|1.0
0.005123149389249343|1.0
0.0059344902271248196|1.0
0.007156936059766043|1.0
0.0069182443313490815|1.0
0.005456435136224948|1.0
0.005944089326687231|1.0
0.006264475796453542|1.0
0.006649164105916079|1.0
0.006410657548752395|1.0
0.006061230770997238|1.0
0.007036596932697692|1.0
0.006388709852194379|1.0
0.004864863983902156|1.0
0.004127499089694792|1.0
0.005281404540078353|1.0
0.0037918554867541364|1.0
0.003060146158860169|1.0
0.0037637036387837513|1.0
0.002722460947920838|1.0
0.0038640306691951633|1.0
