PredictedProbability|PredictedLabel
0.005233321493250571|1.0
0.004528689730168214|1.0
0.004457732985935053|1.0
0.004251825759852417|1.0
0.0041437313512369366|1.0
0.004002289447401513|1.0
0.0034206222845954326|1.0
0.003413679746893703|1.0
0.0030312879932430864|1.0
0.003990587941584546|1.0
0.0036615658870277814|1.0
0.00375249337384512|1.0
0.003452842874853669|1.0
0.0036332861976695386|1.0
0.003737555585791557|1.0
0.0041252142314509264|1.0
0.0035292385878751323|1.0
0.003728618387095507|1.0
0.003944556407805474|1.0
0.004537393003602342|1.0
0.0037711665075961824|1.0
0.0037804308188771154|1.0
0.004141826632434106|1.0
0.0050800335393616555|1.0
0.00505154348001292|1.0
0.005001948206472253|1.0
0.004763909786014107|1.0
0.0040590430935827405|1.0
0.004407318116142903|1.0
0.0046463025114053345|1.0
0.004739963773597293|1.0
0.004928695472432482|1.0
0.004963920058085172|1.0
0.004546237282145974|1.0
0.004234927122442951|1.0
0.004299209640238737|1.0
0.004221573880632842|1.0
0.00457032455967392|1.0
0.0032083188701639764|1.0
0.0024138253074295155|1.0
0.0027848841110802236|1.0
0.002944674965997198|1.0
