PredictedProbability|PredictedLabel
0.003190011331543795|1.0
0.0010950371790112115|0.0
0.0010984172274796178|0.0
0.0010577269594558597|0.0
0.0012027731410349462|0.0
0.0011759704020149195|0.0
0.0010158280740195087|0.0
0.003586172010460447|1.0
0.003530925829709664|1.0
0.002792161513373123|1.0
0.0028015944439049455|1.0
0.0033930743053364777|1.0
0.00229361732400645|1.0
0.002172087227959921|1.0
0.002527027387428407|1.0
0.0026841986138751925|1.0
0.0028920298030598616|1.0
0.003133340480325515|1.0
0.002261043551067999|1.0
0.0021797625487995956|1.0
0.0025805719850964816|1.0
0.002367660264334002|1.0
0.002431457162247292|1.0
0.001570952459197503|0.0
0.0020361619058666762|1.0
0.0015135081907421686|0.0
0.001317148197348481|0.0
0.0023747557732351717|1.0
0.002152431267913931|1.0
0.0011353282658719773|0.0
0.001533633054288809|0.0
0.0009288737138315515|0.0
0.0009940848208462322|0.0
0.0010062620141175736|0.0
0.0007827258454234495|0.0
0.0010377206501349632|0.0
0.0010972047549488956|0.0
0.0024681319875688996|1.0
0.0024643501867438744|1.0
0.0020694516880322934|1.0
0.0020066496769348082|1.0
0.0017401288342701264|0.0
0.0017638417287616753|0.0
0.0021713492059008085|1.0
0.0019762886787377245|1.0
0.002089468923418429|1.0
0.0017965999203219713|1.0
