PredictedProbability|PredictedLabel
0.010795189221182926|1.0
0.008574415149817721|1.0
0.005694997802300086|1.0
0.003872392658136734|1.0
0.002941118139382408|1.0
0.0026463168498437927|1.0
0.0009833357933244327|0.0
0.0012428702289161563|0.0
0.0011379760927609289|0.0
0.000920008960915436|0.0
0.0008760301949768605|0.0
0.0011303229057539686|0.0
0.0021028114413449693|0.0
0.0024240690308613344|1.0
0.0016739293544292373|0.0
0.0012306126534342551|0.0
0.003222583486967626|1.0
0.0020746500065758696|0.0
0.0016509908868996518|0.0
0.002078145908012787|0.0
0.0026461623547329445|1.0
0.005722556799814131|1.0
0.0065960875566969624|1.0
0.0089744353345911|1.0
0.007405556833483814|1.0
0.008198038808027037|1.0
0.0018196655811929588|0.0
0.0016440573440392263|0.0
0.001788935594616433|0.0
0.0019106504607314385|0.0
0.0013804031321394802|0.0
0.0015969504456064614|0.0
0.004553133527313075|1.0
0.003998957595837814|1.0
0.005041242206430828|1.0
0.005194187163364181|1.0
0.004976310041708526|1.0
0.006649097175711756|1.0
0.0059933966644382915|1.0
0.004809492032039122|1.0
0.0038857164009903434|1.0
