PredictedProbability|PredictedLabel
0.0071972538922168705|1.0
0.0071331038581708955|1.0
0.006070850178906297|1.0
0.005866615096909466|1.0
0.005098555846125502|1.0
0.004669545123892566|1.0
0.00579784274181843|1.0
0.004797959675494676|1.0
0.0073585714877805785|1.0
0.008131670114995763|1.0
0.006951163298898856|1.0
0.006973007667518898|1.0
0.0069820907144630805|1.0
0.005195712580461336|1.0
0.004561546232924821|1.0
0.005095071724177862|1.0
0.004952774966053019|1.0
0.006215614366580917|1.0
0.005243397881746591|1.0
0.007636181040183176|1.0
0.005661164827436175|1.0
0.004644110078159585|1.0
0.005245188661224967|1.0
0.004603969044589883|1.0
0.004439371777890587|1.0
0.004627366997021342|1.0
0.004811958245154539|1.0
0.005547247955417615|1.0
0.005133183384462276|1.0
0.004777237853714534|1.0
0.004689671129911221|1.0
0.005373000624971041|1.0
0.006507323102861172|1.0
0.005549064789075141|1.0
0.005517542028369738|1.0
0.005298874868734896|1.0
0.005331527885097629|1.0
0.005013355560557185|1.0
0.0047268277683539875|1.0
0.005276777484347304|1.0
0.005286080831259886|1.0
0.006123849577871775|1.0
0.007577426949119994|1.0
0.00563875304589084|1.0
0.00588946196379778|1.0
0.006465144542002295|1.0
0.005171945106513444|1.0
0.005293802102699503|1.0
0.004761755177161156|1.0
