PredictedProbability|PredictedLabel
0.00668044338092275|1.0
0.006851945540374189|1.0
0.007250887442663044|1.0
0.008145255230559227|1.0
0.006969187773076259|1.0
0.0062722494788203|1.0
0.0056044900530267385|1.0
0.005384296677364501|1.0
0.0049519507898962475|1.0
0.004544573718031431|1.0
0.004302881618197439|1.0
0.004243112020825879|1.0
0.004680866383633507|1.0
0.005944172102606434|1.0
0.005385647656548954|1.0
0.005122756544993746|1.0
0.0033345178509535034|1.0
0.003007652076837608|1.0
0.003237407499853583|1.0
0.002766458974260465|1.0
0.002949280571604389|1.0
0.0026852833180846594|1.0
0.0029273101010815327|1.0
0.0031541006641609536|1.0
0.0030967094209907683|1.0
0.0030808740447239584|1.0
0.0035803212395359462|1.0
0.004209658931201316|1.0
0.0044803658882568865|1.0
0.005679106255354078|1.0
0.0058312885416390145|1.0
0.006554224162625383|1.0
0.006545334737090715|1.0
0.006597315846617185|1.0
0.005736037669038572|1.0
0.005972788365214571|1.0
0.006687291809488873|1.0
0.007891321592369797|1.0
0.008773201293626926|1.0
0.008354704710301657|1.0
0.008219471739981356|1.0
0.007972263298771785|1.0
0.007359845750470821|1.0
0.0073715822094513606|1.0
