PredictedProbability|PredictedLabel
0.005247852657416216|1.0
0.004278665307727368|1.0
0.004048565499263561|1.0
0.002286443497314288|0.0
0.0018660110401494245|0.0
0.0014805606957806032|0.0
0.0010788130643008622|0.0
0.0012036252727263802|0.0
0.0011776285982400586|0.0
0.0005190855049006844|0.0
0.0004993810843176862|0.0
0.0007629446239892636|0.0
0.0007650063081941649|0.0
0.0005994398773659635|0.0
0.0007434766142057523|0.0
0.001753424933654957|0.0
0.0018773649411482213|0.0
0.001846011026205397|0.0
0.0019856566744583326|0.0
0.003296257673958201|1.0
0.0019251754512618641|0.0
0.0013452672207226015|0.0
0.0022196646441384068|0.0
0.00288320622258663|1.0
0.002402599620767276|1.0
0.0019790310592459875|0.0
0.002671935276965819|1.0
0.004227437896340227|1.0
0.0035682908182978887|1.0
0.003830147031123113|1.0
0.006335280555796896|1.0
0.00366115358668379|1.0
0.003975945723773479|1.0
0.004275509654156818|1.0
0.005317082147168417|1.0
0.005724858596006084|1.0
