PredictedProbability|PredictedLabel
0.0054417611468793444|1.0
0.0041100828404314164|1.0
0.0031269337899326503|1.0
0.0029811708766740797|1.0
0.0029537084062185295|1.0
0.0019440559199154495|1.0
0.0014119846951740748|0.0
0.0015248642792174182|0.0
0.0025294922567141932|1.0
0.002065631207333647|1.0
0.002011350514297106|1.0
0.003380226169057825|1.0
0.0037117654994559992|1.0
0.004547649043853571|1.0
0.003611788941007123|1.0
0.003192112455688975|1.0
0.003203395555524359|1.0
0.003100650682495503|1.0
0.002760221098250542|1.0
0.003186033165981211|1.0
0.0038623407623992953|1.0
0.0038262996734971825|1.0
0.0039295589758105275|1.0
0.004540866926950165|1.0
0.003462285779626824|1.0
0.003810192813431562|1.0
0.003999319596936457|1.0
0.004276861656145082|1.0
0.005446102993420695|1.0
0.0037893185500949248|1.0
0.003276410125088707|1.0
0.003648204010870653|1.0
0.0030873766342880467|1.0
0.002999737613379887|1.0
