PredictedProbability|PredictedLabel
0.005236613976097561|1.0
0.00503091273678181|1.0
0.0037354062434471814|1.0
0.004358543726015646|1.0
0.0039813268433541065|1.0
0.002624685147623746|1.0
0.002792489523867218|1.0
0.0038787976812470013|1.0
0.004242032713974956|1.0
0.0036832955206528043|1.0
0.005017084755039752|1.0
0.003835348003500667|1.0
0.0033058616016438057|1.0
0.0028140541643257985|1.0
0.0020226974720886706|0.0
0.0016405580805126858|0.0
0.0016462159762779078|0.0
0.0014976829390340525|0.0
0.0012345221324249615|0.0
0.0014899670766221125|0.0
0.0018063677359147759|0.0
0.002005740517011177|0.0
0.0020512414169904544|0.0
0.002285551008579631|0.0
0.0024206885943464083|1.0
