PredictedProbability|PredictedLabel
0.007864741284808062|1.0
0.007525156894790761|1.0
0.006122824005299419|1.0
0.005986650083536285|1.0
0.006612405092813927|1.0
0.00762730937348997|1.0
0.005873102544322123|1.0
0.005532105503556427|1.0
0.006961687346088204|1.0
0.009085416015345937|1.0
0.006937282053760716|1.0
0.008417659188942758|1.0
0.00730662395361122|1.0
0.007080146952521977|1.0
0.007407495101954283|1.0
0.006839717892003549|1.0
0.007102597642530772|1.0
0.005949829279778871|1.0
0.006352852172630922|1.0
0.005207030112196495|1.0
0.004900694055927145|1.0
0.006702340194462387|1.0
0.007089626799054804|1.0
0.004659493755230949|1.0
0.00425475576334617|1.0
0.006196877093059015|1.0
0.006107449009102419|1.0
0.0032186241478026458|1.0
0.003193802287917091|1.0
0.00469276224870177|1.0
0.006161987556091935|1.0
0.005430182825465351|1.0
0.004209042813970186|1.0
0.006141092138745505|1.0
0.005944515242951226|1.0
0.0068197511399389924|1.0
0.0048037112068603244|1.0
0.004783006844528215|1.0
0.005996240259925068|1.0
0.005767403948908725|1.0
0.004680915041355408|1.0
0.004788751077029928|1.0
0.0030327583389609383|1.0
0.002754040315534846|1.0
0.0043170590149385285|1.0
0.004678929896060362|1.0
0.00364453598025967|1.0
