PredictedProbability|PredictedLabel
0.008359612857663413|1.0
0.007974122486894343|1.0
0.007296226698394026|1.0
0.007360556690817287|1.0
0.006173652034186839|1.0
0.005209475811065347|1.0
0.006589389903780688|1.0
0.006036537523116399|1.0
0.006097539262413256|1.0
0.005995572188678286|1.0
0.006552826509232345|1.0
0.0055260413234833935|1.0
0.006237800575700589|1.0
0.006139137083618464|1.0
0.005846179005098522|1.0
0.005856666069107025|1.0
0.0056212336058588785|1.0
0.006119694142562815|1.0
0.0063864419261561636|1.0
0.006714183864363082|1.0
0.006389759059544905|1.0
0.005999147878788838|1.0
0.005939711993954459|1.0
0.006718981814246511|1.0
0.0054612818860825104|1.0
0.0066626514308836685|1.0
0.007541490950335496|1.0
0.007815216503911196|1.0
0.0076822551921240725|1.0
0.006740041381456661|1.0
0.006501397522112478|1.0
