PredictedProbability|PredictedLabel
0.01002572129591537|1.0
0.01014271064338815|1.0
0.008847595288369065|1.0
0.008188083950922746|1.0
0.00820497905769705|1.0
0.007463495561009977|1.0
0.00520600020914129|1.0
0.004848310803716212|1.0
0.006865770149350316|1.0
0.008736258177550317|1.0
0.010942698237576426|1.0
0.007933599207593298|1.0
0.006862522484899714|1.0
0.006991426683260187|1.0
0.005502893045707819|1.0
0.005803134696172274|1.0
0.004614579327636945|1.0
0.005484332219812146|1.0
0.004106591433093284|1.0
0.00563059094399338|1.0
0.006780658022840136|1.0
0.00516853932490169|1.0
