PredictedProbability|PredictedLabel
0.005021291584321324|1.0
0.005058082639455646|1.0
0.00479966915839338|1.0
0.004635020850156736|1.0
0.005321750556121079|1.0
0.00476375924788405|1.0
0.004478282820419973|1.0
0.004357299089352444|1.0
0.0050997860161863025|1.0
0.0037292164624263173|1.0
0.003322100062618841|1.0
0.004058228953051049|1.0
0.0034473241324031604|1.0
0.0030675372793256025|1.0
0.0017473579053139691|0.0
0.001927920006819133|1.0
0.0022504692357170463|1.0
0.0023261291061116222|1.0
0.001976970828136551|1.0
0.0023887578522424793|1.0
0.004494092408671076|1.0
0.004058518595765582|1.0
0.0034630710933089186|1.0
0.003823013249898488|1.0
0.004437788561375077|1.0
0.004680189602253449|1.0
0.005789129993257658|1.0
0.004390044356153493|1.0
0.0043752133546263615|1.0
0.004521662791324185|1.0
0.00489694822969849|1.0
0.004022452357435832|1.0
0.003804743201662708|1.0
0.0038425172568383003|1.0
0.004319603282131142|1.0
0.0036944621746648884|1.0
0.004746993658944878|1.0
0.0045890778995825885|1.0
0.004212600549787196|1.0
0.004734033335529531|1.0
0.003958146120804634|1.0
0.0038794551158724063|1.0
0.003722897112820486|1.0
0.004263344643972252|1.0
0.0036566749039699895|1.0
0.003389244232438877|1.0
0.0037223221805244102|1.0
0.0037691110107188675|1.0
0.0035436544167394292|1.0
0.003775559359994216|1.0
0.0037960261648986113|1.0
0.004077533186631789|1.0
0.003589936663543959|1.0
0.0035403178165908955|1.0
0.003987162489991122|1.0
0.004437130259712648|1.0
