PredictedProbability|PredictedLabel
0.005891931738635262|1.0
0.00432783651650664|1.0
0.004264904007776865|1.0
0.002711422697766508|1.0
0.0024190121376454635|1.0
0.00351252071180057|1.0
0.0021369753758176666|0.0
0.002328959175945035|1.0
0.0024137376645450024|1.0
0.0029259197038270903|1.0
0.005060425035765499|1.0
0.0033502795922238566|1.0
0.0028247694163545407|1.0
0.003333678849395193|1.0
0.004144450034369188|1.0
0.0047945581059313696|1.0
0.00473434477881551|1.0
0.003961761640926392|1.0
0.005575149476435207|1.0
0.005133186411521959|1.0
0.00487847119476017|1.0
0.003625283782593321|1.0
0.0022147563568659773|0.0
0.002460574390564626|1.0
0.0020615990526518446|0.0
0.0014452123253842837|0.0
0.0021653988629339337|0.0
0.0019803990302415934|0.0
0.002078225620690989|0.0
0.0025901348760679157|1.0
