PredictedProbability|PredictedLabel
0.008026246937864658|1.0
0.00553828507968735|1.0
0.003718634036129899|1.0
0.0019080194694293313|0.0
0.0013639045830964888|0.0
0.0015391047495865056|0.0
0.001598050177579723|0.0
0.002362255021423033|1.0
0.0028817488306928803|1.0
0.003719939780232278|1.0
0.003246533438200405|1.0
0.00360405280602841|1.0
0.0021949033444596754|0.0
0.002138046859112134|0.0
0.0017009633865477515|0.0
0.001014051376477748|0.0
0.0021820134622241583|0.0
0.002128488452551215|0.0
0.002353206589713042|1.0
0.00313687167720637|1.0
0.002891697918928063|1.0
0.005350535429074028|1.0
0.0039886794816686635|1.0
0.004013797910817638|1.0
0.004249365405946721|1.0
0.0037970092573532933|1.0
0.005131757696537164|1.0
0.005973507427744471|1.0
0.007232032771187491|1.0
0.003934426174923949|1.0
0.004033773355307298|1.0
0.005670415378201977|1.0
0.005089076082696445|1.0
0.003841143220865441|1.0
0.004289991881425333|1.0
0.0034090169134313136|1.0
0.00276444755994701|1.0
0.0026337092164971736|1.0
0.002087106544935671|0.0
0.0012128296014994175|0.0
