PredictedProbability|PredictedLabel
0.007585278420120178|1.0
0.0059612805886281916|1.0
0.005971217172454748|1.0
0.005625338358421765|1.0
0.005056267871965477|1.0
0.005702475159514394|1.0
0.0036978530511788494|1.0
0.003662006226948085|1.0
0.0029179548597063217|1.0
0.00290743182099002|1.0
0.0034236765075478575|1.0
0.0050338113227352795|1.0
0.007311915083372039|1.0
0.007034723649326151|1.0
0.005793118437037243|1.0
0.004873648887297548|1.0
0.004475242891710147|1.0
0.0047356598920568595|1.0
0.004862774954534727|1.0
0.00568165191438567|1.0
0.0055131922142930105|1.0
0.006931099075053031|1.0
0.007148825531190637|1.0
0.0073036611280855104|1.0
0.0070131390587236135|1.0
0.007273839566088383|1.0
0.00489631110963206|1.0
0.0059796712567038186|1.0
0.005821708815403775|1.0
0.005976143288414117|1.0
0.005176230542378647|1.0
0.00566517505662845|1.0
0.0051831992813323674|1.0
0.005409864632264105|1.0
0.004902145095232743|1.0
0.0017799955238673034|0.0
0.001516873050595269|0.0
0.0024283139621866985|1.0
0.0024764739856681615|1.0
0.0020519029586811583|1.0
0.0026342007718736767|1.0
0.0061346024638142295|1.0
