PredictedProbability|PredictedLabel
0.009996477678963998|1.0
0.010013147484158305|1.0
0.009357460854015953|1.0
0.009529803102039073|1.0
0.008830919956125149|1.0
0.009262978412689412|1.0
0.008225777129955583|1.0
0.00844757878077548|1.0
0.007131442851998713|1.0
0.008069268772867979|1.0
0.006757509740904569|1.0
0.007854073009763462|1.0
0.007232163645191799|1.0
0.009593060582570366|1.0
0.009225223337345588|1.0
0.008713040642297979|1.0
0.01011278693228311|1.0
0.010323767227663238|1.0
0.009824114434992984|1.0
0.00985232191855055|1.0
0.010081712395282714|1.0
