PredictedProbability|PredictedLabel
0.44258873173152813|0.0
0.44258873173152813|0.0
0.4033934826846082|0.0
0.41705569391282615|0.0
0.4906406648887668|0.0
0.48332674819283905|0.0
0.48459551521179495|0.0
0.4050455498765566|0.0
0.4328575239998891|0.0
0.4033934826846082|0.0
0.4050455498765566|0.0
0.41705569391282615|0.0
0.41705569391282615|0.0
0.4033934826846082|0.0
0.4033934826846082|0.0
0.4033934826846082|0.0
0.4328575239998891|0.0
0.4154036267208777|0.0
0.4154036267208777|0.0
0.4033934826846082|0.0
